TimeInc,Intensity
0.5,0.6000000000000002
0.50167,0.601336
0.5033399999999999,0.6026720000000001
0.5050099999999998,0.6040080000000001
0.5066799999999998,0.605344
0.5083499999999997,0.6066799999999999
0.5100199999999997,0.6080159999999999
0.5116899999999996,0.609352
0.5133599999999996,0.6106879999999999
0.5150299999999995,0.6120239999999997
0.5166999999999995,0.6133599999999998
0.5183699999999994,0.6146959999999998
0.5200399999999994,0.6160319999999997
0.5217099999999993,0.6173679999999995
0.5233799999999993,0.6187039999999996
0.5250499999999992,0.6200399999999997
0.5267199999999992,0.6213759999999995
0.5283899999999991,0.6227119999999994
0.5300599999999991,0.6240479999999995
0.531729999999999,0.6253839999999995
0.533399999999999,0.6267199999999994
0.5350699999999989,0.6280559999999992
0.5367399999999989,0.6293919999999993
0.5384099999999988,0.6307279999999993
0.5400799999999988,0.6320639999999992
0.5417499999999987,0.6333999999999991
0.5434199999999987,0.6347359999999991
0.5450899999999986,0.6360719999999992
0.5467599999999986,0.6374079999999991
0.5484299999999985,0.6387439999999989
0.5500999999999985,0.640079999999999
0.5517699999999984,0.641415999999999
0.5534399999999984,0.6427519999999989
0.5551099999999983,0.6440879999999987
0.5567799999999983,0.6454239999999988
0.5584499999999982,0.6467599999999989
0.5601199999999982,0.6480959999999987
0.5617899999999981,0.6494319999999986
0.5634599999999981,0.6507679999999987
0.565129999999998,0.6521039999999987
0.566799999999998,0.6534399999999986
0.5684699999999979,0.6547759999999984
0.5701399999999979,0.6561119999999985
0.5718099999999978,0.6574479999999985
0.5734799999999978,0.6587839999999984
0.5751499999999977,0.6601199999999983
0.5768199999999977,0.6614559999999983
0.5784899999999976,0.6627919999999984
0.5801599999999976,0.6641279999999983
0.5818299999999975,0.6654639999999981
0.5834999999999975,0.6667999999999982
0.5851699999999974,0.6681359999999982
0.5868399999999974,0.6694719999999981
0.5885099999999973,0.6708079999999979
0.5901799999999973,0.672143999999998
0.5918499999999972,0.6734799999999981
0.5935199999999972,0.6748159999999979
0.5951899999999971,0.6761519999999978
0.5968599999999971,0.6774879999999979
0.598529999999997,0.6788239999999979
0.600199999999997,0.6801599999999978
0.6018699999999969,0.6814959999999975
0.6035399999999969,0.6828319999999977
0.6052099999999968,0.6841679999999977
0.6068799999999968,0.6855039999999976
0.6085499999999967,0.6868399999999975
0.6102199999999967,0.6881759999999975
0.6118899999999966,0.6895119999999976
0.6135599999999966,0.6908479999999975
0.6152299999999965,0.6921839999999972
0.6168999999999965,0.6935199999999974
0.6185699999999964,0.6948559999999974
0.6202399999999963,0.6961919999999973
0.6219099999999963,0.697527999999997
0.6235799999999962,0.6988639999999972
0.6252499999999962,0.7001999999999973
0.6269199999999961,0.701535999999997
0.6285899999999961,0.7028719999999969
0.630259999999996,0.7042079999999971
0.631929999999996,0.7055439999999971
0.6335999999999959,0.706879999999997
0.6352699999999959,0.7082159999999967
0.6369399999999958,0.7095519999999969
0.6386099999999958,0.7108879999999969
0.6402799999999957,0.7122239999999967
0.6419499999999957,0.7135599999999966
0.6436199999999956,0.7148959999999966
0.6452899999999956,0.7162319999999968
0.6469599999999955,0.7175679999999967
0.6486299999999955,0.7189039999999964
0.6502999999999954,0.7202399999999965
0.6519699999999954,0.7215759999999966
0.6536399999999953,0.7229119999999963
0.6553099999999953,0.7242479999999962
0.6569799999999952,0.7255839999999962
0.6586499999999952,0.7269199999999963
0.6603199999999951,0.7282559999999961
0.6619899999999951,0.729591999999996
0.663659999999995,0.730927999999996
0.665329999999995,0.7322639999999961
0.6669999999999949,0.733599999999996
0.6686699999999949,0.7349359999999958
0.6703399999999948,0.7362719999999959
0.6720099999999948,0.737607999999996
0.6736799999999947,0.7389439999999958
0.6753499999999947,0.7402799999999957
0.6770199999999946,0.7416159999999957
0.6786899999999946,0.7429519999999958
0.6803599999999945,0.7442879999999956
0.6820299999999945,0.7456239999999955
0.6836999999999944,0.7469599999999956
0.6853699999999944,0.7482959999999956
0.6870399999999943,0.7496319999999955
0.6887099999999943,0.7509679999999954
0.6903799999999942,0.7523039999999954
0.6920499999999942,0.7536399999999955
0.6937199999999941,0.7549759999999953
0.6953899999999941,0.7563119999999952
0.697059999999994,0.7576479999999952
0.698729999999994,0.7589839999999953
0.7003999999999939,0.7603199999999952
0.7020699999999939,0.761655999999995
0.7037399999999938,0.7629919999999951
0.7054099999999938,0.7643279999999952
0.7070799999999937,0.765663999999995
0.7087499999999937,0.7669999999999949
0.7104199999999936,0.7683359999999949
0.7120899999999936,0.769671999999995
0.7137599999999935,0.7710079999999948
0.7154299999999935,0.7723439999999947
0.7170999999999934,0.7736799999999948
0.7187699999999934,0.7750159999999948
0.7204399999999933,0.7763519999999947
0.7221099999999933,0.7776879999999946
0.7237799999999932,0.7790239999999946
0.7254499999999932,0.7803599999999947
0.7271199999999931,0.7816959999999945
0.728789999999993,0.7830319999999944
0.730459999999993,0.7843679999999944
0.732129999999993,0.7857039999999945
0.7337999999999929,0.7870399999999944
0.7354699999999929,0.7883759999999942
0.7371399999999928,0.7897119999999943
0.7388099999999928,0.7910479999999944
0.7404799999999927,0.7923839999999942
0.7421499999999926,0.7937199999999941
0.7438199999999926,0.7950559999999941
0.7454899999999925,0.7963919999999942
0.7471599999999925,0.797727999999994
0.7488299999999924,0.7990639999999938
0.7504999999999924,0.8003999999999939
0.7521699999999923,0.8017359999999939
0.7538399999999923,0.8030719999999938
0.7555099999999922,0.8044079999999936
0.7571799999999922,0.8057439999999937
0.7588499999999921,0.8070799999999938
0.7605199999999921,0.8084159999999936
0.762189999999992,0.8097519999999935
0.763859999999992,0.8110879999999936
0.7655299999999919,0.8124239999999936
0.7671999999999919,0.8137599999999935
0.7688699999999918,0.8150959999999933
0.7705399999999918,0.8164319999999934
0.7722099999999917,0.8177679999999934
0.7738799999999917,0.8191039999999933
0.7755499999999916,0.8204399999999932
0.7772199999999916,0.8217759999999932
0.7788899999999915,0.8231119999999933
0.7805599999999915,0.8244479999999932
0.7822299999999914,0.825783999999993
0.7838999999999914,0.8271199999999931
0.7855699999999913,0.8284559999999931
0.7872399999999913,0.829791999999993
0.7889099999999912,0.8311279999999928
0.7905799999999912,0.8324639999999929
0.7922499999999911,0.833799999999993
0.7939199999999911,0.8351359999999928
0.795589999999991,0.8364719999999927
0.797259999999991,0.8378079999999928
0.7989299999999909,0.8391439999999928
0.8005999999999909,0.8404799999999927
0.8022699999999908,0.8418159999999925
0.8039399999999908,0.8431519999999926
0.8056099999999907,0.8444879999999926
0.8072799999999907,0.8458239999999925
0.8089499999999906,0.8471599999999924
0.8106199999999906,0.8484959999999924
0.8122899999999905,0.8498319999999925
0.8139599999999905,0.8511679999999924
0.8156299999999904,0.8525039999999922
0.8172999999999904,0.8538399999999923
0.8189699999999903,0.8551759999999924
0.8206399999999903,0.8565119999999922
0.8223099999999902,0.857847999999992
0.8239799999999902,0.8591839999999921
0.8256499999999901,0.8605199999999922
0.8273199999999901,0.861855999999992
0.82898999999999,0.8631919999999919
0.83065999999999,0.864527999999992
0.8323299999999899,0.865863999999992
0.8339999999999899,0.8671999999999919
0.8356699999999898,0.8685359999999918
0.8373399999999898,0.8698719999999918
0.8390099999999897,0.8712079999999918
0.8406799999999897,0.8725439999999917
0.8423499999999896,0.8738799999999916
0.8440199999999896,0.8752159999999916
0.8456899999999895,0.8765519999999917
0.8473599999999895,0.8778879999999916
0.8490299999999894,0.8792239999999913
0.8506999999999894,0.8805599999999915
0.8523699999999893,0.8818959999999916
0.8540399999999893,0.8832319999999914
0.8557099999999892,0.8845679999999911
0.8573799999999892,0.8859039999999913
0.8590499999999891,0.8872399999999914
0.860719999999989,0.8885759999999912
0.862389999999989,0.889911999999991
0.864059999999989,0.8912479999999912
0.8657299999999889,0.8925839999999912
0.8673999999999888,0.893919999999991
0.8690699999999888,0.895255999999991
0.8707399999999887,0.896591999999991
0.8724099999999887,0.897927999999991
0.8740799999999886,0.8992639999999908
0.8757499999999886,0.9005999999999907
0.8774199999999885,0.9019359999999907
0.8790899999999885,0.9032719999999909
0.8807599999999884,0.9046079999999908
0.8824299999999884,0.9059439999999905
0.8840999999999883,0.9072799999999906
0.8857699999999883,0.9086159999999907
0.8874399999999882,0.9099519999999905
0.8891099999999882,0.9112879999999903
0.8907799999999881,0.9126239999999904
0.8924499999999881,0.9139599999999906
0.894119999999988,0.9152959999999903
0.895789999999988,0.9166319999999902
0.8974599999999879,0.9179679999999903
0.8991299999999879,0.9193039999999904
0.9007999999999878,0.9206399999999902
0.9024699999999878,0.92197599999999
0.9041399999999877,0.9233119999999901
0.9058099999999877,0.9246479999999901
0.9074799999999876,0.92598399999999
0.9091499999999876,0.9273199999999899
0.9108199999999875,0.9286559999999899
0.9124899999999875,0.92999199999999
0.9141599999999874,0.9313279999999899
0.9158299999999874,0.9326639999999897
0.9174999999999873,0.9339999999999898
0.9191699999999873,0.9353359999999898
0.9208399999999872,0.9366719999999897
0.9225099999999872,0.9380079999999895
0.9241799999999871,0.9393439999999896
0.9258499999999871,0.9406799999999897
0.927519999999987,0.9420159999999895
0.929189999999987,0.9433519999999894
0.9308599999999869,0.9446879999999895
0.9325299999999869,0.9460239999999895
0.9341999999999868,0.9473599999999894
0.9358699999999868,0.9486959999999892
0.9375399999999867,0.9500319999999893
0.9392099999999867,0.9513679999999893
0.9408799999999866,0.9527039999999892
0.9425499999999866,0.9540399999999891
0.9442199999999865,0.9553759999999891
0.9458899999999865,0.9567119999999892
0.9475599999999864,0.9580479999999891
0.9492299999999864,0.9593839999999889
0.9508999999999863,0.960719999999989
0.9525699999999863,0.962055999999989
0.9542399999999862,0.9633919999999889
0.9559099999999862,0.9647279999999887
0.9575799999999861,0.9660639999999888
0.9592499999999861,0.9673999999999889
0.960919999999986,0.9687359999999887
0.962589999999986,0.9700719999999886
0.9642599999999859,0.9714079999999887
0.9659299999999859,0.9727439999999887
0.9675999999999858,0.9740799999999886
0.9692699999999858,0.9754159999999884
0.9709399999999857,0.9767519999999885
0.9726099999999857,0.9780879999999885
0.9742799999999856,0.9794239999999884
0.9759499999999856,0.9807599999999883
0.9776199999999855,0.9820959999999883
0.9792899999999854,0.9834319999999884
0.9809599999999854,0.9847679999999883
0.9826299999999853,0.9861039999999881
0.9842999999999853,0.9874399999999882
0.9859699999999852,0.9887759999999882
0.9876399999999852,0.9901119999999881
0.9893099999999851,0.9914479999999879
0.9909799999999851,0.992783999999988
0.992649999999985,0.9941199999999881
0.994319999999985,0.9954559999999879
0.9959899999999849,0.9967919999999878
0.9976599999999849,0.9981279999999879
0.9993299999999848,0.9994639999999879
1.0009999999999848,1.0004007782101105
1.0026699999999849,1.0010700778210055
1.004339999999985,1.0017393774319006
1.006009999999985,1.0024086770427953
1.007679999999985,1.0030779766536904
1.009349999999985,1.0037472762645854
1.0110199999999852,1.0044165758754804
1.0126899999999852,1.0050858754863754
1.0143599999999853,1.0057551750972702
1.0160299999999853,1.0064244747081652
1.0176999999999854,1.0070937743190602
1.0193699999999855,1.0077630739299552
1.0210399999999855,1.0084323735408502
1.0227099999999856,1.009101673151745
1.0243799999999856,1.00977097276264
1.0260499999999857,1.010440272373535
1.0277199999999858,1.01110957198443
1.0293899999999858,1.0117788715953249
1.0310599999999859,1.0124481712062199
1.032729999999986,1.013117470817115
1.034399999999986,1.01378677042801
1.036069999999986,1.014456070038905
1.0377399999999861,1.0151253696497997
1.0394099999999862,1.0157946692606947
1.0410799999999862,1.0164639688715897
1.0427499999999863,1.0171332684824848
1.0444199999999864,1.0178025680933798
1.0460899999999864,1.0184718677042746
1.0477599999999865,1.0191411673151696
1.0494299999999865,1.0198104669260646
1.0510999999999866,1.0204797665369596
1.0527699999999867,1.0211490661478546
1.0544399999999867,1.0218183657587492
1.0561099999999868,1.0224876653696442
1.0577799999999868,1.0231569649805392
1.059449999999987,1.0238262645914342
1.061119999999987,1.0244955642023292
1.062789999999987,1.0251648638132242
1.064459999999987,1.0258341634241193
1.0661299999999871,1.0265034630350143
1.0677999999999872,1.0271727626459093
1.0694699999999873,1.0278420622568039
1.0711399999999873,1.0285113618676989
1.0728099999999874,1.0291806614785939
1.0744799999999874,1.029849961089489
1.0761499999999875,1.030519260700384
1.0778199999999876,1.031188560311279
1.0794899999999876,1.031857859922174
1.0811599999999877,1.032527159533069
1.0828299999999877,1.0331964591439635
1.0844999999999878,1.0338657587548585
1.0861699999999879,1.0345350583657535
1.087839999999988,1.0352043579766486
1.089509999999988,1.0358736575875436
1.091179999999988,1.0365429571984386
1.092849999999988,1.0372122568093336
1.0945199999999882,1.0378815564202286
1.0961899999999882,1.0385508560311236
1.0978599999999883,1.0392201556420182
1.0995299999999884,1.0398894552529132
1.1011999999999884,1.0405587548638082
1.1028699999999885,1.0412280544747032
1.1045399999999885,1.0418973540855982
1.1062099999999886,1.0425666536964933
1.1078799999999887,1.0432359533073883
1.1095499999999887,1.0439052529182833
1.1112199999999888,1.0445745525291779
1.1128899999999888,1.0452438521400729
1.114559999999989,1.0459131517509679
1.116229999999989,1.046582451361863
1.117899999999989,1.047251750972758
1.119569999999989,1.047921050583653
1.1212399999999891,1.048590350194548
1.1229099999999892,1.049259649805443
1.1245799999999893,1.049928949416338
1.1262499999999893,1.0505982490272325
1.1279199999999894,1.0512675486381275
1.1295899999999894,1.0519368482490226
1.1312599999999895,1.0526061478599176
1.1329299999999896,1.0532754474708126
1.1345999999999896,1.0539447470817076
1.1362699999999897,1.0546140466926026
1.1379399999999897,1.0552833463034976
1.1396099999999898,1.0559526459143922
1.1412799999999899,1.0566219455252872
1.14294999999999,1.0572912451361822
1.14461999999999,1.0579605447470772
1.14628999999999,1.0586298443579722
1.14795999999999,1.0592991439688673
1.1496299999999902,1.0599684435797623
1.1512999999999902,1.0606377431906573
1.1529699999999903,1.0613070428015523
1.1546399999999903,1.0619763424124469
1.1563099999999904,1.0626456420233419
1.1579799999999905,1.063314941634237
1.1596499999999905,1.063984241245132
1.1613199999999906,1.064653540856027
1.1629899999999906,1.065322840466922
1.1646599999999907,1.065992140077817
1.1663299999999908,1.066661439688712
1.1679999999999908,1.067330739299607
1.1696699999999909,1.068000038910502
1.171339999999991,1.0686693385213966
1.173009999999991,1.0693386381322916
1.174679999999991,1.0700079377431866
1.1763499999999911,1.0706772373540816
1.1780199999999912,1.0713465369649766
1.1796899999999912,1.0720158365758716
1.1813599999999913,1.0726851361867666
1.1830299999999914,1.0733544357976617
1.1846999999999914,1.0740237354085567
1.1863699999999915,1.0746930350194512
1.1880399999999915,1.0753623346303463
1.1897099999999916,1.0760316342412413
1.1913799999999917,1.0767009338521363
1.1930499999999917,1.0773702334630313
1.1947199999999918,1.0780395330739263
1.1963899999999918,1.0787088326848213
1.198059999999992,1.0793781322957163
1.199729999999992,1.0800474319066113
1.201399999999992,1.080716731517506
1.203069999999992,1.081386031128401
1.2047399999999922,1.082055330739296
1.2064099999999922,1.082724630350191
1.2080799999999923,1.083393929961086
1.2097499999999923,1.084063229571981
1.2114199999999924,1.084732529182876
1.2130899999999925,1.085401828793771
1.2147599999999925,1.086071128404666
1.2164299999999926,1.086740428015561
1.2180999999999926,1.0874097276264556
1.2197699999999927,1.0880790272373506
1.2214399999999928,1.0887483268482456
1.2231099999999928,1.0894176264591406
1.2247799999999929,1.0900869260700357
1.226449999999993,1.0907562256809307
1.228119999999993,1.0914255252918257
1.229789999999993,1.0920948249027207
1.2314599999999931,1.0927641245136153
1.2331299999999932,1.0934334241245103
1.2347999999999932,1.0941027237354053
1.2364699999999933,1.0947720233463003
1.2381399999999934,1.0954413229571953
1.2398099999999934,1.0961106225680903
1.2414799999999935,1.0967799221789853
1.2431499999999935,1.0974492217898804
1.2448199999999936,1.0981185214007754
1.2464899999999937,1.09878782101167
1.2481599999999937,1.099457120622565
1.2498299999999938,1.10012642023346
1.2514999999999938,1.100795719844355
1.253169999999994,1.10146501945525
1.254839999999994,1.102134319066145
1.256509999999994,1.10280361867704
1.258179999999994,1.103472918287935
1.2598499999999941,1.1041422178988296
1.2615199999999942,1.1048115175097246
1.2631899999999943,1.1054808171206196
1.2648599999999943,1.1061501167315146
1.2665299999999944,1.1068194163424097
1.2681999999999944,1.1074887159533047
1.2698699999999945,1.1081580155641997
1.2715399999999946,1.1088273151750947
1.2732099999999946,1.1094966147859897
1.2748799999999947,1.1101659143968843
1.2765499999999947,1.1108352140077793
1.2782199999999948,1.1115045136186743
1.2798899999999949,1.1121738132295693
1.281559999999995,1.1128431128404643
1.283229999999995,1.1135124124513593
1.284899999999995,1.1141817120622544
1.286569999999995,1.1148510116731494
1.2882399999999952,1.115520311284044
1.2899099999999952,1.116189610894939
1.2915799999999953,1.116858910505834
1.2932499999999953,1.117528210116729
1.2949199999999954,1.118197509727624
1.2965899999999955,1.118866809338519
1.2982599999999955,1.119536108949414
1.2999299999999956,1.120205408560309
1.3015999999999956,1.120874708171204
1.3032699999999957,1.121544007782099
1.3049399999999958,1.1222133073929936
1.3066099999999958,1.1228826070038886
1.308279999999996,1.1235519066147837
1.309949999999996,1.1242212062256787
1.311619999999996,1.1248905058365737
1.313289999999996,1.1255598054474687
1.3149599999999961,1.1262291050583637
1.3166299999999962,1.1268984046692587
1.3182999999999963,1.1275677042801537
1.3199699999999963,1.1282370038910483
1.3216399999999964,1.1289063035019433
1.3233099999999964,1.1295756031128383
1.3249799999999965,1.1302449027237333
1.3266499999999966,1.1309142023346284
1.3283199999999966,1.1315835019455234
1.3299899999999967,1.1322528015564184
1.3316599999999967,1.1329221011673134
1.3333299999999968,1.1335914007782084
1.3349999999999969,1.134260700389103
1.336669999999997,1.134929999999998
1.338339999999997,1.135599299610893
1.340009999999997,1.136268599221788
1.341679999999997,1.136937898832683
1.3433499999999972,1.137607198443578
1.3450199999999972,1.138276498054473
1.3466899999999973,1.138945797665368
1.3483599999999973,1.139615097276263
1.3500299999999974,1.140284396887158
1.3516999999999975,1.1409536964980527
1.3533699999999975,1.1416229961089477
1.3550399999999976,1.1422922957198427
1.3567099999999976,1.1429615953307377
1.3583799999999977,1.1436308949416327
1.3600499999999978,1.1443001945525277
1.3617199999999978,1.1449694941634228
1.3633899999999979,1.1456387937743178
1.365059999999998,1.1463080933852128
1.366729999999998,1.1469773929961073
1.368399999999998,1.1476466926070024
1.3700699999999981,1.1483159922178974
1.3717399999999982,1.1489852918287924
1.3734099999999982,1.1496545914396874
1.3750799999999983,1.1503238910505824
1.3767499999999984,1.1509931906614774
1.3784199999999984,1.1516624902723724
1.3800899999999985,1.1523317898832675
1.3817599999999985,1.153001089494162
1.3834299999999986,1.153670389105057
1.3850999999999987,1.154339688715952
1.3867699999999987,1.155008988326847
1.3884399999999988,1.155678287937742
1.3901099999999988,1.156347587548637
1.391779999999999,1.157016887159532
1.393449999999999,1.1576861867704271
1.395119999999999,1.1583554863813221
1.396789999999999,1.1590247859922171
1.3984599999999991,1.1596940856031117
1.4001299999999992,1.1603633852140067
1.4017999999999993,1.1610326848249017
1.4034699999999993,1.1617019844357968
1.4051399999999994,1.1623712840466918
1.4068099999999994,1.1630405836575868
1.4084799999999995,1.1637098832684818
1.4101499999999996,1.1643791828793768
1.4118199999999996,1.1650484824902718
1.4134899999999997,1.1657177821011664
1.4151599999999998,1.1663870817120614
1.4168299999999998,1.1670563813229564
1.4184999999999999,1.1677256809338514
1.42017,1.1683949805447464
1.42184,1.1690642801556415
1.42351,1.1697335797665365
1.4251800000000001,1.1704028793774315
1.4268500000000002,1.1710721789883265
1.4285200000000002,1.1717404651162786
1.4301900000000003,1.1724006976744183
1.4318600000000004,1.1730609302325576
1.4335300000000004,1.1737211627906974
1.4352000000000005,1.1743813953488367
1.4368700000000005,1.1750416279069764
1.4385400000000006,1.1757018604651157
1.4402100000000007,1.1763620930232555
1.4418800000000007,1.1770223255813952
1.4435500000000008,1.1776825581395345
1.4452200000000008,1.1783427906976742
1.446890000000001,1.1790030232558135
1.448560000000001,1.1796632558139533
1.450230000000001,1.1803234883720928
1.451900000000001,1.1809837209302323
1.4535700000000011,1.1816439534883718
1.4552400000000012,1.1823041860465113
1.4569100000000013,1.182964418604651
1.4585800000000013,1.1836246511627906
1.4602500000000014,1.18428488372093
1.4619200000000014,1.1849451162790696
1.4635900000000015,1.1856053488372091
1.4652600000000016,1.1862655813953489
1.4669300000000016,1.1869258139534884
1.4686000000000017,1.187586046511628
1.4702700000000017,1.1882462790697674
1.4719400000000018,1.188906511627907
1.4736100000000019,1.1895667441860465
1.475280000000002,1.1902269767441862
1.476950000000002,1.1908872093023257
1.478620000000002,1.1915474418604652
1.480290000000002,1.1922076744186048
1.4819600000000022,1.1928679069767443
1.4836300000000022,1.193528139534884
1.4853000000000023,1.1941883720930235
1.4869700000000023,1.194848604651163
1.4886400000000024,1.1955088372093026
1.4903100000000025,1.196169069767442
1.4919800000000025,1.1968293023255818
1.4936500000000026,1.1974895348837213
1.4953200000000026,1.1981497674418609
1.4969900000000027,1.1988100000000004
1.4986600000000028,1.19947023255814
1.5003300000000028,1.2001322568093387
1.5020000000000029,1.200801556420234
1.503670000000003,1.2014708560311291
1.505340000000003,1.202140155642024
1.507010000000003,1.2028094552529185
1.5086800000000031,1.2034787548638137
1.5103500000000032,1.204148054474709
1.5120200000000033,1.2048173540856038
1.5136900000000033,1.2054866536964983
1.5153600000000034,1.2061559533073936
1.5170300000000034,1.206825252918289
1.5187000000000035,1.2074945525291836
1.5203700000000036,1.2081638521400782
1.5220400000000036,1.2088331517509734
1.5237100000000037,1.2095024513618688
1.5253800000000037,1.2101717509727634
1.5270500000000038,1.210841050583658
1.5287200000000039,1.2115103501945532
1.530390000000004,1.2121796498054487
1.532060000000004,1.2128489494163432
1.533730000000004,1.2135182490272378
1.535400000000004,1.214187548638133
1.5370700000000042,1.2148568482490285
1.5387400000000042,1.215526147859923
1.5404100000000043,1.2161954474708176
1.5420800000000043,1.216864747081713
1.5437500000000044,1.2175340466926083
1.5454200000000045,1.218203346303503
1.5470900000000045,1.2188726459143975
1.5487600000000046,1.219541945525293
1.5504300000000046,1.2202112451361882
1.5521000000000047,1.2208805447470827
1.5537700000000048,1.2215498443579775
1.5554400000000048,1.2222191439688728
1.5571100000000049,1.222888443579768
1.558780000000005,1.2235577431906626
1.560450000000005,1.2242270428015574
1.562120000000005,1.2248963424124526
1.5637900000000051,1.2255656420233478
1.5654600000000052,1.2262349416342424
1.5671300000000052,1.2269042412451372
1.5688000000000053,1.2275735408560324
1.5704700000000054,1.2282428404669277
1.5721400000000054,1.2289121400778225
1.5738100000000055,1.2295814396887168
1.5754800000000055,1.230250739299612
1.5771500000000056,1.2309200389105077
1.5788200000000057,1.231589338521402
1.5804900000000057,1.2322586381322969
1.5821600000000058,1.232927937743192
1.5838300000000058,1.2335972373540873
1.585500000000006,1.2342665369649821
1.587170000000006,1.234935836575877
1.588840000000006,1.2356051361867721
1.590510000000006,1.2362744357976674
1.5921800000000061,1.2369437354085617
1.5938500000000062,1.2376130350194565
1.5955200000000063,1.2382823346303518
1.5971900000000063,1.238951634241247
1.5988600000000064,1.2396209338521418
1.6005300000000064,1.2402902334630366
1.6022000000000065,1.2409595330739318
1.6038700000000066,1.241628832684827
1.6055400000000066,1.2422981322957218
1.6072100000000067,1.2429674319066162
1.6088800000000067,1.2436367315175114
1.6105500000000068,1.2443060311284067
1.6122200000000069,1.2449753307393014
1.613890000000007,1.2456446303501962
1.615560000000007,1.2463139299610915
1.617230000000007,1.2469832295719867
1.6189000000000071,1.2476525291828815
1.6205700000000072,1.2483218287937758
1.6222400000000072,1.248991128404671
1.6239100000000073,1.2496604280155668
1.6255800000000074,1.250329727626461
1.6272500000000074,1.250999027237356
1.6289200000000075,1.2516683268482511
1.6305900000000075,1.2523376264591464
1.6322600000000076,1.2530069260700412
1.6339300000000077,1.253676225680936
1.6356000000000077,1.2543455252918312
1.6372700000000078,1.2550148249027264
1.6389400000000078,1.2556841245136208
1.640610000000008,1.2563534241245156
1.642280000000008,1.2570227237354108
1.643950000000008,1.257692023346306
1.645620000000008,1.2583613229572008
1.6472900000000081,1.2590306225680956
1.6489600000000082,1.2596999221789908
1.6506300000000083,1.260369221789886
1.6523000000000083,1.2610385214007809
1.6539700000000084,1.2617078210116754
1.6556400000000084,1.2623771206225705
1.6573100000000085,1.263046420233466
1.6589800000000086,1.2637157198443605
1.6606500000000086,1.2643850194552555
1.6623200000000087,1.2650543190661505
1.6639900000000087,1.265723618677046
1.6656600000000088,1.2663929182879405
1.6673300000000089,1.267062217898835
1.669000000000009,1.2677315175097301
1.670670000000009,1.268400817120626
1.672340000000009,1.2690701167315201
1.674010000000009,1.2697394163424152
1.6756800000000092,1.2704087159533102
1.6773500000000092,1.2710780155642056
1.6790200000000093,1.2717473151751002
1.6806900000000093,1.2724166147859952
1.6823600000000094,1.2730859143968902
1.6840300000000095,1.2737552140077857
1.6857000000000095,1.2744245136186798
1.6873700000000096,1.2750938132295748
1.6890400000000096,1.2757631128404698
1.6907100000000097,1.2764324124513653
1.6923800000000098,1.2771017120622599
1.6940500000000098,1.2777710116731549
1.6957200000000099,1.27844031128405
1.69739000000001,1.2791096108949453
1.69906000000001,1.27977891050584
1.70073000000001,1.2804482101167345
1.7024000000000101,1.2811175097276295
1.7040700000000102,1.281786809338525
1.7057400000000102,1.2824561089494195
1.7074100000000103,1.2831254085603145
1.7090800000000104,1.2837947081712096
1.7107500000000104,1.284464007782105
1.7124200000000105,1.2851333073929996
1.7140900000000105,1.2858026070038941
1.7157600000000106,1.2864719066147892
1.7174300000000107,1.287141206225685
1.7191000000000107,1.2878105058365792
1.7207700000000108,1.2884798054474742
1.7224400000000109,1.2891491050583692
1.724110000000011,1.2898184046692647
1.725780000000011,1.2904877042801592
1.727450000000011,1.2911570038910543
1.729120000000011,1.2918263035019493
1.7307900000000112,1.2924956031128447
1.7324600000000112,1.2931649027237389
1.7341300000000113,1.2938342023346339
1.7358000000000113,1.2945035019455289
1.7374700000000114,1.2951728015564243
1.7391400000000115,1.295842101167319
1.7408100000000115,1.296511400778214
1.7424800000000116,1.297180700389109
1.7441500000000116,1.2978500000000044
1.7458200000000117,1.298519299610899
1.7474900000000118,1.2991885992217935
1.7491600000000118,1.2998578988326888
1.7508300000000119,1.300527198443584
1.752500000000012,1.3011964980544788
1.754170000000012,1.3018657976653736
1.755840000000012,1.3025350972762688
1.7575100000000121,1.303204396887164
1.7591800000000122,1.3038736964980588
1.7608500000000122,1.3045429961089532
1.7625200000000123,1.3052122957198484
1.7641900000000124,1.305881595330744
1.7658600000000124,1.3065508949416385
1.7675300000000125,1.3072201945525332
1.7692000000000125,1.3078894941634285
1.7708700000000126,1.3085587937743237
1.7725400000000127,1.3092280933852185
1.7742100000000127,1.3098973929961133
1.7758800000000128,1.3105666926070085
1.7775500000000128,1.3112359922179038
1.779220000000013,1.3119052918287981
1.780890000000013,1.312574591439693
1.782560000000013,1.3132438910505881
1.784230000000013,1.3139131906614834
1.7859000000000131,1.3145824902723782
1.7875700000000132,1.315251789883273
1.7892400000000133,1.3159210894941682
1.7909100000000133,1.3165903891050634
1.7925800000000134,1.3172596887159582
1.7942500000000134,1.3179289883268526
1.7959200000000135,1.3185982879377478
1.7975900000000136,1.319267587548643
1.7992600000000136,1.3199368871595378
1.8009300000000137,1.3206061867704326
1.8026000000000137,1.3212754863813279
1.8042700000000138,1.321944785992223
1.8059400000000139,1.3226140856031179
1.807610000000014,1.3232833852140122
1.809280000000014,1.323952684824908
1.810950000000014,1.3246219844358031
1.812620000000014,1.3252912840466975
1.8142900000000142,1.3259605836575923
1.8159600000000142,1.3266298832684875
1.8176300000000143,1.3272991828793828
1.8193000000000144,1.3279684824902775
1.8209700000000144,1.3286377821011723
1.8226400000000145,1.3293070817120676
1.8243100000000145,1.3299763813229628
1.8259800000000146,1.3306456809338572
1.8276500000000147,1.331314980544752
1.8293200000000147,1.3319842801556472
1.8309900000000148,1.3326535797665424
1.8326600000000148,1.3333228793774372
1.834330000000015,1.333992178988332
1.836000000000015,1.3346614785992272
1.837670000000015,1.3353307782101225
1.839340000000015,1.3360000778210173
1.8410100000000151,1.3366693774319116
1.8426800000000152,1.3373386770428068
1.8443500000000153,1.3380079766537025
1.8460200000000153,1.3386772762645969
1.8476900000000154,1.3393465758754917
1.8493600000000154,1.340015875486387
1.8510300000000155,1.3406851750972821
1.8527000000000156,1.341354474708177
1.8543700000000156,1.3420237743190713
1.8560400000000157,1.342693073929967
1.8577100000000157,1.3433623735408622
1.8593800000000158,1.3440316731517565
1.8610500000000159,1.3447009727626513
1.862720000000016,1.3453702723735466
1.864390000000016,1.3460395719844418
1.866060000000016,1.3467088715953366
1.867730000000016,1.3473781712062314
1.8694000000000162,1.3480474708171266
1.8710700000000162,1.3487167704280218
1.8727400000000163,1.3493860700389162
1.8744100000000163,1.350055369649811
1.8760800000000164,1.3507246692607062
1.8777500000000165,1.3513939688716015
1.8794200000000165,1.3520632684824962
1.8810900000000166,1.352732568093391
1.8827600000000166,1.3534018677042863
1.8844300000000167,1.3540711673151815
1.8861000000000168,1.3547404669260763
1.8877700000000168,1.3554097665369707
1.8894400000000169,1.3560790661478659
1.891110000000017,1.3567483657587616
1.892780000000017,1.357417665369656
1.894450000000017,1.3580869649805507
1.8961200000000171,1.358756264591446
1.8977900000000172,1.3594255642023412
1.8994600000000172,1.360094863813236
1.9011300000000173,1.3607641634241303
1.9028000000000174,1.361433463035026
1.9044700000000174,1.3621027626459212
1.9061400000000175,1.3627720622568156
1.9078100000000175,1.3634413618677104
1.9094800000000176,1.3641106614786056
1.9111500000000177,1.3647799610895008
1.9128200000000177,1.3654492607003956
1.9144900000000178,1.3661185603112904
1.9161600000000178,1.3667878599221857
1.917830000000018,1.367457159533081
1.919500000000018,1.3681264591439757
1.921170000000018,1.36879575875487
1.922840000000018,1.3694650583657653
1.9245100000000182,1.3701343579766605
1.9261800000000182,1.3708036575875553
1.9278500000000183,1.37147295719845
1.9295200000000183,1.3721358139534952
1.9311900000000184,1.3727960465116347
1.9328600000000185,1.3734562790697742
1.9345300000000185,1.3741165116279133
1.9362000000000186,1.3747767441860532
1.9378700000000186,1.3754369767441932
1.9395400000000187,1.3760972093023323
1.9412100000000188,1.3767574418604713
1.9428800000000188,1.3774176744186113
1.9445500000000189,1.3780779069767513
1.946220000000019,1.3787381395348903
1.947890000000019,1.3793983720930298
1.949560000000019,1.3800586046511694
1.9512300000000191,1.3807188372093093
1.9529000000000192,1.3813790697674488
1.9545700000000192,1.382039302325588
1.9562400000000193,1.3826995348837279
1.9579100000000194,1.3833597674418674
1.9595800000000194,1.384020000000007
1.9612500000000195,1.384680232558146
1.9629200000000195,1.385340465116286
1.9645900000000196,1.386000697674426
1.9662600000000197,1.386660930232565
1.9679300000000197,1.3873211627907045
1.9696000000000198,1.387981395348844
1.9712700000000198,1.388641627906984
1.97294000000002,1.389301860465123
1.97461000000002,1.3899620930232626
1.97628000000002,1.3906223255814025
1.97795000000002,1.391282558139542
1.9796200000000201,1.3919427906976816
1.9812900000000202,1.3926030232558206
1.9829600000000203,1.3932632558139606
1.9846300000000203,1.3939234883721006
1.9863000000000204,1.3945837209302396
1.9879700000000204,1.3952439534883787
1.9896400000000205,1.3959041860465187
1.9913100000000206,1.3965644186046586
1.9929800000000206,1.3972246511627977
1.9946500000000207,1.3978848837209372
1.9963200000000207,1.3985451162790767
1.9979900000000208,1.3992053488372167
1.9996600000000209,1.3998655813953558
2.0013300000000207,1.3994669649805358
2.0030000000000205,1.398797665369641
2.0046700000000204,1.398128365758746
2.00634000000002,1.3974590661478512
2.00801000000002,1.3967897665369562
2.00968000000002,1.3961204669260614
2.0113500000000197,1.3954511673151666
2.0130200000000196,1.3947818677042716
2.0146900000000194,1.3941125680933768
2.0163600000000192,1.3934432684824818
2.018030000000019,1.392773968871587
2.019700000000019,1.3921046692606922
2.0213700000000188,1.3914353696497972
2.0230400000000186,1.3907660700389024
2.0247100000000184,1.3900967704280076
2.0263800000000183,1.3894274708171126
2.028050000000018,1.3887581712062178
2.029720000000018,1.3880888715953228
2.031390000000018,1.387419571984428
2.0330600000000176,1.3867502723735332
2.0347300000000175,1.3860809727626382
2.0364000000000173,1.3854116731517434
2.038070000000017,1.3847423735408484
2.039740000000017,1.3840730739299536
2.041410000000017,1.3834037743190588
2.0430800000000167,1.3827344747081638
2.0447500000000165,1.382065175097269
2.0464200000000163,1.381395875486374
2.048090000000016,1.3807265758754792
2.049760000000016,1.3800572762645844
2.051430000000016,1.3793879766536894
2.0531000000000157,1.3787186770427946
2.0547700000000155,1.3780493774318998
2.0564400000000154,1.3773800778210048
2.058110000000015,1.37671077821011
2.059780000000015,1.376041478599215
2.061450000000015,1.3753721789883202
2.0631200000000147,1.3747028793774254
2.0647900000000146,1.3740335797665304
2.0664600000000144,1.3733642801556356
2.0681300000000142,1.3726949805447406
2.069800000000014,1.3720256809338458
2.071470000000014,1.371356381322951
2.0731400000000137,1.370687081712056
2.0748100000000136,1.3700177821011612
2.0764800000000134,1.3693484824902664
2.0781500000000133,1.3686791828793714
2.079820000000013,1.3680098832684766
2.081490000000013,1.3673405836575818
2.083160000000013,1.3666712840466868
2.0848300000000126,1.366001984435792
2.0865000000000125,1.365332684824897
2.0881700000000123,1.3646633852140022
2.089840000000012,1.3639940856031074
2.091510000000012,1.3633247859922124
2.093180000000012,1.3626554863813176
2.0948500000000116,1.3619861867704228
2.0965200000000115,1.3613168871595278
2.0981900000000113,1.360647587548633
2.099860000000011,1.3599782879377382
2.101530000000011,1.3593089883268432
2.103200000000011,1.3586396887159484
2.1048700000000107,1.3579703891050534
2.1065400000000105,1.3573010894941586
2.1082100000000104,1.3566317898832638
2.10988000000001,1.3559624902723688
2.11155000000001,1.355293190661474
2.11322000000001,1.3546238910505792
2.1148900000000097,1.3539545914396842
2.1165600000000095,1.3532852918287894
2.1182300000000094,1.3526159922178946
2.119900000000009,1.3519466926069996
2.121570000000009,1.3512773929961048
2.123240000000009,1.3506080933852098
2.1249100000000087,1.349938793774315
2.1265800000000086,1.3492694941634202
2.1282500000000084,1.3486001945525252
2.1299200000000083,1.3479308949416304
2.131590000000008,1.3472615953307356
2.133260000000008,1.3465922957198406
2.1349300000000078,1.3459229961089458
2.1366000000000076,1.345253696498051
2.1382700000000074,1.344584396887156
2.1399400000000073,1.3439150972762612
2.141610000000007,1.3432457976653662
2.143280000000007,1.3425764980544714
2.144950000000007,1.3419071984435766
2.1466200000000066,1.3412378988326816
2.1482900000000065,1.3405685992217868
2.1499600000000063,1.339899299610892
2.151630000000006,1.339229999999997
2.153300000000006,1.3385607003891022
2.154970000000006,1.3378914007782072
2.1566400000000057,1.3372221011673124
2.1583100000000055,1.3365528015564176
2.1599800000000053,1.3358835019455226
2.161650000000005,1.3352142023346278
2.163320000000005,1.3345449027237328
2.164990000000005,1.333875603112838
2.1666600000000047,1.3332063035019432
2.1683300000000045,1.3325370038910482
2.1700000000000044,1.3318677042801534
2.171670000000004,1.3311984046692587
2.173340000000004,1.3305291050583636
2.175010000000004,1.3298598054474688
2.1766800000000037,1.3291905058365738
2.1783500000000036,1.328521206225679
2.1800200000000034,1.3278519066147842
2.1816900000000032,1.3271826070038892
2.183360000000003,1.3265133073929944
2.185030000000003,1.3258440077820994
2.1867000000000028,1.3251747081712046
2.1883700000000026,1.3245054085603098
2.1900400000000024,1.3238361089494148
2.1917100000000023,1.32316680933852
2.193380000000002,1.3224975097276253
2.195050000000002,1.3218282101167302
2.196720000000002,1.3211589105058354
2.1983900000000016,1.3204896108949404
2.2000600000000015,1.3198203112840456
2.2017300000000013,1.3191510116731509
2.203400000000001,1.3184817120622558
2.205070000000001,1.317812412451361
2.206740000000001,1.317143112840466
2.2084100000000007,1.3164738132295712
2.2100800000000005,1.3158045136186765
2.2117500000000003,1.3151352140077814
2.21342,1.3144659143968866
2.21509,1.3137966147859919
2.21676,1.3131273151750968
2.2184299999999997,1.312458015564202
2.2200999999999995,1.311788715953307
2.2217699999999994,1.3111194163424122
2.223439999999999,1.3104501167315175
2.225109999999999,1.3097808171206224
2.226779999999999,1.3091115175097277
2.2284499999999987,1.3084422178988329
2.2301199999999985,1.3077729182879378
2.2317899999999984,1.307103618677043
2.2334599999999982,1.3064343190661483
2.235129999999998,1.3057650194552533
2.236799999999998,1.3050957198443585
2.2384699999999977,1.3044264202334634
2.2401399999999976,1.3037571206225687
2.2418099999999974,1.3030878210116739
2.2434799999999973,1.3024185214007789
2.245149999999997,1.301749221789884
2.246819999999997,1.3010799221789893
2.2484899999999968,1.3004106225680943
2.2501599999999966,1.2997413229571995
2.2518299999999964,1.2990720233463047
2.2534999999999963,1.2984027237354097
2.255169999999996,1.2977334241245149
2.256839999999996,1.2970641245136199
2.258509999999996,1.296394824902725
2.2601799999999956,1.2957255252918303
2.2618499999999955,1.2950562256809353
2.2635199999999953,1.2943869260700405
2.265189999999995,1.2937176264591457
2.266859999999995,1.2930483268482507
2.268529999999995,1.2923790272373559
2.2701999999999947,1.291709727626461
2.2718699999999945,1.291040428015566
2.2735399999999943,1.2903711284046713
2.275209999999994,1.2897018287937763
2.276879999999994,1.2890325291828815
2.278549999999994,1.2883632295719867
2.2802199999999937,1.2876939299610917
2.2818899999999935,1.2870246303501969
2.2835599999999934,1.286355330739302
2.285229999999993,1.285686031128407
2.286899999999993,1.2850167315175123
2.288569999999993,1.2843474319066175
2.2902399999999927,1.2836781322957225
2.2919099999999926,1.2830088326848277
2.2935799999999924,1.2823395330739327
2.2952499999999922,1.2816702334630379
2.296919999999992,1.281000933852143
2.298589999999992,1.280331634241248
2.3002599999999918,1.2796623346303533
2.3019299999999916,1.2789930350194583
2.3035999999999914,1.2783237354085635
2.3052699999999913,1.2776544357976687
2.306939999999991,1.2769851361867737
2.308609999999991,1.2763158365758789
2.310279999999991,1.275646536964984
2.3119499999999906,1.274977237354089
2.3136199999999905,1.2743079377431943
2.3152899999999903,1.2736386381322993
2.31695999999999,1.2729693385214045
2.31862999999999,1.2723000389105097
2.32029999999999,1.2716307392996147
2.3219699999999897,1.2709614396887199
2.3236399999999895,1.2702921400778249
2.3253099999999893,1.26962284046693
2.326979999999989,1.2689535408560353
2.328649999999989,1.2682842412451403
2.330319999999989,1.2676149416342455
2.3319899999999887,1.2669456420233507
2.3336599999999885,1.2662763424124557
2.3353299999999884,1.2656070428015609
2.336999999999988,1.2649377431906659
2.338669999999988,1.264268443579771
2.340339999999988,1.2635991439688763
2.3420099999999877,1.2629298443579813
2.3436799999999876,1.2622605447470865
2.3453499999999874,1.2615912451361915
2.3470199999999872,1.2609219455252967
2.348689999999987,1.260252645914402
2.350359999999987,1.2595833463035069
2.3520299999999867,1.258914046692612
2.3536999999999866,1.258244747081717
2.3553699999999864,1.2575754474708223
2.3570399999999863,1.2569061478599275
2.358709999999986,1.2562368482490325
2.360379999999986,1.2555675486381377
2.3620499999999858,1.254898249027243
2.3637199999999856,1.2542289494163479
2.3653899999999854,1.253559649805453
2.3670599999999853,1.252890350194558
2.368729999999985,1.2522210505836633
2.370399999999985,1.2515517509727685
2.372069999999985,1.2508824513618735
2.3737399999999846,1.2502131517509787
2.3754099999999845,1.2495438521400837
2.3770799999999843,1.2488745525291889
2.378749999999984,1.248205252918294
2.380419999999984,1.247535953307399
2.382089999999984,1.2468666536965043
2.3837599999999837,1.2461973540856093
2.3854299999999835,1.2455280544747145
2.3870999999999833,1.2448587548638197
2.388769999999983,1.2441894552529247
2.390439999999983,1.24352015564203
2.392109999999983,1.242850856031135
2.3937799999999827,1.24218155642024
2.3954499999999825,1.2415122568093453
2.3971199999999824,1.2408429571984503
2.398789999999982,1.2401736575875555
2.400459999999982,1.2395043579766607
2.402129999999982,1.2388350583657657
2.4037999999999817,1.238165758754871
2.4054699999999816,1.2374964591439759
2.4071399999999814,1.236827159533081
2.4088099999999812,1.2361578599221863
2.410479999999981,1.2354885603112913
2.412149999999981,1.2348192607003965
2.4138199999999808,1.2341499610895017
2.4154899999999806,1.2334806614786067
2.4171599999999804,1.232811361867712
2.4188299999999803,1.2321420622568169
2.42049999999998,1.231472762645922
2.42216999999998,1.2308034630350273
2.42383999999998,1.2301341634241323
2.4255099999999796,1.2294648638132375
2.4271799999999795,1.2287955642023425
2.4288499999999793,1.2281290697674498
2.430519999999979,1.2274688372093103
2.432189999999979,1.2268086046511708
2.433859999999979,1.2261483720930313
2.4355299999999787,1.2254881395348918
2.4371999999999785,1.2248279069767525
2.4388699999999783,1.224167674418613
2.440539999999978,1.2235074418604734
2.442209999999978,1.222847209302334
2.443879999999978,1.2221869767441946
2.4455499999999777,1.2215267441860551
2.4472199999999775,1.2208665116279156
2.4488899999999774,1.220206279069776
2.450559999999977,1.2195460465116361
2.452229999999977,1.2188858139534968
2.453899999999977,1.2182255813953573
2.4555699999999767,1.2175653488372178
2.4572399999999766,1.2169051162790783
2.4589099999999764,1.2162448837209388
2.4605799999999762,1.2155846511627995
2.462249999999976,1.21492441860466
2.463919999999976,1.2142641860465204
2.4655899999999757,1.213603953488381
2.4672599999999756,1.2129437209302414
2.4689299999999754,1.212283488372102
2.4705999999999753,1.2116232558139626
2.472269999999975,1.210963023255823
2.473939999999975,1.2103027906976835
2.4756099999999748,1.209642558139544
2.4772799999999746,1.2089823255814047
2.4789499999999745,1.2083220930232652
2.4806199999999743,1.2076618604651257
2.482289999999974,1.2070016279069862
2.483959999999974,1.2063413953488467
2.485629999999974,1.2056811627907074
2.4872999999999736,1.2050209302325678
2.4889699999999735,1.2043606976744283
2.4906399999999733,1.2037004651162888
2.492309999999973,1.2030402325581493
2.493979999999973,1.20238000000001
2.495649999999973,1.2017197674418705
2.4973199999999727,1.201059534883731
2.4989899999999725,1.2003993023255914
2.5006599999999723,1.1997354863813332
2.502329999999972,1.1990661867704384
2.503999999999972,1.1983968871595436
2.505669999999972,1.1977275875486486
2.5073399999999717,1.1970582879377538
2.5090099999999715,1.196388988326859
2.5106799999999714,1.195719688715964
2.512349999999971,1.1950503891050692
2.514019999999971,1.1943810894941742
2.515689999999971,1.1937117898832794
2.5173599999999707,1.1930424902723846
2.5190299999999706,1.1923731906614896
2.5206999999999704,1.1917038910505948
2.5223699999999702,1.1910345914397
2.52403999999997,1.190365291828805
2.52570999999997,1.1896959922179102
2.5273799999999698,1.1890266926070154
2.5290499999999696,1.1883573929961204
2.5307199999999694,1.1876880933852256
2.5323899999999693,1.1870187937743306
2.534059999999969,1.1863494941634358
2.535729999999969,1.185680194552541
2.537399999999969,1.185010894941646
2.5390699999999686,1.1843415953307512
2.5407399999999685,1.1836722957198564
2.5424099999999683,1.1830029961089614
2.544079999999968,1.1823336964980666
2.545749999999968,1.1816643968871718
2.547419999999968,1.1809950972762768
2.5490899999999677,1.180325797665382
2.5507599999999675,1.179656498054487
2.5524299999999673,1.1789871984435922
2.554099999999967,1.1783178988326974
2.555769999999967,1.1776485992218024
2.557439999999967,1.1769792996109076
2.5591099999999667,1.1763100000000128
2.5607799999999665,1.1756407003891178
2.5624499999999664,1.174971400778223
2.564119999999966,1.1743021011673282
2.565789999999966,1.1736328015564332
2.567459999999966,1.1729635019455384
2.5691299999999657,1.1722942023346437
2.5707999999999656,1.1716249027237486
2.5724699999999654,1.1709556031128536
2.5741399999999652,1.170286303501959
2.575809999999965,1.169617003891064
2.577479999999965,1.168947704280169
2.5791499999999647,1.1682784046692745
2.5808199999999646,1.1676091050583794
2.5824899999999644,1.1669398054474844
2.5841599999999643,1.1662705058365899
2.585829999999964,1.1656012062256949
2.587499999999964,1.1649319066147998
2.589169999999964,1.1642626070039048
2.5908399999999636,1.1635933073930103
2.5925099999999635,1.1629240077821152
2.5941799999999633,1.1622547081712202
2.595849999999963,1.1615854085603257
2.597519999999963,1.1609161089494306
2.599189999999963,1.1602468093385356
2.6008599999999626,1.159577509727641
2.6025299999999625,1.158908210116746
2.6041999999999623,1.158238910505851
2.605869999999962,1.1575696108949565
2.607539999999962,1.1569003112840615
2.609209999999962,1.1562310116731664
2.6108799999999617,1.1555617120622714
2.6125499999999615,1.1548924124513769
2.6142199999999614,1.1542231128404818
2.615889999999961,1.1535538132295868
2.617559999999961,1.1528845136186923
2.619229999999961,1.1522152140077973
2.6208999999999607,1.1515459143969022
2.6225699999999605,1.1508766147860077
2.6242399999999604,1.1502073151751127
2.62590999999996,1.1495380155642176
2.62757999999996,1.1488687159533226
2.62924999999996,1.148199416342428
2.6309199999999597,1.147530116731533
2.6325899999999596,1.146860817120638
2.6342599999999594,1.1461915175097435
2.6359299999999593,1.1455222178988484
2.637599999999959,1.1448529182879534
2.639269999999959,1.1441836186770589
2.6409399999999588,1.1435143190661639
2.6426099999999586,1.1428450194552688
2.6442799999999584,1.1421757198443743
2.6459499999999583,1.1415064202334793
2.647619999999958,1.1408371206225842
2.649289999999958,1.1401678210116892
2.650959999999958,1.1394985214007947
2.6526299999999576,1.1388292217898996
2.6542999999999575,1.1381599221790046
2.6559699999999573,1.13749062256811
2.657639999999957,1.136821322957215
2.659309999999957,1.13615202334632
2.660979999999957,1.1354827237354255
2.6626499999999567,1.1348134241245305
2.6643199999999565,1.1341441245136354
2.6659899999999563,1.1334748249027409
2.667659999999956,1.1328055252918459
2.669329999999956,1.1321362256809508
2.670999999999956,1.1314669260700558
2.6726699999999557,1.1307976264591613
2.6743399999999555,1.1301283268482663
2.6760099999999554,1.1294590272373712
2.677679999999955,1.1287897276264767
2.679349999999955,1.1281204280155817
2.681019999999955,1.1274511284046866
2.6826899999999547,1.126781828793792
2.6843599999999546,1.126112529182897
2.6860299999999544,1.125443229572002
2.6876999999999542,1.1247739299611075
2.689369999999954,1.1241046303502125
2.691039999999954,1.1234353307393175
2.6927099999999538,1.1227660311284224
2.6943799999999536,1.1220967315175279
2.6960499999999534,1.1214274319066329
2.6977199999999533,1.1207581322957378
2.699389999999953,1.1200888326848433
2.701059999999953,1.1194195330739483
2.702729999999953,1.1187502334630532
2.7043999999999526,1.1180809338521587
2.7060699999999525,1.1174116342412637
2.7077399999999523,1.1167423346303686
2.709409999999952,1.116073035019474
2.711079999999952,1.115403735408579
2.712749999999952,1.114734435797684
2.7144199999999516,1.114065136186789
2.7160899999999515,1.1133958365758945
2.7177599999999513,1.1127265369649995
2.719429999999951,1.1120572373541044
2.721099999999951,1.1113879377432099
2.722769999999951,1.1107186381323149
2.7244399999999507,1.1100493385214198
2.7261099999999505,1.1093800389105253
2.7277799999999504,1.1087107392996303
2.72944999999995,1.1080414396887353
2.73111999999995,1.1073721400778407
2.73278999999995,1.1067028404669457
2.7344599999999497,1.1060335408560507
2.7361299999999495,1.1053642412451556
2.7377999999999494,1.104694941634261
2.7394699999999492,1.104025642023366
2.741139999999949,1.103356342412471
2.742809999999949,1.1026870428015765
2.7444799999999487,1.1020177431906815
2.7461499999999486,1.1013484435797865
2.7478199999999484,1.1006791439688919
2.7494899999999483,1.1000098443579969
2.751159999999948,1.0993405447471019
2.752829999999948,1.0986712451362073
2.7544999999999478,1.0980019455253123
2.7561699999999476,1.0973326459144173
2.7578399999999474,1.0966633463035222
2.7595099999999473,1.0959940466926277
2.761179999999947,1.0953247470817327
2.762849999999947,1.0946554474708377
2.764519999999947,1.093986147859943
2.7661899999999466,1.093316848249048
2.7678599999999465,1.092647548638153
2.7695299999999463,1.0919782490272585
2.771199999999946,1.0913089494163635
2.772869999999946,1.0906396498054685
2.774539999999946,1.089970350194574
2.7762099999999457,1.0893010505836789
2.7778799999999455,1.0886317509727839
2.7795499999999453,1.0879624513618888
2.781219999999945,1.0872931517509943
2.782889999999945,1.0866238521400993
2.784559999999945,1.0859545525292043
2.7862299999999447,1.0852852529183097
2.7878999999999445,1.0846159533074147
2.7895699999999444,1.0839466536965197
2.791239999999944,1.083277354085625
2.792909999999944,1.08260805447473
2.794579999999944,1.081938754863835
2.7962499999999437,1.0812694552529405
2.7979199999999436,1.0806001556420455
2.7995899999999434,1.0799308560311505
2.8012599999999432,1.0792615564202555
2.802929999999943,1.0785922568093609
2.804599999999943,1.0779229571984659
2.8062699999999428,1.0772536575875709
2.8079399999999426,1.0765843579766763
2.8096099999999424,1.0759150583657813
2.8112799999999423,1.0752457587548863
2.812949999999942,1.0745764591439917
2.814619999999942,1.0739071595330967
2.816289999999942,1.0732378599222017
2.8179599999999416,1.072568560311307
2.8196299999999415,1.071899260700412
2.8212999999999413,1.071229961089517
2.822969999999941,1.070560661478622
2.824639999999941,1.0698913618677275
2.826309999999941,1.0692220622568325
2.8279799999999407,1.0685527626459375
2.8296499999999405,1.067883463035043
2.8313199999999403,1.0672141634241479
2.83298999999994,1.0665448638132529
2.83465999999994,1.0658755642023583
2.83632999999994,1.0652062645914633
2.8379999999999397,1.0645369649805683
2.8396699999999395,1.0638676653696733
2.8413399999999394,1.0631983657587787
2.843009999999939,1.0625290661478837
2.844679999999939,1.0618597665369887
2.846349999999939,1.061190466926094
2.8480199999999387,1.060521167315199
2.8496899999999385,1.059851867704304
2.8513599999999384,1.0591825680934095
2.8530299999999382,1.0585132684825145
2.854699999999938,1.0578439688716195
2.856369999999938,1.057174669260725
2.8580399999999377,1.0565053696498299
2.8597099999999376,1.0558360700389349
2.8613799999999374,1.0551667704280399
2.8630499999999373,1.0544974708171453
2.864719999999937,1.0538281712062503
2.866389999999937,1.0531588715953553
2.8680599999999368,1.0524895719844607
2.8697299999999366,1.0518202723735657
2.8713999999999364,1.0511509727626707
2.8730699999999363,1.050481673151776
2.874739999999936,1.049812373540881
2.876409999999936,1.049143073929986
2.878079999999936,1.0484737743190915
2.8797499999999356,1.0478044747081965
2.8814199999999355,1.0471351750973015
2.8830899999999353,1.0464658754864065
2.884759999999935,1.045796575875512
2.886429999999935,1.0451272762646169
2.888099999999935,1.0444579766537219
2.8897699999999347,1.0437886770428273
2.8914399999999345,1.0431193774319323
2.8931099999999343,1.0424500778210373
2.894779999999934,1.0417807782101427
2.896449999999934,1.0411114785992477
2.898119999999934,1.0404421789883527
2.8997899999999337,1.039772879377458
2.9014599999999335,1.039103579766563
2.9031299999999334,1.038434280155668
2.904799999999933,1.037764980544773
2.906469999999933,1.0370956809338785
2.908139999999933,1.0364263813229835
2.9098099999999327,1.0357570817120885
2.9114799999999326,1.035087782101194
2.9131499999999324,1.0344184824902989
2.9148199999999322,1.0337491828794039
2.916489999999932,1.0330798832685093
2.918159999999932,1.0324105836576143
2.9198299999999318,1.0317412840467193
2.9214999999999316,1.0310719844358247
2.9231699999999314,1.0304026848249297
2.9248399999999313,1.0297333852140347
2.926509999999931,1.0290640856031397
2.928179999999931,1.028394785992245
2.929849999999931,1.0277337209302595
2.9315199999999306,1.0270734883721198
2.9331899999999305,1.0264132558139805
2.9348599999999303,1.0257530232558412
2.93652999999993,1.0250927906977014
2.93819999999993,1.0244325581395621
2.93986999999993,1.0237723255814224
2.9415399999999297,1.023112093023283
2.9432099999999295,1.0224518604651438
2.9448799999999293,1.021791627907004
2.946549999999929,1.0211313953488648
2.948219999999929,1.0204711627907255
2.949889999999929,1.0198109302325857
2.9515599999999287,1.019150697674446
2.9532299999999285,1.0184904651163063
2.9548999999999284,1.017830232558167
2.956569999999928,1.0171700000000277
2.958239999999928,1.016509767441888
2.959909999999928,1.0158495348837486
2.9615799999999277,1.0151893023256093
2.9632499999999276,1.0145290697674696
2.9649199999999274,1.0138688372093303
2.9665899999999272,1.013208604651191
2.968259999999927,1.0125483720930513
2.969929999999927,1.011888139534912
2.9715999999999267,1.0112279069767722
2.9732699999999266,1.010567674418633
2.9749399999999264,1.0099074418604936
2.9766099999999263,1.009247209302354
2.978279999999926,1.0085869767442146
2.979949999999926,1.0079267441860753
2.9816199999999258,1.0072665116279356
2.9832899999999256,1.0066062790697963
2.9849599999999255,1.0059460465116565
2.9866299999999253,1.0052858139535172
2.988299999999925,1.004625581395378
2.989969999999925,1.0039653488372382
2.991639999999925,1.003305116279099
2.9933099999999246,1.0026448837209596
2.9949799999999245,1.0019846511628199
2.9966499999999243,1.0013244186046806
2.998319999999924,1.0006641860465408
2.999989999999924,1.0000039534884015
3.001659999999924,0.9991700000000381
3.0033299999999237,0.9983350000000382
3.0049999999999235,0.9975000000000382
3.0066699999999233,0.9966650000000383
3.008339999999923,0.9958300000000384
3.010009999999923,0.9949950000000385
3.011679999999923,0.9941600000000386
3.0133499999999227,0.9933250000000386
3.0150199999999225,0.9924900000000387
3.0166899999999224,0.9916550000000388
3.018359999999922,0.9908200000000389
3.020029999999922,0.989985000000039
3.021699999999922,0.989150000000039
3.0233699999999217,0.9883150000000391
3.0250399999999216,0.9874800000000392
3.0267099999999214,0.9866450000000393
3.0283799999999212,0.9858100000000394
3.030049999999921,0.9849750000000395
3.031719999999921,0.9841400000000395
3.0333899999999208,0.9833050000000396
3.0350599999999206,0.9824700000000397
3.0367299999999204,0.9816350000000398
3.0383999999999203,0.9808000000000399
3.04006999999992,0.9799650000000399
3.04173999999992,0.97913000000004
3.04340999999992,0.9782950000000401
3.0450799999999196,0.9774600000000402
3.0467499999999195,0.9766250000000403
3.0484199999999193,0.9757900000000403
3.050089999999919,0.9749550000000404
3.051759999999919,0.9741200000000405
3.053429999999919,0.9732850000000406
3.0550999999999187,0.9724500000000407
3.0567699999999185,0.9716150000000408
3.0584399999999183,0.9707800000000408
3.060109999999918,0.9699450000000409
3.061779999999918,0.969110000000041
3.063449999999918,0.9682750000000411
3.0651199999999177,0.9674400000000412
3.0667899999999175,0.9666050000000412
3.0684599999999174,0.9657700000000413
3.070129999999917,0.9649350000000414
3.071799999999917,0.9641000000000415
3.073469999999917,0.9632650000000416
3.0751399999999167,0.9624300000000416
3.0768099999999166,0.9615950000000417
3.0784799999999164,0.9607600000000418
3.0801499999999162,0.9599250000000419
3.081819999999916,0.959090000000042
3.083489999999916,0.958255000000042
3.0851599999999157,0.9574200000000421
3.0868299999999156,0.9565850000000422
3.0884999999999154,0.9557500000000423
3.0901699999999153,0.9549150000000424
3.091839999999915,0.9540800000000424
3.093509999999915,0.9532450000000425
3.0951799999999148,0.9524100000000426
3.0968499999999146,0.9515750000000427
3.0985199999999145,0.9507400000000428
3.1001899999999143,0.9499050000000429
3.101859999999914,0.9490700000000429
3.103529999999914,0.948235000000043
3.105199999999914,0.9474000000000431
3.1068699999999136,0.9465650000000432
3.1085399999999135,0.9457300000000433
3.1102099999999133,0.9448950000000433
3.111879999999913,0.9440600000000434
3.113549999999913,0.9432250000000435
3.115219999999913,0.9423900000000436
3.1168899999999127,0.9415550000000437
3.1185599999999125,0.9407200000000437
3.1202299999999124,0.9398850000000438
3.121899999999912,0.9390500000000439
3.123569999999912,0.938215000000044
3.125239999999912,0.9373800000000441
3.1269099999999117,0.9365450000000441
3.1285799999999115,0.9357100000000442
3.1302499999999114,0.9348750000000443
3.131919999999911,0.9340400000000444
3.133589999999911,0.9332050000000445
3.135259999999911,0.9323700000000446
3.1369299999999107,0.9315350000000446
3.1385999999999106,0.9307000000000447
3.1402699999999104,0.9298650000000448
3.1419399999999102,0.9290300000000449
3.14360999999991,0.928195000000045
3.14527999999991,0.927360000000045
3.1469499999999098,0.9265250000000451
3.1486199999999096,0.9256900000000452
3.1502899999999094,0.9248550000000453
3.1519599999999093,0.9240200000000454
3.153629999999909,0.9231850000000454
3.155299999999909,0.9223500000000455
3.156969999999909,0.9215150000000456
3.1586399999999086,0.9206800000000457
3.1603099999999085,0.9198450000000458
3.1619799999999083,0.9190100000000458
3.163649999999908,0.9181750000000459
3.165319999999908,0.917340000000046
3.166989999999908,0.9165050000000461
3.1686599999999077,0.9156700000000462
3.1703299999999075,0.9148350000000463
3.1719999999999073,0.9140000000000463
3.173669999999907,0.9131650000000464
3.175339999999907,0.9123300000000465
3.177009999999907,0.9114950000000466
3.1786799999999067,0.9106600000000467
3.1803499999999065,0.9098250000000467
3.1820199999999064,0.9089900000000468
3.183689999999906,0.9081550000000469
3.185359999999906,0.907320000000047
3.187029999999906,0.9064850000000471
3.1886999999999057,0.9056500000000471
3.1903699999999056,0.9048150000000472
3.1920399999999054,0.9039800000000473
3.1937099999999052,0.9031450000000474
3.195379999999905,0.9023100000000475
3.197049999999905,0.9014750000000475
3.1987199999999048,0.9006400000000476
3.2003899999999046,0.8998050000000477
3.2020599999999044,0.8989700000000478
3.2037299999999043,0.8981350000000479
3.205399999999904,0.897300000000048
3.207069999999904,0.896465000000048
3.208739999999904,0.8956300000000481
3.2104099999999036,0.8947950000000482
3.2120799999999035,0.8939600000000483
3.2137499999999033,0.8931250000000484
3.215419999999903,0.8922900000000484
3.217089999999903,0.8914550000000485
3.218759999999903,0.8906200000000486
3.2204299999999026,0.8897850000000487
3.2220999999999025,0.8889500000000488
3.2237699999999023,0.8881150000000488
3.225439999999902,0.8872800000000489
3.227109999999902,0.886445000000049
3.228779999999902,0.8856100000000491
3.2304499999999017,0.8847750000000492
3.2321199999999015,0.8839400000000492
3.2337899999999014,0.8831050000000493
3.235459999999901,0.8822700000000494
3.237129999999901,0.8814350000000495
3.238799999999901,0.8806000000000496
3.2404699999999007,0.8797650000000496
3.2421399999999005,0.8789300000000497
3.2438099999999004,0.8780950000000498
3.2454799999999002,0.8772600000000499
3.2471499999999,0.87642500000005
3.2488199999999,0.87559000000005
3.2504899999998997,0.8747550000000501
3.2521599999998996,0.8739200000000502
3.2538299999998994,0.8730850000000503
3.2554999999998993,0.8722500000000504
3.257169999999899,0.8714150000000505
3.258839999999899,0.8705800000000505
3.2605099999998988,0.8697450000000506
3.2621799999998986,0.8689100000000507
3.2638499999998984,0.8680750000000508
3.2655199999998983,0.8672400000000509
3.267189999999898,0.8664050000000509
3.268859999999898,0.865570000000051
3.270529999999898,0.8647350000000511
3.2721999999998976,0.8639000000000512
3.2738699999998975,0.8630650000000513
3.2755399999998973,0.8622300000000513
3.277209999999897,0.8613950000000514
3.278879999999897,0.8605600000000515
3.280549999999897,0.8597250000000516
3.2822199999998967,0.8588900000000517
3.2838899999998965,0.8580550000000517
3.2855599999998963,0.8572200000000518
3.287229999999896,0.8563850000000519
3.288899999999896,0.855550000000052
3.290569999999896,0.8547150000000521
3.2922399999998957,0.8538800000000522
3.2939099999998955,0.8530450000000522
3.2955799999998954,0.8522100000000523
3.297249999999895,0.8513750000000524
3.298919999999895,0.8505400000000525
3.300589999999895,0.8497050000000526
3.3022599999998947,0.8488700000000526
3.3039299999998946,0.8480350000000527
3.3055999999998944,0.8472000000000528
3.3072699999998942,0.8463650000000529
3.308939999999894,0.845530000000053
3.310609999999894,0.844695000000053
3.3122799999998938,0.8438600000000531
3.3139499999998936,0.8430250000000532
3.3156199999998934,0.8421900000000533
3.3172899999998933,0.8413550000000534
3.318959999999893,0.8405200000000534
3.320629999999893,0.8396850000000535
3.322299999999893,0.8388500000000536
3.3239699999998926,0.8380150000000537
3.3256399999998925,0.8371800000000538
3.3273099999998923,0.8363450000000539
3.328979999999892,0.8355100000000539
3.330649999999892,0.834675000000054
3.332319999999892,0.8338400000000541
3.3339899999998917,0.8330050000000542
3.3356599999998915,0.8321700000000543
3.3373299999998913,0.8313350000000543
3.338999999999891,0.8305000000000544
3.340669999999891,0.8296650000000545
3.342339999999891,0.8288300000000546
3.3440099999998907,0.8279950000000547
3.3456799999998905,0.8271600000000547
3.3473499999998904,0.8263250000000548
3.34901999999989,0.8254900000000549
3.35068999999989,0.824655000000055
3.35235999999989,0.8238200000000551
3.3540299999998897,0.8229850000000551
3.3556999999998895,0.8221500000000552
3.3573699999998894,0.8213150000000553
3.3590399999998892,0.8204800000000554
3.360709999999889,0.8196450000000555
3.362379999999889,0.8188100000000555
3.3640499999998887,0.8179750000000556
3.3657199999998886,0.8171400000000557
3.3673899999998884,0.8163050000000558
3.3690599999998883,0.8154700000000559
3.370729999999888,0.814635000000056
3.372399999999888,0.813800000000056
3.3740699999998878,0.8129650000000561
3.3757399999998876,0.8121300000000562
3.3774099999998874,0.8112950000000563
3.3790799999998873,0.8104600000000564
3.380749999999887,0.8096250000000564
3.382419999999887,0.8087900000000565
3.384089999999887,0.8079550000000566
3.3857599999998866,0.8071200000000567
3.3874299999998865,0.8062850000000568
3.3890999999998863,0.8054500000000568
3.390769999999886,0.8046150000000569
3.392439999999886,0.803780000000057
3.394109999999886,0.8029450000000571
3.3957799999998857,0.8021100000000572
3.3974499999998855,0.8012750000000572
3.3991199999998853,0.8004400000000573
3.400789999999885,0.7996050000000574
3.402459999999885,0.7987700000000575
3.404129999999885,0.7979350000000576
3.4057999999998847,0.7971000000000577
3.4074699999998845,0.7962650000000577
3.4091399999998844,0.7954300000000578
3.410809999999884,0.7945950000000579
3.412479999999884,0.793760000000058
3.414149999999884,0.7929250000000581
3.4158199999998837,0.7920900000000581
3.4174899999998836,0.7912550000000582
3.4191599999998834,0.7904200000000583
3.4208299999998832,0.7895850000000584
3.422499999999883,0.7887500000000585
3.424169999999883,0.7879150000000585
3.4258399999998828,0.7870800000000586
3.4275099999998826,0.7862450000000587
3.4291799999998824,0.7854100000000588
3.4308499999998823,0.7845750000000589
3.432519999999882,0.783740000000059
3.434189999999882,0.782905000000059
3.435859999999882,0.7820700000000591
3.4375299999998816,0.7812350000000592
3.4391999999998815,0.7804000000000593
3.4408699999998813,0.7795650000000593
3.442539999999881,0.7787300000000594
3.444209999999881,0.7778950000000595
3.445879999999881,0.7770600000000596
3.4475499999998807,0.7762250000000597
3.4492199999998805,0.7753900000000602
3.4508899999998803,0.7745550000000603
3.45255999999988,0.7737200000000604
3.45422999999988,0.7728850000000604
3.45589999999988,0.7720500000000605
3.4575699999998797,0.7712150000000606
3.4592399999998795,0.7703800000000607
3.4609099999998794,0.7695450000000608
3.462579999999879,0.7687100000000608
3.464249999999879,0.7678750000000609
3.465919999999879,0.767040000000061
3.4675899999998787,0.7662050000000611
3.4692599999998786,0.7653700000000612
3.4709299999998784,0.7645350000000612
3.4725999999998782,0.7637000000000613
3.474269999999878,0.7628650000000614
3.475939999999878,0.7620300000000615
3.4776099999998777,0.7611950000000616
3.4792799999998776,0.7603600000000617
3.4809499999998774,0.7595250000000617
3.4826199999998773,0.7586900000000618
3.484289999999877,0.7578550000000619
3.485959999999877,0.757020000000062
3.4876299999998768,0.7561850000000621
3.4892999999998766,0.7553500000000621
3.4909699999998764,0.7545150000000622
3.4926399999998763,0.7536800000000623
3.494309999999876,0.7528450000000624
3.495979999999876,0.7520100000000625
3.497649999999876,0.7511750000000625
3.4993199999998756,0.7503400000000626
3.5009899999998755,0.7495050000000627
3.5026599999998753,0.7486700000000628
3.504329999999875,0.7478350000000629
3.505999999999875,0.747000000000063
3.507669999999875,0.746165000000063
3.5093399999998747,0.7453300000000631
3.5110099999998745,0.7444950000000632
3.5126799999998743,0.7436600000000633
3.514349999999874,0.7428250000000634
3.516019999999874,0.7419900000000634
3.517689999999874,0.7411550000000635
3.5193599999998737,0.7403200000000636
3.5210299999998735,0.7394850000000637
3.5226999999998734,0.7386500000000638
3.524369999999873,0.7378150000000638
3.526039999999873,0.7369800000000639
3.527709999999873,0.736145000000064
3.5293799999998727,0.7353100000000641
3.5310499999998726,0.7344750000000642
3.5327199999998724,0.7336400000000642
3.5343899999998722,0.7328050000000643
3.536059999999872,0.7319700000000644
3.537729999999872,0.7311350000000645
3.5393999999998718,0.7303000000000646
3.5410699999998716,0.7294650000000646
3.5427399999998714,0.7286300000000647
3.5444099999998713,0.7277950000000648
3.546079999999871,0.7269600000000649
3.547749999999871,0.726125000000065
3.549419999999871,0.725290000000065
3.5510899999998706,0.7244550000000651
3.5527599999998705,0.7236200000000652
3.5544299999998703,0.7227850000000653
3.55609999999987,0.7219500000000654
3.55776999999987,0.7211150000000655
3.55943999999987,0.7202800000000655
3.5611099999998697,0.7194450000000656
3.5627799999998695,0.7186100000000657
3.5644499999998693,0.7177750000000658
3.566119999999869,0.7169400000000659
3.567789999999869,0.7161050000000659
3.569459999999869,0.715270000000066
3.5711299999998687,0.7144350000000661
3.5727999999998685,0.7136000000000662
3.5744699999998684,0.7127650000000663
3.576139999999868,0.7119300000000663
3.577809999999868,0.7110950000000664
3.579479999999868,0.7102600000000665
3.5811499999998677,0.7094250000000666
3.5828199999998676,0.7085900000000667
3.5844899999998674,0.7077550000000667
3.5861599999998672,0.7069200000000668
3.587829999999867,0.7060850000000669
3.589499999999867,0.705250000000067
3.5911699999998667,0.7044150000000671
3.5928399999998666,0.7035800000000672
3.5945099999998664,0.7027450000000672
3.5961799999998663,0.7019100000000673
3.597849999999866,0.7010750000000674
3.599519999999866,0.7002400000000675
3.6011899999998658,0.6994050000000676
3.6028599999998656,0.6985700000000676
3.6045299999998655,0.6977350000000677
3.6061999999998653,0.6969000000000678
3.607869999999865,0.6960650000000679
3.609539999999865,0.695230000000068
3.611209999999865,0.694395000000068
3.6128799999998646,0.6935600000000681
3.6145499999998645,0.6927250000000682
3.6162199999998643,0.6918900000000683
3.617889999999864,0.6910550000000684
3.619559999999864,0.6902200000000684
3.621229999999864,0.6893850000000685
3.6228999999998637,0.6885500000000686
3.6245699999998635,0.6877150000000687
3.6262399999998634,0.6868800000000688
3.627909999999863,0.6860450000000688
3.629579999999863,0.6852100000000689
3.631249999999863,0.684375000000069
3.6329199999998627,0.6835400000000691
3.6345899999998625,0.6827050000000692
3.6362599999998624,0.6818700000000693
3.637929999999862,0.6810350000000693
3.639599999999862,0.6802000000000694
3.641269999999862,0.6793650000000695
3.6429399999998617,0.6785300000000696
3.6446099999998616,0.6776950000000697
3.6462799999998614,0.6768600000000697
3.6479499999998612,0.6760250000000698
3.649619999999861,0.6751900000000699
3.651289999999861,0.67435500000007
3.6529599999998608,0.6735200000000701
3.6546299999998606,0.6726850000000701
3.6562999999998604,0.6718500000000702
3.6579699999998603,0.6710150000000703
3.65963999999986,0.6701800000000704
3.66130999999986,0.6693450000000705
3.66297999999986,0.6685100000000705
3.6646499999998596,0.6676750000000706
3.6663199999998595,0.6668400000000707
3.6679899999998593,0.6660050000000708
3.669659999999859,0.6651700000000709
3.671329999999859,0.664335000000071
3.672999999999859,0.663500000000071
3.6746699999998587,0.6626650000000711
3.6763399999998585,0.6618300000000712
3.6780099999998583,0.6609950000000713
3.679679999999858,0.6601600000000714
3.681349999999858,0.6593250000000714
3.683019999999858,0.6584900000000715
3.6846899999998577,0.6576550000000716
3.6863599999998575,0.6568200000000717
3.6880299999998574,0.6559850000000718
3.689699999999857,0.6551500000000718
3.691369999999857,0.6543150000000719
3.693039999999857,0.653480000000072
3.6947099999998567,0.6526450000000721
3.6963799999998566,0.6518100000000722
3.6980499999998564,0.6509750000000722
3.6997199999998562,0.6501400000000723
3.701389999999856,0.649305000000072
3.703059999999856,0.648470000000072
3.7047299999998557,0.6476350000000721
3.7063999999998556,0.6468000000000722
3.7080699999998554,0.6459650000000723
3.7097399999998553,0.6451300000000724
3.711409999999855,0.6442950000000724
3.713079999999855,0.6434600000000725
3.714749999999855,0.6426250000000726
3.7164199999998546,0.6417900000000727
3.7180899999998545,0.6409550000000728
3.7197599999998543,0.6401200000000729
3.721429999999854,0.6392850000000729
3.723099999999854,0.638450000000073
3.724769999999854,0.6376150000000731
3.7264399999998536,0.6367800000000732
3.7281099999998535,0.6359450000000733
3.7297799999998533,0.6351100000000733
3.731449999999853,0.6342750000000734
3.733119999999853,0.6334400000000735
3.734789999999853,0.6326050000000736
3.7364599999998527,0.6317700000000737
3.7381299999998525,0.6309350000000737
3.7397999999998524,0.6301000000000738
3.741469999999852,0.6292650000000739
3.743139999999852,0.628430000000074
3.744809999999852,0.6275950000000741
3.7464799999998517,0.6267600000000741
3.7481499999998515,0.6259250000000742
3.7498199999998514,0.6250900000000743
3.751489999999851,0.6242550000000744
3.753159999999851,0.6234200000000745
3.754829999999851,0.6225850000000746
3.7564999999998507,0.6217500000000746
3.7581699999998506,0.6209150000000747
3.7598399999998504,0.6200800000000748
3.7615099999998503,0.6192450000000749
3.76317999999985,0.618410000000075
3.76484999999985,0.617575000000075
3.7665199999998498,0.6167400000000751
3.7681899999998496,0.6159050000000752
3.7698599999998494,0.6150700000000753
3.7715299999998493,0.6142350000000754
3.773199999999849,0.6134000000000754
3.774869999999849,0.6125650000000755
3.776539999999849,0.6117300000000756
3.7782099999998486,0.6108950000000757
3.7798799999998485,0.6100600000000758
3.7815499999998483,0.6092250000000758
3.783219999999848,0.6083900000000759
3.784889999999848,0.607555000000076
3.786559999999848,0.6067200000000761
3.7882299999998477,0.6058850000000762
3.7898999999998475,0.6050500000000762
3.7915699999998473,0.6042150000000763
3.793239999999847,0.6033800000000764
3.794909999999847,0.6025450000000765
3.796579999999847,0.6017100000000766
3.7982499999998467,0.6008750000000767
3.7999199999998465,0.6000400000000767
3.8015899999998464,0.5992050000000768
3.803259999999846,0.5983700000000765
3.804929999999846,0.597535000000077
3.806599999999846,0.5967000000000766
3.8082699999998457,0.5958650000000771
3.8099399999998456,0.5950300000000768
3.8116099999998454,0.5941950000000773
3.8132799999998452,0.5933600000000769
3.814949999999845,0.5925250000000775
3.816619999999845,0.5916900000000771
3.8182899999998448,0.5908550000000776
3.8199599999998446,0.5900200000000773
3.8216299999998444,0.5891850000000778
3.8232999999998443,0.5883500000000774
3.824969999999844,0.587515000000078
3.826639999999844,0.5866800000000776
3.828309999999844,0.5858450000000781
3.8299799999998436,0.5850100000000777
3.8316499999998435,0.5841750000000783
3.8333199999998433,0.5833400000000779
3.834989999999843,0.5825050000000784
3.836659999999843,0.5816700000000781
3.838329999999843,0.5808350000000786
3.8399999999998427,0.5800000000000782
3.8416699999998425,0.5791650000000788
3.8433399999998423,0.5783300000000784
3.845009999999842,0.5774950000000789
3.846679999999842,0.5766600000000786
3.848349999999842,0.5758250000000791
3.8500199999998417,0.5749900000000787
3.8516899999998415,0.5741550000000792
3.8533599999998414,0.5733200000000789
3.855029999999841,0.5724850000000794
3.856699999999841,0.571650000000079
3.858369999999841,0.5708150000000796
3.8600399999998407,0.5699800000000792
3.8617099999998405,0.5691450000000797
3.8633799999998404,0.5683100000000794
3.8650499999998402,0.5674750000000799
3.86671999999984,0.5666400000000795
3.86838999999984,0.56580500000008
3.8700599999998397,0.5649700000000797
3.8717299999998396,0.5641350000000802
3.8733999999998394,0.5633000000000798
3.8750699999998393,0.5624650000000804
3.876739999999839,0.56163000000008
3.878409999999839,0.5607950000000805
3.8800799999998388,0.5599600000000802
3.8817499999998386,0.5591250000000807
3.8834199999998384,0.5582900000000803
3.8850899999998383,0.5574550000000809
3.886759999999838,0.5566200000000805
3.888429999999838,0.555785000000081
3.890099999999838,0.5549500000000807
3.8917699999998376,0.5541150000000812
3.8934399999998375,0.5532800000000808
3.8951099999998373,0.5524450000000813
3.896779999999837,0.551610000000081
3.898449999999837,0.5507750000000815
3.900119999999837,0.5499400000000811
3.9017899999998367,0.5491050000000817
3.9034599999998365,0.5482700000000813
3.9051299999998363,0.5474350000000818
3.906799999999836,0.5466000000000815
3.908469999999836,0.545765000000082
3.910139999999836,0.5449300000000816
3.9118099999998357,0.5440950000000822
3.9134799999998355,0.5432600000000818
3.9151499999998354,0.5424250000000823
3.916819999999835,0.541590000000082
3.918489999999835,0.5407550000000825
3.920159999999835,0.5399200000000821
3.9218299999998347,0.5390850000000826
3.9234999999998346,0.5382500000000823
3.9251699999998344,0.5374150000000828
3.9268399999998342,0.5365800000000824
3.928509999999834,0.535745000000083
3.930179999999834,0.5349100000000826
3.9318499999998338,0.5340750000000831
3.9335199999998336,0.5332400000000828
3.9351899999998334,0.5324050000000833
3.9368599999998333,0.5315700000000829
3.938529999999833,0.5307350000000834
3.940199999999833,0.5299000000000831
3.941869999999833,0.5290650000000836
3.9435399999998326,0.5282300000000832
3.9452099999998325,0.5273950000000838
3.9468799999998323,0.5265600000000834
3.948549999999832,0.5257250000000839
3.950219999999832,0.5248900000000836
3.951889999999832,0.5240550000000845
3.9535599999998317,0.5232200000000842
3.9552299999998315,0.5223850000000847
3.9568999999998313,0.5215500000000843
3.958569999999831,0.5207150000000849
3.960239999999831,0.5198800000000845
3.961909999999831,0.519045000000085
3.9635799999998307,0.5182100000000847
3.9652499999998305,0.5173750000000852
3.9669199999998304,0.5165400000000848
3.96858999999983,0.5157050000000853
3.97025999999983,0.514870000000085
3.97192999999983,0.5140350000000855
3.9735999999998297,0.5132000000000851
3.9752699999998296,0.5123650000000857
3.9769399999998294,0.5115300000000853
3.9786099999998292,0.5106950000000858
3.980279999999829,0.5098600000000855
3.981949999999829,0.509025000000086
3.9836199999998287,0.5081900000000856
3.9852899999998286,0.5073550000000862
3.9869599999998284,0.5065200000000858
3.9886299999998283,0.5056850000000863
3.990299999999828,0.504850000000086
3.991969999999828,0.5040150000000865
3.9936399999998278,0.5031800000000861
3.9953099999998276,0.5023450000000866
3.9969799999998274,0.5015100000000863
3.9986499999998273,0.5006750000000859
4.000319999999827,0.5001599999999113
4.001989999999827,0.5009949999999113
4.003659999999827,0.5018299999999112
4.005329999999827,0.5026649999999111
4.0069999999998265,0.503499999999911
4.008669999999826,0.5043349999999109
4.010339999999826,0.5051699999999109
4.012009999999826,0.5060049999999108
4.013679999999826,0.5068399999999107
4.015349999999826,0.5076749999999106
4.0170199999998255,0.5085099999999105
4.018689999999825,0.5093449999999105
4.020359999999825,0.5101799999999104
4.022029999999825,0.5110149999999103
4.023699999999825,0.5118499999999102
4.025369999999825,0.5126849999999101
4.0270399999998245,0.51351999999991
4.028709999999824,0.51435499999991
4.030379999999824,0.5151899999999099
4.032049999999824,0.5160249999999098
4.033719999999824,0.5168599999999097
4.035389999999824,0.5176949999999096
4.037059999999824,0.5185299999999096
4.038729999999823,0.5193649999999095
4.040399999999823,0.5201999999999094
4.042069999999823,0.5210349999999093
4.043739999999823,0.5218699999999092
4.045409999999823,0.5227049999999092
4.047079999999823,0.5235399999999091
4.048749999999822,0.524374999999909
4.050419999999822,0.5252099999999098
4.052089999999822,0.5260449999999097
4.053759999999822,0.5268799999999096
4.055429999999822,0.5277149999999096
4.057099999999822,0.5285499999999095
4.0587699999998215,0.5293849999999094
4.060439999999821,0.5302199999999093
4.062109999999821,0.5310549999999092
4.063779999999821,0.5318899999999092
4.065449999999821,0.5327249999999091
4.067119999999821,0.533559999999909
4.0687899999998205,0.5343949999999089
4.07045999999982,0.5352299999999088
4.07212999999982,0.5360649999999088
4.07379999999982,0.5368999999999087
4.07546999999982,0.5377349999999086
4.07713999999982,0.5385699999999085
4.0788099999998195,0.5394049999999084
4.080479999999819,0.5402399999999083
4.082149999999819,0.5410749999999083
4.083819999999819,0.5419099999999082
4.085489999999819,0.5427449999999081
4.087159999999819,0.543579999999908
4.0888299999998186,0.544414999999908
4.090499999999818,0.5452499999999079
4.092169999999818,0.5460849999999078
4.093839999999818,0.5469199999999077
4.095509999999818,0.5477549999999076
4.097179999999818,0.5485899999999075
4.098849999999818,0.5494249999999075
4.100519999999817,0.5502599999999074
4.102189999999817,0.5510949999999073
4.103859999999817,0.5519299999999072
4.105529999999817,0.5527649999999071
4.107199999999817,0.553599999999907
4.108869999999817,0.554434999999907
4.1105399999998165,0.5552699999999069
4.112209999999816,0.5561049999999068
4.113879999999816,0.5569399999999067
4.115549999999816,0.5577749999999067
4.117219999999816,0.5586099999999066
4.118889999999816,0.5594449999999065
4.1205599999998155,0.5602799999999064
4.122229999999815,0.5611149999999063
4.123899999999815,0.5619499999999062
4.125569999999815,0.5627849999999062
4.127239999999815,0.5636199999999061
4.128909999999815,0.564454999999906
4.1305799999998145,0.5652899999999059
4.132249999999814,0.5661249999999058
4.133919999999814,0.5669599999999058
4.135589999999814,0.5677949999999057
4.137259999999814,0.5686299999999056
4.138929999999814,0.5694649999999055
4.1405999999998135,0.5702999999999054
4.142269999999813,0.5711349999999054
4.143939999999813,0.5719699999999053
4.145609999999813,0.5728049999999052
4.147279999999813,0.5736399999999051
4.148949999999813,0.574474999999905
4.150619999999813,0.575309999999905
4.152289999999812,0.5761449999999049
4.153959999999812,0.5769799999999048
4.155629999999812,0.5778149999999047
4.157299999999812,0.5786499999999046
4.158969999999812,0.5794849999999045
4.160639999999812,0.5803199999999045
4.162309999999811,0.5811549999999044
4.163979999999811,0.5819899999999043
4.165649999999811,0.5828249999999042
4.167319999999811,0.5836599999999041
4.168989999999811,0.5844949999999041
4.170659999999811,0.585329999999904
4.1723299999998105,0.5861649999999039
4.17399999999981,0.5869999999999038
4.17566999999981,0.5878349999999037
4.17733999999981,0.5886699999999037
4.17900999999981,0.5895049999999036
4.18067999999981,0.5903399999999035
4.1823499999998095,0.5911749999999034
4.184019999999809,0.5920099999999033
4.185689999999809,0.5928449999999033
4.187359999999809,0.5936799999999032
4.189029999999809,0.5945149999999031
4.190699999999809,0.595349999999903
4.1923699999998085,0.5961849999999029
4.194039999999808,0.5970199999999029
4.195709999999808,0.5978549999999028
4.197379999999808,0.5986899999999027
4.199049999999808,0.5995249999999026
4.200719999999808,0.6003599999999025
4.202389999999808,0.6011949999999024
4.204059999999807,0.6020299999999024
4.205729999999807,0.6028649999999023
4.207399999999807,0.6036999999999022
4.209069999999807,0.6045349999999021
4.210739999999807,0.605369999999902
4.212409999999807,0.606204999999902
4.214079999999806,0.6070399999999019
4.215749999999806,0.6078749999999018
4.217419999999806,0.6087099999999017
4.219089999999806,0.6095449999999016
4.220759999999806,0.6103799999999016
4.222429999999806,0.6112149999999015
4.2240999999998055,0.6120499999999014
4.225769999999805,0.6128849999999013
4.227439999999805,0.6137199999999012
4.229109999999805,0.6145549999999012
4.230779999999805,0.6153899999999011
4.232449999999805,0.616224999999901
4.2341199999998045,0.6170599999999009
4.235789999999804,0.6178949999999008
4.237459999999804,0.6187299999999007
4.239129999999804,0.6195649999999007
4.240799999999804,0.6203999999999006
4.242469999999804,0.6212349999999005
4.2441399999998035,0.6220699999999004
4.245809999999803,0.6229049999999003
4.247479999999803,0.6237399999999003
4.249149999999803,0.6245749999999002
4.250819999999803,0.6254099999999001
4.252489999999803,0.6262449999999
4.2541599999998025,0.6270799999998999
4.255829999999802,0.6279149999998999
4.257499999999802,0.6287499999998998
4.259169999999802,0.6295849999998997
4.260839999999802,0.6304199999998996
4.262509999999802,0.6312549999998995
4.264179999999802,0.6320899999998995
4.265849999999801,0.6329249999998994
4.267519999999801,0.6337599999998993
4.269189999999801,0.6345949999998992
4.270859999999801,0.6354299999998991
4.272529999999801,0.636264999999899
4.274199999999801,0.637099999999899
4.2758699999998,0.6379349999998989
4.2775399999998,0.6387699999998988
4.2792099999998,0.6396049999998987
4.2808799999998,0.6404399999998986
4.2825499999998,0.6412749999998986
4.2842199999998,0.6421099999998985
4.2858899999997995,0.6429449999998984
4.287559999999799,0.6437799999998983
4.289229999999799,0.6446149999998982
4.290899999999799,0.6454499999998982
4.292569999999799,0.6462849999998981
4.294239999999799,0.647119999999898
4.2959099999997985,0.6479549999998979
4.297579999999798,0.6487899999998978
4.299249999999798,0.6496249999998978
4.300919999999798,0.6504599999998977
4.302589999999798,0.6512949999998976
4.304259999999798,0.6521299999998975
4.3059299999997975,0.6529649999998974
4.307599999999797,0.6537999999998974
4.309269999999797,0.6546349999998973
4.310939999999797,0.6554699999998972
4.312609999999797,0.6563049999998971
4.314279999999797,0.657139999999897
4.315949999999797,0.657974999999897
4.317619999999796,0.6588099999998969
4.319289999999796,0.6596449999998968
4.320959999999796,0.6604799999998967
4.322629999999796,0.6613149999998966
4.324299999999796,0.6621499999998965
4.325969999999796,0.6629849999998965
4.327639999999795,0.6638199999998964
4.329309999999795,0.6646549999998963
4.330979999999795,0.6654899999998962
4.332649999999795,0.6663249999998961
4.334319999999795,0.6671599999998961
4.335989999999795,0.667994999999896
4.3376599999997945,0.6688299999998959
4.339329999999794,0.6696649999998958
4.340999999999794,0.6704999999998957
4.342669999999794,0.6713349999998957
4.344339999999794,0.6721699999998956
4.346009999999794,0.6730049999998955
4.3476799999997935,0.6738399999998954
4.349349999999793,0.6746749999998953
4.351019999999793,0.6755099999998961
4.352689999999793,0.6763449999998961
4.354359999999793,0.677179999999896
4.356029999999793,0.6780149999998959
4.3576999999997925,0.6788499999998958
4.359369999999792,0.6796849999998957
4.361039999999792,0.6805199999998957
4.362709999999792,0.6813549999998956
4.364379999999792,0.6821899999998955
4.366049999999792,0.6830249999998954
4.3677199999997915,0.6838599999998953
4.369389999999791,0.6846949999998952
4.371059999999791,0.6855299999998952
4.372729999999791,0.6863649999998951
4.374399999999791,0.687199999999895
4.376069999999791,0.6880349999998949
4.377739999999791,0.6888699999998948
4.37940999999979,0.6897049999998948
4.38107999999979,0.6905399999998947
4.38274999999979,0.6913749999998946
4.38441999999979,0.6922099999998945
4.38608999999979,0.6930449999998944
4.38775999999979,0.6938799999998944
4.3894299999997894,0.6947149999998943
4.391099999999789,0.6955499999998942
4.392769999999789,0.6963849999998941
4.394439999999789,0.697219999999894
4.396109999999789,0.698054999999894
4.397779999999789,0.6988899999998939
4.3994499999997885,0.6997249999998938
4.401119999999788,0.7005599999998937
4.402789999999788,0.7013949999998936
4.404459999999788,0.7022299999998936
4.406129999999788,0.7030649999998935
4.407799999999788,0.7038999999998934
4.4094699999997875,0.7047349999998933
4.411139999999787,0.7055699999998932
4.412809999999787,0.7064049999998931
4.414479999999787,0.7072399999998931
4.416149999999787,0.708074999999893
4.417819999999787,0.7089099999998929
4.4194899999997865,0.7097449999998928
4.421159999999786,0.7105799999998927
4.422829999999786,0.7114149999998927
4.424499999999786,0.7122499999998926
4.426169999999786,0.7130849999998925
4.427839999999786,0.7139199999998924
4.429509999999786,0.7147549999998923
4.431179999999785,0.7155899999998923
4.432849999999785,0.7164249999998922
4.434519999999785,0.7172599999998921
4.436189999999785,0.718094999999892
4.437859999999785,0.7189299999998919
4.439529999999785,0.7197649999998919
4.441199999999784,0.7205999999998918
4.442869999999784,0.7214349999998917
4.444539999999784,0.7222699999998916
4.446209999999784,0.7231049999998915
4.447879999999784,0.7239399999998914
4.449549999999784,0.7247749999998914
4.4512199999997835,0.7256099999998913
4.452889999999783,0.7264449999998912
4.454559999999783,0.7272799999998911
4.456229999999783,0.728114999999891
4.457899999999783,0.728949999999891
4.459569999999783,0.7297849999998909
4.4612399999997825,0.7306199999998908
4.462909999999782,0.7314549999998907
4.464579999999782,0.7322899999998906
4.466249999999782,0.7331249999998906
4.467919999999782,0.7339599999998905
4.469589999999782,0.7347949999998904
4.4712599999997815,0.7356299999998903
4.472929999999781,0.7364649999998902
4.474599999999781,0.7372999999998902
4.476269999999781,0.7381349999998901
4.477939999999781,0.73896999999989
4.479609999999781,0.7398049999998899
4.4812799999997806,0.7406399999998898
4.48294999999978,0.7414749999998898
4.48461999999978,0.7423099999998897
4.48628999999978,0.7431449999998896
4.48795999999978,0.7439799999998895
4.48962999999978,0.7448149999998894
4.49129999999978,0.7456499999998893
4.492969999999779,0.7464849999998893
4.494639999999779,0.7473199999998892
4.496309999999779,0.7481549999998891
4.497979999999779,0.748989999999889
4.499649999999779,0.7498249999998889
4.501319999999779,0.7506599999998889
4.5029899999997784,0.7514949999998888
4.504659999999778,0.7523299999998887
4.506329999999778,0.7531649999998886
4.507999999999778,0.7539999999998885
4.509669999999778,0.7548349999998885
4.511339999999778,0.7556699999998884
4.5130099999997775,0.7565049999998883
4.514679999999777,0.7573399999998882
4.516349999999777,0.7581749999998881
4.518019999999777,0.759009999999888
4.519689999999777,0.759844999999888
4.521359999999777,0.7606799999998879
4.5230299999997765,0.7615149999998878
4.524699999999776,0.7623499999998877
4.526369999999776,0.7631849999998876
4.528039999999776,0.7640199999998876
4.529709999999776,0.7648549999998875
4.531379999999776,0.7656899999998874
4.5330499999997755,0.7665249999998873
4.534719999999775,0.7673599999998872
4.536389999999775,0.7681949999998872
4.538059999999775,0.7690299999998871
4.539729999999775,0.769864999999887
4.541399999999775,0.7706999999998869
4.543069999999775,0.7715349999998868
4.544739999999774,0.7723699999998868
4.546409999999774,0.7732049999998867
4.548079999999774,0.7740399999998866
4.549749999999774,0.7748749999998874
4.551419999999774,0.7757099999998873
4.553089999999774,0.7765449999998872
4.554759999999773,0.7773799999998872
4.556429999999773,0.7782149999998871
4.558099999999773,0.779049999999887
4.559769999999773,0.7798849999998869
4.561439999999773,0.7807199999998868
4.563109999999773,0.7815549999998868
4.5647799999997725,0.7823899999998867
4.566449999999772,0.7832249999998866
4.568119999999772,0.7840599999998865
4.569789999999772,0.7848949999998864
4.571459999999772,0.7857299999998864
4.573129999999772,0.7865649999998863
4.5747999999997715,0.7873999999998862
4.576469999999771,0.7882349999998861
4.578139999999771,0.789069999999886
4.579809999999771,0.789904999999886
4.581479999999771,0.7907399999998859
4.583149999999771,0.7915749999998858
4.5848199999997705,0.7924099999998857
4.58648999999977,0.7932449999998856
4.58815999999977,0.7940799999998855
4.58982999999977,0.7949149999998855
4.59149999999977,0.7957499999998854
4.59316999999977,0.7965849999998853
4.5948399999997696,0.7974199999998852
4.596509999999769,0.7982549999998851
4.598179999999769,0.7990899999998851
4.599849999999769,0.799924999999885
4.601519999999769,0.8007599999998849
4.603189999999769,0.8015949999998848
4.604859999999769,0.8024299999998847
4.606529999999768,0.8032649999998847
4.608199999999768,0.8040999999998846
4.609869999999768,0.8049349999998845
4.611539999999768,0.8057699999998844
4.613209999999768,0.8066049999998843
4.614879999999768,0.8074399999998843
4.6165499999997675,0.8082749999998842
4.618219999999767,0.8091099999998841
4.619889999999767,0.809944999999884
4.621559999999767,0.8107799999998839
4.623229999999767,0.8116149999998838
4.624899999999767,0.8124499999998838
4.6265699999997665,0.8132849999998837
4.628239999999766,0.8141199999998836
4.629909999999766,0.8149549999998835
4.631579999999766,0.8157899999998834
4.633249999999766,0.8166249999998834
4.634919999999766,0.8174599999998833
4.6365899999997655,0.8182949999998832
4.638259999999765,0.8191299999998831
4.639929999999765,0.819964999999883
4.641599999999765,0.820799999999883
4.643269999999765,0.8216349999998829
4.644939999999765,0.8224699999998828
4.6466099999997645,0.8233049999998827
4.648279999999764,0.8241399999998826
4.649949999999764,0.8249749999998826
4.651619999999764,0.8258099999998825
4.653289999999764,0.8266449999998824
4.654959999999764,0.8274799999998823
4.656629999999764,0.8283149999998822
4.658299999999763,0.8291499999998821
4.659969999999763,0.8299849999998821
4.661639999999763,0.830819999999882
4.663309999999763,0.8316549999998819
4.664979999999763,0.8324899999998818
4.666649999999763,0.8333249999998817
4.668319999999762,0.8341599999998817
4.669989999999762,0.8349949999998816
4.671659999999762,0.8358299999998815
4.673329999999762,0.8366649999998814
4.674999999999762,0.8374999999998813
4.676669999999762,0.8383349999998813
4.6783399999997615,0.8391699999998812
4.680009999999761,0.8400049999998811
4.681679999999761,0.840839999999881
4.683349999999761,0.8416749999998809
4.685019999999761,0.8425099999998809
4.686689999999761,0.8433449999998808
4.6883599999997605,0.8441799999998807
4.69002999999976,0.8450149999998806
4.69169999999976,0.8458499999998805
4.69336999999976,0.8466849999998804
4.69503999999976,0.8475199999998804
4.69670999999976,0.8483549999998803
4.6983799999997595,0.8491899999998802
4.700049999999759,0.8500249999998806
4.701719999999759,0.8508599999998805
4.703389999999759,0.8516949999998804
4.705059999999759,0.8525299999998803
4.706729999999759,0.8533649999998802
4.708399999999759,0.8541999999998802
4.710069999999758,0.8550349999998801
4.711739999999758,0.85586999999988
4.713409999999758,0.8567049999998799
4.715079999999758,0.8575399999998798
4.716749999999758,0.8583749999998798
4.718419999999758,0.8592099999998797
4.720089999999757,0.8600449999998796
4.721759999999757,0.8608799999998795
4.723429999999757,0.8617149999998794
4.725099999999757,0.8625499999998794
4.726769999999757,0.8633849999998793
4.728439999999757,0.8642199999998792
4.7301099999997565,0.8650549999998791
4.731779999999756,0.865889999999879
4.733449999999756,0.866724999999879
4.735119999999756,0.8675599999998789
4.736789999999756,0.8683949999998788
4.738459999999756,0.8692299999998787
4.7401299999997555,0.8700649999998786
4.741799999999755,0.8708999999998785
4.743469999999755,0.8717349999998785
4.745139999999755,0.8725699999998784
4.746809999999755,0.8734049999998783
4.748479999999755,0.8742399999998782
4.7501499999997545,0.8750749999998781
4.751819999999754,0.875909999999879
4.753489999999754,0.8767449999998789
4.755159999999754,0.8775799999998788
4.756829999999754,0.8784149999998787
4.758499999999754,0.8792499999998786
4.7601699999997535,0.8800849999998785
4.761839999999753,0.8809199999998785
4.763509999999753,0.8817549999998784
4.765179999999753,0.8825899999998783
4.766849999999753,0.8834249999998782
4.768519999999753,0.8842599999998781
4.770189999999753,0.8850949999998781
4.771859999999752,0.885929999999878
4.773529999999752,0.8867649999998779
4.775199999999752,0.8875999999998778
4.776869999999752,0.8884349999998777
4.778539999999752,0.8892699999998777
4.780209999999752,0.8901049999998776
4.781879999999751,0.8909399999998775
4.783549999999751,0.8917749999998774
4.785219999999751,0.8926099999998773
4.786889999999751,0.8934449999998773
4.788559999999751,0.8942799999998772
4.790229999999751,0.8951149999998771
4.7918999999997505,0.895949999999877
4.79356999999975,0.8967849999998769
4.79523999999975,0.8976199999998768
4.79690999999975,0.8984549999998768
4.79857999999975,0.8992899999998767
4.80024999999975,0.9001249999998766
4.8019199999997495,0.900959999999877
4.803589999999749,0.9017949999998764
4.805259999999749,0.9026299999998768
4.806929999999749,0.9034649999998763
4.808599999999749,0.9042999999998766
4.810269999999749,0.9051349999998761
4.8119399999997485,0.9059699999998765
4.813609999999748,0.906804999999876
4.815279999999748,0.9076399999998763
4.816949999999748,0.9084749999998758
4.818619999999748,0.9093099999998762
4.820289999999748,0.9101449999998756
4.821959999999748,0.910979999999876
4.823629999999747,0.9118149999998755
4.825299999999747,0.9126499999998758
4.826969999999747,0.9134849999998753
4.828639999999747,0.9143199999998757
4.830309999999747,0.9151549999998752
4.831979999999747,0.9159899999998755
4.833649999999746,0.916824999999875
4.835319999999746,0.9176599999998754
4.836989999999746,0.9184949999998748
4.838659999999746,0.9193299999998752
4.840329999999746,0.9201649999998747
4.841999999999746,0.920999999999875
4.8436699999997455,0.9218349999998745
4.845339999999745,0.9226699999998749
4.847009999999745,0.9235049999998743
4.848679999999745,0.9243399999998747
4.850349999999745,0.9251749999998742
4.852019999999745,0.9260099999998745
4.8536899999997445,0.926844999999874
4.855359999999744,0.9276799999998744
4.857029999999744,0.9285149999998739
4.858699999999744,0.9293499999998742
4.860369999999744,0.9301849999998737
4.862039999999744,0.9310199999998741
4.8637099999997435,0.9318549999998735
4.865379999999743,0.9326899999998739
4.867049999999743,0.9335249999998734
4.868719999999743,0.9343599999998737
4.870389999999743,0.9351949999998732
4.872059999999743,0.9360299999998736
4.8737299999997425,0.936864999999873
4.875399999999742,0.9376999999998734
4.877069999999742,0.9385349999998729
4.878739999999742,0.9393699999998733
4.880409999999742,0.9402049999998727
4.882079999999742,0.9410399999998731
4.883749999999742,0.9418749999998726
4.885419999999741,0.9427099999998729
4.887089999999741,0.9435449999998724
4.888759999999741,0.9443799999998728
4.890429999999741,0.9452149999998722
4.892099999999741,0.9460499999998726
4.893769999999741,0.9468849999998721
4.89543999999974,0.9477199999998724
4.89710999999974,0.9485549999998719
4.89877999999974,0.9493899999998723
4.90044999999974,0.9502249999998718
4.90211999999974,0.9510599999998721
4.90378999999974,0.9518949999998716
4.9054599999997395,0.952729999999872
4.907129999999739,0.9535649999998714
4.908799999999739,0.9543999999998718
4.910469999999739,0.9552349999998713
4.912139999999739,0.9560699999998716
4.913809999999739,0.9569049999998711
4.9154799999997385,0.9577399999998715
4.917149999999738,0.958574999999871
4.918819999999738,0.9594099999998713
4.920489999999738,0.9602449999998708
4.922159999999738,0.9610799999998711
4.923829999999738,0.9619149999998706
4.9254999999997375,0.962749999999871
4.927169999999737,0.9635849999998705
4.928839999999737,0.9644199999998708
4.930509999999737,0.9652549999998703
4.932179999999737,0.9660899999998707
4.933849999999737,0.9669249999998701
4.935519999999737,0.9677599999998705
4.937189999999736,0.96859499999987
4.938859999999736,0.9694299999998703
4.940529999999736,0.9702649999998698
4.942199999999736,0.9710999999998702
4.943869999999736,0.9719349999998697
4.945539999999736,0.97276999999987
4.947209999999735,0.9736049999998695
4.948879999999735,0.9744399999998699
4.950549999999735,0.9752749999998693
4.952219999999735,0.9761099999998697
4.953889999999735,0.9769449999998692
4.955559999999735,0.9777799999998695
4.9572299999997345,0.978614999999869
4.958899999999734,0.9794499999998694
4.960569999999734,0.9802849999998688
4.962239999999734,0.9811199999998692
4.963909999999734,0.9819549999998687
4.965579999999734,0.982789999999869
4.9672499999997335,0.9836249999998685
4.968919999999733,0.9844599999998689
4.970589999999733,0.9852949999998684
4.972259999999733,0.9861299999998687
4.973929999999733,0.9869649999998682
4.975599999999733,0.9877999999998686
4.9772699999997325,0.988634999999868
4.978939999999732,0.9894699999998684
4.980609999999732,0.9903049999998679
4.982279999999732,0.9911399999998682
4.983949999999732,0.9919749999998677
4.985619999999732,0.9928099999998681
4.9872899999997315,0.9936449999998676
4.988959999999731,0.9944799999998679
4.990629999999731,0.9953149999998674
4.992299999999731,0.9961499999998678
4.993969999999731,0.9969849999998672
4.995639999999731,0.9978199999998676
4.997309999999731,0.9986549999998671
4.99897999999973,0.9994899999998674
5.00064999999973,1.0016441176463822
5.00231999999973,1.0058682352934412
5.00398999999973,1.0100923529404993
5.00565999999973,1.0143164705875574
5.00732999999973,1.0185405882346164
5.0089999999997294,1.0227647058816745
5.010669999999729,1.0269888235287334
5.012339999999729,1.0312129411757915
5.014009999999729,1.0354370588228496
5.015679999999729,1.0396611764699086
5.017349999999729,1.0438852941169667
5.0190199999997285,1.0481094117640257
5.020689999999728,1.0523335294110838
5.022359999999728,1.056557647058142
5.024029999999728,1.060781764705201
5.025699999999728,1.065005882352259
5.027369999999728,1.0692299999993171
5.0290399999997275,1.0734299029119478
5.030709999999727,1.0775967961158308
5.032379999999727,1.0817636893197138
5.034049999999727,1.0859305825235968
5.035719999999727,1.0900974757274797
5.037389999999727,1.0942643689313627
5.0390599999997265,1.0984312621352466
5.040729999999726,1.1025981553391295
5.042399999999726,1.1067650485430125
5.044069999999726,1.1109319417468955
5.045739999999726,1.1150988349507784
5.047409999999726,1.1192657281546614
5.049079999999726,1.1234326213585444
5.050749999999725,1.1275995145624265
5.052419999999725,1.1317664077663094
5.054089999999725,1.1359333009701933
5.055759999999725,1.1401001941740763
5.057429999999725,1.1442670873779592
5.059099999999725,1.1484339805818422
5.060769999999724,1.1526008737857252
5.062439999999724,1.1567677669896081
5.064109999999724,1.1609346601934911
5.065779999999724,1.165101553397375
5.067449999999724,1.169268446601258
5.069119999999724,1.173435339805141
5.0707899999997235,1.177602233009024
5.072459999999723,1.1817691262129069
5.074129999999723,1.1859360194167898
5.075799999999723,1.1901029126206737
5.077469999999723,1.1942698058245567
5.079139999999723,1.1984366990284396
5.0808099999997225,1.2026035922323226
5.082479999999722,1.2067704854362056
5.084149999999722,1.2109373786400885
5.085819999999722,1.2151042718439724
5.087489999999722,1.2192711650478554
5.089159999999722,1.2234380582517383
5.0908299999997215,1.2276049514556213
5.092499999999721,1.2317718446595043
5.094169999999721,1.2359387378633873
5.095839999999721,1.2401056310672702
5.097509999999721,1.2442725242711532
5.099179999999721,1.2484394174750362
5.1008499999997206,1.2526063106789191
5.10251999999972,1.256773203882803
5.10418999999972,1.260940097086686
5.10585999999972,1.265106990290569
5.10752999999972,1.269273883494452
5.10919999999972,1.2734407766983349
5.11086999999972,1.2776076699022179
5.112539999999719,1.2817745631061008
5.114209999999719,1.2859414563099838
5.115879999999719,1.2901083495138668
5.117549999999719,1.2942752427177506
5.119219999999719,1.2984421359216336
5.120889999999719,1.3026090291255166
5.1225599999997184,1.3067759223293995
5.124229999999718,1.3109428155332825
5.125899999999718,1.3151097087371655
5.127569999999718,1.3192766019410485
5.129239999999718,1.3234434951449314
5.130909999999718,1.3276103883488144
5.1325799999997175,1.3317772815526974
5.134249999999717,1.3359441747565812
5.135919999999717,1.3401110679604642
5.137589999999717,1.3442779611643472
5.139259999999717,1.3484448543682301
5.140929999999717,1.352611747572113
5.1425999999997165,1.356778640775996
5.144269999999716,1.360945533979879
5.145939999999716,1.365112427183762
5.147609999999716,1.3692793203876459
5.149279999999716,1.3734462135915289
5.150949999999716,1.3776131067954118
5.1526199999997155,1.3817799999992948
5.154289999999715,1.3859468932031778
5.155959999999715,1.3901137864070607
5.157629999999715,1.3942806796109446
5.159299999999715,1.3984475728148276
5.160969999999715,1.4026144660187105
5.162639999999715,1.4067813592225935
5.164309999999714,1.4109482524264765
5.165979999999714,1.4151151456303595
5.167649999999714,1.4192820388342433
5.169319999999714,1.4234489320381263
5.170989999999714,1.4276158252420093
5.172659999999714,1.4317827184458922
5.174329999999713,1.4359496116497752
5.175999999999713,1.4401165048536582
5.177669999999713,1.4442833980575411
5.179339999999713,1.448450291261424
5.181009999999713,1.452617184465308
5.182679999999713,1.456784077669191
5.1843499999997125,1.460950970873074
5.186019999999712,1.4651178640769569
5.187689999999712,1.4692847572808398
5.189359999999712,1.4734516504847228
5.191029999999712,1.4776185436886058
5.192699999999712,1.4817854368924888
5.1943699999997115,1.4859523300963717
5.196039999999711,1.4901192233002547
5.197709999999711,1.4942861165041386
5.199379999999711,1.4984530097080215
5.201049999999711,1.5026558823522143
5.202719999999711,1.5068799999992724
5.2043899999997105,1.5111041176463313
5.20605999999971,1.5153282352933894
5.20772999999971,1.5195523529404484
5.20939999999971,1.5237764705875065
5.21106999999971,1.5280005882345646
5.21273999999971,1.5322247058816236
5.2144099999997096,1.5364488235286817
5.216079999999709,1.5406729411757407
5.217749999999709,1.5448970588227988
5.219419999999709,1.549121176469857
5.221089999999709,1.553345294116916
5.222759999999709,1.557569411763974
5.224429999999709,1.561793529411032
5.226099999999708,1.566017647058091
5.227769999999708,1.5702417647051492
5.229439999999708,1.574427961164325
5.231109999999708,1.578594854368208
5.232779999999708,1.582761747572091
5.234449999999708,1.5869286407759748
5.2361199999997075,1.5910955339798578
5.237789999999707,1.5952624271837408
5.239459999999707,1.5994293203876238
5.241129999999707,1.6035962135915067
5.242799999999707,1.6077631067953897
5.244469999999707,1.6119299999992727
5.2461399999997065,1.6160968932031556
5.247809999999706,1.6202637864070386
5.249479999999706,1.6244306796109216
5.251149999999706,1.6285975728148054
5.252819999999706,1.6327644660186884
5.254489999999706,1.6369313592225714
5.2561599999997055,1.6410982524264544
5.257829999999705,1.6452651456303373
5.259499999999705,1.6494320388342203
5.261169999999705,1.6535989320381033
5.262839999999705,1.6577658252419862
5.264509999999705,1.6619327184458692
5.2661799999997045,1.666099611649753
5.267849999999704,1.670266504853636
5.269519999999704,1.674433398057519
5.271189999999704,1.678600291261402
5.272859999999704,1.682767184465285
5.274529999999704,1.686934077669168
5.276199999999704,1.691100970873051
5.277869999999703,1.6952678640769339
5.279539999999703,1.6994347572808168
5.281209999999703,1.7036016504846998
5.282879999999703,1.7077685436885837
5.284549999999703,1.7119354368924666
5.286219999999703,1.7161023300963496
5.287889999999702,1.7202692233002326
5.289559999999702,1.7244361165041155
5.291229999999702,1.7286030097079985
5.292899999999702,1.7327699029118815
5.294569999999702,1.7369367961157653
5.296239999999702,1.7411036893196483
5.2979099999997015,1.7452705825235313
5.299579999999701,1.7494374757274143
5.301249999999701,1.7536043689312972
5.302919999999701,1.7577712621351802
5.304589999999701,1.761938155339064
5.306259999999701,1.766105048542947
5.3079299999997005,1.77027194174683
5.3095999999997,1.774438834950713
5.3112699999997,1.778605728154596
5.3129399999997,1.782772621358479
5.3146099999997,1.7869395145623628
5.3162799999997,1.7911064077662457
5.3179499999996995,1.7952733009701287
5.319619999999699,1.7994401941740117
5.321289999999699,1.8036070873778947
5.322959999999699,1.8077739805817776
5.324629999999699,1.8119408737856606
5.326299999999699,1.8161077669895436
5.327969999999699,1.8202746601934265
5.329639999999698,1.8244415533973104
5.331309999999698,1.8286084466011934
5.332979999999698,1.8327753398050763
5.334649999999698,1.8369422330089593
5.336319999999698,1.8411091262128423
5.337989999999698,1.8452760194167253
5.339659999999697,1.8494429126206082
5.341329999999697,1.8536098058244912
5.342999999999697,1.8577766990283742
5.344669999999697,1.861943592232258
5.346339999999697,1.866110485436141
5.348009999999697,1.870277378640024
5.3496799999996965,1.874444271843906
5.351349999999696,1.878611165047789
5.353019999999696,1.882778058251672
5.354689999999696,1.886944951455555
5.356359999999696,1.8911118446594388
5.358029999999696,1.8952787378633218
5.3596999999996955,1.8994456310672048
5.361369999999695,1.9036125242710877
5.363039999999695,1.9077794174749707
5.364709999999695,1.9119463106788537
5.366379999999695,1.9161132038827375
5.368049999999695,1.9202800970866205
5.3697199999996945,1.9244469902905035
5.371389999999694,1.9286138834943864
5.373059999999694,1.9327807766982694
5.374729999999694,1.9369476699021524
5.376399999999694,1.9411145631060354
5.378069999999694,1.9452814563099192
5.3797399999996935,1.9494483495138022
5.381409999999693,1.9536152427176852
5.383079999999693,1.9577821359215681
5.384749999999693,1.961949029125451
5.386419999999693,1.966115922329334
5.388089999999693,1.970282815533217
5.389759999999693,1.9744497087371
5.391429999999692,1.978616601940983
5.393099999999692,1.9827834951448668
5.394769999999692,1.9869503883487498
5.396439999999692,1.9911172815526328
5.398109999999692,1.9952841747565158
5.399779999999692,1.9994510679603987
5.401449999999691,2.0036676470580463
5.403119999999691,2.0078917647051044
5.404789999999691,2.0121158823521625
5.406459999999691,2.0163399999992215
5.408129999999691,2.0205641176462796
5.409799999999691,2.0247882352933377
5.4114699999996905,2.0290123529403967
5.41313999999969,2.033236470587455
5.41480999999969,2.037460588234513
5.41647999999969,2.041684705881572
5.41814999999969,2.04590882352863
5.41981999999969,2.050132941175688
5.4214899999996895,2.054357058822747
5.423159999999689,2.058581176469805
5.424829999999689,2.0628052941168633
5.426499999999689,2.0670294117639223
5.428169999999689,2.0712535294109804
5.429839999999689,2.0754260194167014
5.4315099999996885,2.079592912620585
5.433179999999688,2.083759805824468
5.434849999999688,2.087926699028351
5.436519999999688,2.092093592232234
5.438189999999688,2.096260485436117
5.439859999999688,2.10042737864
5.441529999999688,2.104594271843884
5.443199999999687,2.108761165047767
5.444869999999687,2.11292805825165
5.446539999999687,2.117094951455533
5.448209999999687,2.121261844659416
5.449879999999687,2.125428737863299
5.451549999999687,2.1295956310671826
5.453219999999686,2.1337625242710656
5.454889999999686,2.1379294174749486
5.456559999999686,2.1420963106788315
5.458229999999686,2.1462632038827145
5.459899999999686,2.1504300970865975
5.461569999999686,2.1545969902904805
5.4632399999996855,2.1587638834943643
5.464909999999685,2.1629307766982473
5.466579999999685,2.1670976699021303
5.468249999999685,2.1712645631060132
5.469919999999685,2.175431456309896
5.471589999999685,2.179598349513779
5.4732599999996845,2.183765242717662
5.474929999999684,2.187932135921545
5.476599999999684,2.192099029125428
5.478269999999684,2.196265922329311
5.479939999999684,2.200432815533195
5.481609999999684,2.204599708737078
5.4832799999996835,2.208766601940961
5.484949999999683,2.212933495144844
5.486619999999683,2.217100388348727
5.488289999999683,2.2212672815526098
5.489959999999683,2.2254341747564927
5.491629999999683,2.2296010679603766
5.4932999999996825,2.2337679611642596
5.494969999999682,2.2379348543681425
5.496639999999682,2.2421017475720255
5.498309999999682,2.2462686407759085
5.499979999999682,2.2504355339797915
5.501649999999682,2.2546024271836753
5.503319999999682,2.2587693203875583
5.504989999999681,2.2629362135914413
5.506659999999681,2.2671031067953242
5.508329999999681,2.271269999999207
5.509999999999681,2.27543689320309
5.511669999999681,2.279603786406974
5.513339999999681,2.283770679610857
5.5150099999996804,2.28793757281474
5.51667999999968,2.292104466018623
5.51834999999968,2.296271359222506
5.52001999999968,2.300438252426389
5.52168999999968,2.304605145630272
5.52335999999968,2.308772038834155
5.5250299999996795,2.312938932038038
5.526699999999679,2.3171058252419217
5.528369999999679,2.3212727184458046
5.530039999999679,2.3254396116496876
5.531709999999679,2.3296065048535706
5.533379999999679,2.3337733980574535
5.5350499999996785,2.3379402912613365
5.536719999999678,2.3421071844652195
5.538389999999678,2.3462740776691025
5.540059999999678,2.3504409708729854
5.541729999999678,2.3546078640768693
5.543399999999678,2.3587747572807523
5.5450699999996775,2.3629416504846352
5.546739999999677,2.367108543688518
5.548409999999677,2.371275436892401
5.550079999999677,2.375442330096284
5.551749999999677,2.379609223300166
5.553419999999677,2.383776116504049
5.555089999999677,2.387943009707932
5.556759999999676,2.392109902911815
5.558429999999676,2.396276796115699
5.560099999999676,2.400443689319582
5.561769999999676,2.404610582523465
5.563439999999676,2.408777475727348
5.565109999999676,2.412944368931231
5.566779999999675,2.417111262135114
5.568449999999675,2.421278155338997
5.570119999999675,2.42544504854288
5.571789999999675,2.4296119417467628
5.573459999999675,2.4337788349506466
5.575129999999675,2.4379457281545296
5.5767999999996745,2.4421126213584126
5.578469999999674,2.4462795145622955
5.580139999999674,2.4504464077661785
5.581809999999674,2.4546133009700615
5.583479999999674,2.4587801941739453
5.585149999999674,2.4629470873778283
5.5868199999996735,2.4671139805817113
5.588489999999673,2.4712808737855942
5.590159999999673,2.475447766989477
5.591829999999673,2.47961466019336
5.593499999999673,2.483781553397244
5.595169999999673,2.487948446601127
5.5968399999996725,2.49211533980501
5.598509999999672,2.496282233008893
5.600179999999672,2.5004552941168194
5.601849999999672,2.5046794117638784
5.603519999999672,2.5089035294109365
5.605189999999672,2.5131276470579946
5.6068599999996716,2.5173517647050536
5.608529999999671,2.5215758823521117
5.610199999999671,2.52579999999917
5.611869999999671,2.530024117646229
5.613539999999671,2.534248235293287
5.615209999999671,2.538472352940345
5.616879999999671,2.542696470587404
5.61854999999967,2.546920588234462
5.62021999999967,2.55114470588152
5.62188999999967,2.555368823528579
5.62355999999967,2.5595929411756373
5.62522999999967,2.5638170588226954
5.62689999999967,2.5680411764697544
5.6285699999996694,2.5722571844651965
5.630239999999669,2.5764240776690794
5.631909999999669,2.5805909708729624
5.633579999999669,2.5847578640768454
5.635249999999669,2.5889247572807284
5.636919999999669,2.5930916504846113
5.6385899999996685,2.597258543688495
5.640259999999668,2.601425436892378
5.641929999999668,2.605592330096261
5.643599999999668,2.609759223300144
5.645269999999668,2.613926116504027
5.646939999999668,2.61809300970791
5.6486099999996675,2.622259902911794
5.650279999999667,2.626426796115677
5.651949999999667,2.63059368931956
5.653619999999667,2.634760582523443
5.655289999999667,2.6389274757273258
5.656959999999667,2.6430943689312087
5.6586299999996665,2.6472612621350917
5.660299999999666,2.6514281553389756
5.661969999999666,2.6555950485428585
5.663639999999666,2.6597619417467415
5.665309999999666,2.6639288349506245
5.666979999999666,2.6680957281545075
5.668649999999666,2.6722626213583904
5.670319999999665,2.6764295145622734
5.671989999999665,2.6805964077661564
5.673659999999665,2.6847633009700393
5.675329999999665,2.688930194173923
5.676999999999665,2.693097087377806
5.678669999999665,2.697263980581689
5.680339999999664,2.701430873785572
5.682009999999664,2.705597766989455
5.683679999999664,2.709764660193338
5.685349999999664,2.713931553397221
5.687019999999664,2.718098446601104
5.688689999999664,2.722265339804987
5.6903599999996635,2.72643223300887
5.692029999999663,2.730599126212754
5.693699999999663,2.7347660194166368
5.695369999999663,2.7389329126205197
5.697039999999663,2.7430998058244027
5.698709999999663,2.7472666990282857
5.7003799999996625,2.7514335922321687
5.702049999999662,2.7556004854360516
5.703719999999662,2.7597673786399346
5.705389999999662,2.7639342718438176
5.707059999999662,2.7681011650477014
5.708729999999662,2.7722680582515844
5.7103999999996615,2.7764349514554674
5.712069999999661,2.7806018446593503
5.713739999999661,2.7847687378632333
5.715409999999661,2.7889356310671163
5.717079999999661,2.7931025242709993
5.718749999999661,2.7972694174748822
5.7204199999996606,2.801436310678766
5.72208999999966,2.805603203882649
5.72375999999966,2.809770097086532
5.72542999999966,2.813936990290415
5.72709999999966,2.818103883494298
5.72876999999966,2.822270776698181
5.73043999999966,2.826437669902065
5.732109999999659,2.8306045631059478
5.733779999999659,2.8347714563098307
5.735449999999659,2.8389383495137137
5.737119999999659,2.8431052427175967
5.738789999999659,2.8472721359214797
5.740459999999659,2.8514390291253635
5.7421299999996585,2.8556059223292465
5.743799999999658,2.8597728155331295
5.745469999999658,2.8639397087370124
5.747139999999658,2.8681066019408954
5.748809999999658,2.8722734951447784
5.750479999999658,2.8764403883486604
5.7521499999996575,2.8806072815525434
5.753819999999657,2.8847741747564264
5.755489999999657,2.8889410679603102
5.757159999999657,2.893107961164193
5.758829999999657,2.897274854368076
5.760499999999657,2.901441747571959
5.7621699999996565,2.905608640775842
5.763839999999656,2.909775533979725
5.765509999999656,2.913942427183608
5.767179999999656,2.918109320387491
5.768849999999656,2.922276213591374
5.770519999999656,2.926443106795258
5.7721899999996555,2.930609999999141
5.773859999999655,2.934776893203024
5.775529999999655,2.938943786406907
5.777199999999655,2.9431106796107898
5.778869999999655,2.9472775728146727
5.780539999999655,2.9514444660185557
5.782209999999655,2.9556113592224396
5.783879999999654,2.9597782524263225
5.785549999999654,2.9639451456302055
5.787219999999654,2.9681120388340885
5.788889999999654,2.9722789320379714
5.790559999999654,2.9764458252418544
5.792229999999654,2.9806127184457383
5.793899999999653,2.9847796116496212
5.795569999999653,2.988946504853504
5.797239999999653,2.993113398057387
5.798909999999653,2.99728029126127
5.800579999999653,3.0014670588226515
5.802249999999653,3.0056911764697096
5.8039199999996525,3.0099152941167686
5.805589999999652,3.0141394117638267
5.807259999999652,3.018363529410885
5.808929999999652,3.022587647057944
5.810599999999652,3.026811764705002
5.812269999999652,3.03103588235206
5.8139399999996515,3.035259999999119
5.815609999999651,3.039484117646177
5.817279999999651,3.043708235293235
5.818949999999651,3.047932352940294
5.820619999999651,3.0521564705873523
5.822289999999651,3.0563805882344104
5.8239599999996505,3.0606047058814694
5.82562999999965,3.0648288235285275
5.82729999999965,3.0690529411755856
5.82896999999965,3.0732552427175728
5.83063999999965,3.0774221359214557
5.83230999999965,3.0815890291253405
5.83397999999965,3.0857559223292235
5.835649999999649,3.0899228155331064
5.837319999999649,3.0940897087369894
5.838989999999649,3.0982566019408724
5.840659999999649,3.1024234951447553
5.842329999999649,3.1065903883486383
5.843999999999649,3.1107572815525213
5.845669999999648,3.1149241747564043
5.847339999999648,3.1190910679602872
5.849009999999648,3.12325796116417
5.850679999999648,3.127424854368053
5.852349999999648,3.131591747571936
5.854019999999648,3.135758640775819
5.8556899999996475,3.139925533979702
5.857359999999647,3.144092427183585
5.859029999999647,3.148259320387468
5.860699999999647,3.152426213591351
5.862369999999647,3.156593106795234
5.864039999999647,3.1607599999991187
5.8657099999996465,3.1649268932030017
5.867379999999646,3.1690937864068847
5.869049999999646,3.1732606796107676
5.870719999999646,3.1774275728146506
5.872389999999646,3.1815944660185336
5.874059999999646,3.1857613592224165
5.8757299999996455,3.1899282524262995
5.877399999999645,3.1940951456301825
5.879069999999645,3.1982620388340655
5.880739999999645,3.2024289320379484
5.882409999999645,3.2065958252418314
5.884079999999645,3.2107627184457144
5.8857499999996445,3.2149296116495973
5.887419999999644,3.2190965048534803
5.889089999999644,3.2232633980573633
5.890759999999644,3.227430291261248
5.892429999999644,3.231597184465131
5.894099999999644,3.235764077669014
5.895769999999644,3.239930970872897
5.897439999999643,3.24409786407678
5.899109999999643,3.248264757280663
5.900779999999643,3.252431650484546
5.902449999999643,3.256598543688429
5.904119999999643,3.260765436892312
5.905789999999643,3.2649323300961965
5.907459999999642,3.2690992233000795
5.909129999999642,3.2732661165039625
5.910799999999642,3.2774330097078455
5.912469999999642,3.2815999029117284
5.914139999999642,3.2857667961156114
5.915809999999642,3.2899336893194944
5.9174799999996415,3.2941005825233773
5.919149999999641,3.2982674757272603
5.920819999999641,3.3024343689311433
5.922489999999641,3.3066012621350263
5.924159999999641,3.3107681553389092
5.925829999999641,3.314935048542792
5.9274999999996405,3.319101941746677
5.92916999999964,3.32326883495056
5.93083999999964,3.327435728154443
5.93250999999964,3.331602621358326
5.93417999999964,3.335769514562209
5.93584999999964,3.339936407766092
5.9375199999996395,3.3441033009699748
5.939189999999639,3.3482701941738577
5.940859999999639,3.3524370873777407
5.942529999999639,3.3566039805816237
5.944199999999639,3.3607708737855067
5.945869999999639,3.3649377669893896
5.947539999999639,3.3691046601932726
5.949209999999638,3.3732715533971556
5.950879999999638,3.3774384466010385
5.952549999999638,3.3816053398049215
5.954219999999638,3.3857722330088045
5.955889999999638,3.3899391262126874
5.957559999999638,3.3941060194165704
5.959229999999637,3.398272912620455
5.960899999999637,3.402439805824338
5.962569999999637,3.406606699028221
5.964239999999637,3.410773592232104
5.965909999999637,3.414940485435987
5.967579999999637,3.41910737863987
5.9692499999996365,3.423274271843753
5.970919999999636,3.427441165047636
5.972589999999636,3.431608058251519
5.974259999999636,3.435774951455402
5.975929999999636,3.439941844659285
5.977599999999636,3.444108737863168
5.9792699999996355,3.448275631067051
5.980939999999635,3.452442524270934
5.982609999999635,3.4566094174748168
5.984279999999635,3.4607763106786997
5.985949999999635,3.4649432038825827
5.987619999999635,3.4691100970864657
5.9892899999996345,3.4732769902903486
5.990959999999634,3.4774438834942334
5.992629999999634,3.4816107766981164
5.994299999999634,3.4857776699019993
5.995969999999634,3.4899445631058823
5.997639999999634,3.4941114563097653
5.9993099999996335,3.4982783495136482
6.000979999999633,3.501581176469994
6.002649999999633,3.504275630251505
6.004319999999633,3.5069700840330187
6.005989999999633,3.5096645378145297
6.007659999999633,3.5123589915960416
6.009329999999633,3.5150534453775553
6.010999999999632,3.5177478991590663
6.012669999999632,3.520442352940578
6.014339999999632,3.523136806722089
6.016009999999632,3.525831260503603
6.017679999999632,3.5285257142851147
6.019349999999632,3.5312201680666258
6.0210199999996314,3.5338004970996755
6.022689999999631,3.536373985086419
6.024359999999631,3.5389474730731614
6.026029999999631,3.5415209610599057
6.027699999999631,3.544094449046649
6.029369999999631,3.5467034595919182
6.0310399999996305,3.5493341720218377
6.03270999999963,3.551964884451757
6.03437999999963,3.5545955968816747
6.03604999999963,3.557226309311594
6.03771999999963,3.5598570217415135
6.03938999999963,3.5625039112337804
6.0410599999996295,3.5652555894584674
6.042729999999629,3.5680072676831545
6.044399999999629,3.5707589459078424
6.046069999999629,3.5735106241325294
6.047739999999629,3.5762623023572164
6.049409999999629,3.5790139805819052
6.0510799999996285,3.5817656588065923
6.052749999999628,3.5845173370312793
6.054419999999628,3.587269015255968
6.056089999999628,3.590020693480655
6.057759999999628,3.592772371705342
6.059429999999628,3.5954647340346844
6.061099999999628,3.5980954464646038
6.062769999999627,3.6007261588945214
6.064439999999627,3.603356871324441
6.066109999999627,3.6059875837543602
6.067779999999627,3.6086182961842797
6.069449999999627,3.6112490086141964
6.071119999999627,3.613879721044116
6.072789999999626,3.6165104334740352
6.074459999999626,3.6191411459039546
6.076129999999626,3.6217718583338723
6.077799999999626,3.6244025707637917
6.079469999999626,3.627115617197707
6.081139999999626,3.629867295422394
6.0828099999996255,3.632618973647083
6.084479999999625,3.63537065187177
6.086149999999625,3.638122330096457
6.087819999999625,3.6408740083211457
6.089489999999625,3.6436256865458327
6.091159999999625,3.6463773647705198
6.0928299999996245,3.6491290429952077
6.094499999999624,3.6518807212198947
6.096169999999624,3.6546323994445817
6.097839999999624,3.657379570627043
6.099509999999624,3.6600102830569625
6.101179999999624,3.662640995486882
6.1028499999996235,3.6652717079168013
6.104519999999623,3.667902420346719
6.106189999999623,3.6705331327766384
6.107859999999623,3.673163845206557
6.109529999999623,3.6757945576364763
6.111199999999623,3.678425270066394
6.1128699999996226,3.6810559824963134
6.114539999999622,3.683686694926233
6.116209999999622,3.686317407356152
6.117879999999622,3.68894811978607
6.119549999999622,3.6915788322159893
6.121219999999622,3.6942095446459087
6.122889999999622,3.696840257075828
6.124559999999621,3.6994709695057466
6.126229999999621,3.702101681935666
6.127899999999621,3.7047323943655837
6.129569999999621,3.707363106795503
6.131239999999621,3.7099938192254225
6.132909999999621,3.712624531655342
6.1345799999996204,3.7152552440852613
6.13624999999962,3.7178859565151807
6.13791999999962,3.720567212204628
6.13958999999962,3.723318890429316
6.14125999999962,3.726070568654003
6.14292999999962,3.72882224687869
6.1445999999996195,3.731573925103379
6.146269999999619,3.734325603328066
6.147939999999619,3.737077281552753
6.149609999999619,3.7398289597774417
6.151279999999619,3.742580638002128
6.152949999999619,3.745332316226815
6.1546199999996185,3.7480839944515036
6.156289999999618,3.7508356726761907
6.157959999999618,3.75349366880835
6.159629999999618,3.756124381238269
6.161299999999618,3.7587550936681877
6.162969999999618,3.761385806098107
6.1646399999996175,3.7640165185280248
6.166309999999617,3.766647230957944
6.167979999999617,3.7692779433878636
6.169649999999617,3.771908655817783
6.171319999999617,3.7745393682476998
6.172989999999617,3.777170080677619
6.174659999999617,3.7798007931075386
6.176329999999616,3.782431505537458
6.177999999999616,3.7851789181685565
6.179669999999616,3.7879305963932435
6.181339999999616,3.7906822746179305
6.183009999999616,3.7934339528426193
6.184679999999616,3.7961856310673063
6.186349999999615,3.7989373092919934
6.188019999999615,3.8016889875166813
6.189689999999615,3.8044406657413683
6.191359999999615,3.8071923439660553
6.193029999999615,3.8099440221907424
6.194699999999615,3.812695700415431
6.1963699999996145,3.8154085054007103
6.198039999999614,3.8180392178306297
6.199709999999614,3.820669930260549
6.201379999999614,3.8232533554260595
6.203049999999614,3.825826843412803
6.204719999999614,3.828400331399547
6.2063899999996135,3.8309738193862906
6.208059999999613,3.833547307373035
6.209729999999613,3.836120795359779
6.211399999999613,3.8386942833465207
6.213069999999613,3.841267771333265
6.214739999999613,3.8438412593200093
6.2164099999996125,3.8464147473067527
6.218079999999612,3.848988235293497
6.219749999999612,3.8515617232802386
6.221419999999612,3.854135211266983
6.223089999999612,3.856708699253727
6.224759999999612,3.8592821872404706
6.2264299999996116,3.861855675227213
6.228099999999611,3.8644291632139565
6.229769999999611,3.8670518802126805
6.231439999999611,3.8696825926426
6.233109999999611,3.8723133050725176
6.234779999999611,3.874944017502437
6.236449999999611,3.8776596393890683
6.23811999999961,3.8804113176137554
6.23978999999961,3.883162995838444
6.24145999999961,3.8859146740631303
6.24312999999961,3.8886663522878173
6.24479999999961,3.891418030512506
6.24646999999961,3.894169708737193
6.2481399999996095,3.89692138696188
6.249809999999609,3.899673065186567
6.251479999999609,3.902424743411256
6.253149999999609,3.905176421635943
6.254819999999609,3.9079210173656893
6.256489999999609,3.910551729795608
6.2581599999996085,3.9131824422255272
6.259829999999608,3.915813154655445
6.261499999999608,3.9184438670853643
6.263169999999608,3.9210745795152837
6.264839999999608,3.923705291945203
6.266509999999608,3.9263360043751225
6.2681799999996075,3.92896671680504
6.269849999999607,3.9315974292349596
6.271519999999607,3.934228141664879
6.273189999999607,3.9368588540947975
6.274859999999607,3.939519667128309
6.276529999999607,3.942271345352996
6.2781999999996065,3.945023023577683
6.279869999999606,3.9477747018023717
6.281539999999606,3.9505263800270587
6.283209999999606,3.9532780582517457
6.284879999999606,3.9560297364764345
6.286549999999606,3.9587814147011215
6.288219999999606,3.9615330929258077
6.289889999999605,3.9642847711504965
6.291559999999605,3.9670364493751835
6.293229999999605,3.9697881275998705
6.294899999999605,3.9724665663879675
6.296569999999605,3.975097278817887
6.298239999999605,3.9777279912478054
6.299909999999604,3.980358703677725
6.301579999999604,3.9829894161076442
6.303249999999604,3.9856201285375636
6.304919999999604,3.9882508409674813
6.306589999999604,3.9908815533974007
6.308259999999604,3.993512265827319
6.3099299999996035,3.9961429782572386
6.311599999999603,3.998773690687158
6.313269999999603,4.0014044031170775
6.314939999999603,4.004035115546995
6.316609999999603,4.0066658279769145
6.318279999999603,4.009296540406834
6.3199499999996025,4.0119272528367524
6.321619999999602,4.01455796526667
6.323289999999602,4.0171886776965895
6.324959999999602,4.019819390126509
6.326629999999602,4.022450102556428
6.328299999999602,4.025080814986346
6.3299699999996015,4.027711527416265
6.331639999999601,4.030342239846185
6.333309999999601,4.032972952276104
6.334979999999601,4.035722940359916
6.336649999999601,4.038474618584604
6.338319999999601,4.041226296809291
6.339989999999601,4.043977975033978
6.3416599999996,4.046729653258667
6.3433299999996,4.049481331483354
6.3449999999996,4.052233009708041
6.3466699999996,4.05498468793273
6.3483399999996,4.057736366157416
6.3500099999996,4.060488044382103
6.351679999999599,4.063239722606792
6.353349999999599,4.065949952139356
6.355019999999599,4.068580664569273
6.356689999999599,4.071211376999193
6.358359999999599,4.073842089429112
6.360029999999599,4.076472801859031
6.3616999999995985,4.07910351428895
6.363369999999598,4.081734226718868
6.365039999999598,4.084364939148787
6.366709999999598,4.0869956515787065
6.368379999999598,4.089626364008626
6.370049999999598,4.092257076438543
6.3717199999995975,4.094887788868462
6.373389999999597,4.097582968099156
6.375059999999597,4.100334646323844
6.376729999999597,4.103086324548531
6.378399999999597,4.105838002773218
6.380069999999597,4.108589680997907
6.3817399999995965,4.111341359222594
6.383409999999596,4.11409303744728
6.385079999999596,4.116844715671969
6.386749999999596,4.119596393896656
6.388419999999596,4.122348072121343
6.390089999999596,4.125099750346032
6.3917599999995955,4.127851428570719
6.393429999999595,4.130495501161634
6.395099999999595,4.133126213591553
6.396769999999595,4.135756926021473
6.398439999999595,4.13838763845139
6.400109999999595,4.141014581606623
6.401779999999595,4.143588069593367
6.403449999999594,4.146161557580111
6.405119999999594,4.148735045566855
6.406789999999594,4.151308533553599
6.408459999999594,4.153882021540341
6.410129999999594,4.156455509527085
6.411799999999594,4.159038655461485
6.413469999999593,4.1617331092429986
6.415139999999593,4.16442756302451
6.416809999999593,4.1671220168060215
6.418479999999593,4.169816470587535
6.420149999999593,4.172510924369046
6.421819999999593,4.175205378150558
6.4234899999995925,4.177899831932072
6.425159999999592,4.180594285713583
6.426829999999592,4.183288739495095
6.428499999999592,4.185988904298865
6.430169999999592,4.188740582523554
6.431839999999592,4.191439463967587
6.4335099999995915,4.194070176397506
6.435179999999591,4.196700888827425
6.436849999999591,4.1993316012573425
6.438519999999591,4.201962313687262
6.440189999999591,4.204593026117181
6.441859999999591,4.207223738547101
6.4435299999995905,4.209854450977018
6.44519999999959,4.212485163406937
6.44686999999959,4.215115875836856
6.44853999999959,4.217746588266776
6.45020999999959,4.220377300696693
6.45187999999959,4.223008013126613
6.45354999999959,4.225638725556532
6.455219999999589,4.228269437986451
6.456889999999589,4.23090015041637
6.458559999999589,4.233530862846288
6.460229999999589,4.236161575276207
6.461899999999589,4.238792287706127
6.463569999999589,4.241423000136046
6.465239999999588,4.244053712565964
6.466909999999588,4.246684424995883
6.468579999999588,4.249315137425802
6.470249999999588,4.251945849855721
6.471919999999588,4.254675395283597
6.473589999999588,4.257427073508284
6.4752599999995875,4.260178751732973
6.476929999999587,4.26293042995766
6.478599999999587,4.265682108182347
6.480269999999587,4.268433786407034
6.481939999999587,4.271185464631722
6.483609999999587,4.2739371428564095
6.4852799999995865,4.276688821081096
6.486949999999586,4.279440499305784
6.488619999999586,4.282192177530471
6.490289999999586,4.284922849718973
6.491959999999586,4.287553562148891
6.493629999999586,4.29018427457881
6.4952999999995855,4.292814987008729
6.496969999999585,4.295445699438648
6.498639999999585,4.298076411868568
6.500309999999585,4.300707124298487
6.501979999999585,4.303337836728405
6.503649999999585,4.305968549158324
6.5053199999995845,4.308599261588243
6.506989999999584,4.311229974018162
6.508659999999584,4.3138606864480815
6.510329999999584,4.316535423022839
6.511999999999584,4.319287101247526
6.513669999999584,4.322038779472213
6.515339999999584,4.324790457696902
6.517009999999583,4.327542135921588
6.518679999999583,4.330293814146275
6.520349999999583,4.333045492370964
6.522019999999583,4.335797170595651
6.523689999999583,4.338548848820338
6.525359999999583,4.341300527045027
6.527029999999582,4.344052205269714
6.528699999999582,4.346803883494401
6.530369999999582,4.349468398741253
6.532039999999582,4.35209911117117
6.533709999999582,4.354729823601089
6.535379999999582,4.357360536031009
6.5370499999995815,4.359991248460928
6.538719999999581,4.362621960890846
6.540389999999581,4.365252673320765
6.542059999999581,4.367883385750685
6.543729999999581,4.370514098180604
6.545399999999581,4.3731448106105235
6.5470699999995805,4.375775523040441
6.54873999999958,4.37840623547036
6.55040999999958,4.381036947900279
6.55207999999958,4.3836676603301985
6.55374999999958,4.386298372760116
6.55541999999958,4.3889290851900356
6.5570899999995795,4.391559797619955
6.558759999999579,4.394190510049874
6.560429999999579,4.396821222479792
6.562099999999579,4.399451934909711
6.563769999999579,4.40208264733963
6.565439999999579,4.404713359769549
6.567109999999579,4.407344072199467
6.568779999999578,4.409987018029757
6.570449999999578,4.412738696254444
6.572119999999578,4.415490374479133
6.573789999999578,4.41824205270382
6.575459999999578,4.420993730928507
6.577129999999578,4.423745409153195
6.578799999999577,4.426497087377882
6.580469999999577,4.429248765602569
6.582139999999577,4.432000443827258
6.583809999999577,4.434752122051945
6.585479999999577,4.437503800276632
6.587149999999577,4.44025547850132
6.5888199999995765,4.442951784492638
6.590489999999576,4.445582496922557
6.592159999999576,4.448213209352477
6.593829999999576,4.450843921782396
6.595499999999576,4.4534746342123155
6.597169999999576,4.456105346642232
6.5988399999995755,4.458736059072152
6.600509999999575,4.46134929577393
6.602179999999575,4.463922783760674
6.603849999999575,4.466496271747419
6.605519999999575,4.469069759734162
6.607189999999575,4.4716432477209045
6.6088599999995745,4.474295126049669
6.610529999999574,4.476989579831182
6.612199999999574,4.479684033612694
6.613869999999574,4.482378487394206
6.615539999999574,4.485072941175718
6.617209999999574,4.48776739495723
6.6188799999995735,4.490461848738742
6.620549999999573,4.493156302520255
6.622219999999573,4.495850756301767
6.623889999999573,4.498545210083279
6.625559999999573,4.501239663864792
6.627229999999573,4.503933554266053
6.628899999999573,4.50652645972851
6.630569999999572,4.50915717215843
6.632239999999572,4.511787884588348
6.633909999999572,4.514418597018266
6.635579999999572,4.517049309448185
6.637249999999572,4.519680021878105
6.638919999999572,4.522310734308024
6.6405899999995714,4.524941446737944
6.642259999999571,4.52757215916786
6.643929999999571,4.53020287159778
6.645599999999571,4.532833584027699
6.647269999999571,4.535464296457619
6.648939999999571,4.538095008887536
6.6506099999995705,4.540725721317456
6.65227999999957,4.543356433747374
6.65394999999957,4.545987146177294
6.65561999999957,4.548617858607211
6.65728999999957,4.551248571037131
6.65895999999957,4.55387928346705
6.6606299999995695,4.5565099958969695
6.662299999999569,4.559140708326887
6.663969999999569,4.5617714207568065
6.665639999999569,4.564402133186725
6.667309999999569,4.567079445214198
6.668979999999569,4.569831123438885
6.6706499999995685,4.572582801663572
6.672319999999568,4.5753344798882605
6.673989999999568,4.5780861581129475
6.675659999999568,4.5808378363376345
6.677329999999568,4.583589514562323
6.678999999999568,4.58634119278701
6.680669999999568,4.5890928710116965
6.682339999999567,4.591844549236385
6.684009999999567,4.594596227461072
6.685679999999567,4.597347905685759
6.687349999999567,4.600009845479897
6.689019999999567,4.602640557909816
6.690689999999567,4.605271270339734
6.692359999999566,4.607901982769653
6.694029999999566,4.610532695199573
6.695699999999566,4.613163407629492
6.697369999999566,4.615794120059411
6.699039999999566,4.61842483248933
6.700709999999566,4.621055544919248
6.7023799999995655,4.623686257349167
6.704049999999565,4.6263169697790865
6.705719999999565,4.628947682209006
6.707389999999565,4.631691151178128
6.709059999999565,4.634442829402815
6.710729999999565,4.637194507627504
6.7123999999995645,4.63994618585219
6.714069999999564,4.642697864076877
6.715739999999564,4.645449542301564
6.717409999999564,4.648201220526253
6.719079999999564,4.65095289875094
6.720749999999564,4.653704576975627
6.7224199999995635,4.6564562552003155
6.724089999999563,4.659207933425002
6.725759999999563,4.661924682072257
6.727429999999563,4.664555394502177
6.729099999999563,4.667186106932094
6.730769999999563,4.669816819362014
6.7324399999995626,4.672447531791933
6.734109999999562,4.675078244221852
6.735779999999562,4.677708956651771
6.737449999999562,4.680339669081689
6.739119999999562,4.682970381511608
6.740789999999562,4.685601093941528
6.742459999999562,4.688231806371447
6.744129999999561,4.690862518801364
6.745799999999561,4.693551178917367
6.747469999999561,4.696302857142054
6.749139999999561,4.6990545353667414
6.750809999999561,4.70180621359143
6.752479999999561,4.704557891816117
6.7541499999995604,4.707309570040804
6.75581999999956,4.710061248265493
6.75748999999956,4.71281292649018
6.75915999999956,4.715564604714867
6.76082999999956,4.718316282939555
6.76249999999956,4.721067961164242
6.7641699999995595,4.723819639388929
6.765839999999559,4.7264702310945355
6.767509999999559,4.729100943524455
6.769179999999559,4.731731655954374
6.770849999999559,4.734362368384292
6.772519999999559,4.736993080814211
6.7741899999995585,4.73962379324413
6.775859999999558,4.742254505674049
6.777529999999558,4.744885218103967
6.779199999999558,4.747515930533886
6.780869999999558,4.750146642963806
6.782539999999558,4.752777355393725
6.7842099999995575,4.755408067823643
6.785879999999557,4.758038780253561
6.787549999999557,4.760669492683481
6.789219999999557,4.7633002051134
6.790889999999557,4.7659309175433195
6.792559999999557,4.768561629973239
6.794229999999557,4.771192342403157
6.795899999999556,4.773823054833075
6.797569999999556,4.7764537672629945
6.799239999999556,4.779084479692914
6.800909999999556,4.781684009941238
6.802579999999556,4.784257497927982
6.804249999999556,4.786857142856341
6.805919999999555,4.789551596637853
6.807589999999555,4.792246050419366
6.809259999999555,4.794940504200878
6.810929999999555,4.79763495798239
6.812599999999555,4.800329411763903
6.814269999999555,4.8030238655454145
6.8159399999995545,4.805718319326926
6.817609999999554,4.808412773108439
6.819279999999554,4.811107226889951
6.820949999999554,4.813801680671463
6.822619999999554,4.816496134452976
6.824289999999554,4.819121292459872
6.8259599999995535,4.821694780446617
6.827629999999553,4.82426826843336
6.829299999999553,4.826874880349273
6.830969999999553,4.829505592779192
6.832639999999553,4.83213630520911
6.834309999999553,4.834767017639029
6.8359799999995525,4.837397730068949
6.837649999999552,4.840028442498866
6.839319999999552,4.842659154928784
6.840989999999552,4.845289867358703
6.842659999999552,4.847920579788623
6.844329999999552,4.850643606101807
6.8459999999995516,4.853395284326496
6.847669999999551,4.856146962551183
6.849339999999551,4.85889864077587
6.851009999999551,4.861650319000558
6.852679999999551,4.8644019972252455
6.854349999999551,4.8671536754499325
6.856019999999551,4.869905353674621
6.85768999999955,4.872657031899308
6.85935999999955,4.875408710123995
6.86102999999955,4.878160388348684
6.86269999999955,4.880897579651876
6.86436999999955,4.883528292081795
6.86603999999955,4.886159004511713
6.8677099999995495,4.888789716941632
6.869379999999549,4.89142042937155
6.871049999999549,4.894051141801469
6.872719999999549,4.896681854231387
6.874389999999549,4.899312566661306
6.876059999999549,4.901943279091226
6.8777299999995485,4.904573991521145
6.879399999999548,4.907204703951063
6.881069999999548,4.909835416380982
6.882739999999548,4.912466128810902
6.884409999999548,4.915096841240821
6.886079999999548,4.9177275536707405
6.8877499999995475,4.920358266100658
6.889419999999547,4.922988978530578
6.891089999999547,4.925619690960497
6.892759999999547,4.928250403390415
6.894429999999547,4.930881115820334
6.896099999999547,4.9335118282502535
6.8977699999995465,4.936142540680171
6.899439999999546,4.9387732531100905
6.901109999999546,4.94140396554001
6.902779999999546,4.944095201108729
6.904449999999546,4.946846879333416
6.906119999999546,4.949598557558103
6.907789999999546,4.95235023578279
6.909459999999545,4.955101914007477
6.911129999999545,4.957853592232164
6.912799999999545,4.960605270456853
6.914469999999545,4.96335694868154
6.916139999999545,4.966108626906227
6.917809999999545,4.9688603051309155
6.919479999999544,4.9716119833556025
6.921149999999544,4.9743636615802895
6.922819999999544,4.977011677833181
6.924489999999544,4.9796423902631
6.926159999999544,4.98227310269302
6.927829999999544,4.984903815122937
6.9294999999995435,4.987534527552857
6.931169999999543,4.990165239982776
6.932839999999543,4.992795952412694
6.934509999999543,4.995426664842611
6.936179999999543,4.998057377272531
6.937849999999543,5.00068808970245
6.9395199999995425,5.00331880213237
6.941189999999542,5.005955228847968
6.942859999999542,5.008706907072655
6.944529999999542,5.011458585297342
6.946199999999542,5.014210263522031
6.947869999999542,5.016961941746718
6.9495399999995415,5.019713619971405
6.951209999999541,5.022465298196092
6.952879999999541,5.025216976420781
6.954549999999541,5.027968654645468
6.956219999999541,5.030720332870155
6.957889999999541,5.033472011094844
6.959559999999541,5.036223689319531
6.96122999999954,5.03892651442554
6.96289999999954,5.04155722685546
6.96456999999954,5.0441879392853775
6.96623999999954,5.046818651715297
6.96790999999954,5.0494493641452145
6.96957999999954,5.052080076575134
6.971249999999539,5.054710789005053
6.972919999999539,5.057341501434973
6.974589999999539,5.05997221386489
6.976259999999539,5.06260292629481
6.977929999999539,5.065233638724729
6.979599999999539,5.067864351154649
6.9812699999995385,5.070495063584566
6.982939999999538,5.073125776014486
6.984609999999538,5.075756488444405
6.986279999999538,5.0783872008743245
6.987949999999538,5.081017913304244
6.989619999999538,5.083648625734163
6.9912899999995375,5.086279338164083
6.992959999999537,5.088910050594
6.994629999999537,5.09154076302392
6.996299999999537,5.094171475453837
6.997969999999537,5.096802187883757
6.999639999999537,5.099432900313676
7.0013099999995365,5.101393891624998
7.002979999999536,5.103170837437805
7.004649999999536,5.104947783250614
7.006319999999536,5.106724729063421
7.007989999999536,5.108501674876228
7.009659999999536,5.110278620689037
7.0113299999995355,5.112055566501846
7.012999999999535,5.1138325123146515
7.014669999999535,5.1156094581274605
7.016339999999535,5.1173864039402694
7.018009999999535,5.119163349753077
7.019679999999535,5.120957357940098
7.021349999999535,5.122855269547673
7.023019999999534,5.124753181155249
7.024689999999534,5.126651092762826
7.026359999999534,5.128549004370404
7.028029999999534,5.130446915977979
7.029699999999534,5.132344827585555
7.031369999999534,5.134242739193132
7.033039999999533,5.136140650800709
7.034709999999533,5.138038562408283
7.036379999999533,5.139936474015862
7.038049999999533,5.141834385623438
7.039719999999533,5.143692216748152
7.041389999999533,5.145469162560957
7.0430599999995325,5.147246108373766
7.044729999999532,5.149023054186575
7.046399999999532,5.150799999999382
7.048069999999532,5.152576945812189
7.049739999999532,5.154353891624998
7.051409999999532,5.156130837437807
7.0530799999995315,5.157907783250614
7.054749999999531,5.159684729063422
7.056419999999531,5.1614616748762305
7.058089999999531,5.163238620689038
7.059759999999531,5.165098785817708
7.061429999999531,5.166996697425283
7.0630999999995305,5.16889460903286
7.06476999999953,5.170792520640438
7.06643999999953,5.1726904322480145
7.06810999999953,5.174588343855591
7.06977999999953,5.176486255463168
7.07144999999953,5.178384167070744
7.07311999999953,5.180282078678321
7.074789999999529,5.182179990285897
7.076459999999529,5.184077901893474
7.078129999999529,5.185975813501052
7.079799999999529,5.187767487684116
7.081469999999529,5.189544433496923
7.083139999999529,5.191321379309731
7.084809999999528,5.1930983251225395
7.086479999999528,5.194875270935347
7.088149999999528,5.196652216748156
7.089819999999528,5.198429162560963
7.091489999999528,5.20020610837377
7.093159999999528,5.201983054186579
7.0948299999995275,5.203759999999388
7.096499999999527,5.205536945812193
7.098169999999527,5.207342302087744
7.099839999999527,5.209240213695322
7.101509999999527,5.211138125302899
7.103179999999527,5.213036036910474
7.1048499999995265,5.21493394851805
7.106519999999526,5.2168318601256285
7.108189999999526,5.218729771733205
7.109859999999526,5.22062768334078
7.111529999999526,5.222525594948356
7.113199999999526,5.224423506555935
7.1148699999995255,5.226321418163511
7.116539999999525,5.228219329771086
7.118209999999525,5.230117241378663
7.119879999999525,5.232015152986241
7.121549999999525,5.233913064593818
7.123219999999525,5.2358109762013925
7.1248899999995245,5.237708887808969
7.126559999999524,5.239606799416546
7.128229999999524,5.241504711024122
7.129899999999524,5.243402622631697
7.131569999999524,5.245300534239275
7.133239999999524,5.247198445846852
7.134909999999524,5.2490963574544285
7.136579999999523,5.250994269062003
7.138249999999523,5.252817733989534
7.139919999999523,5.254594679802343
7.141589999999523,5.256371625615152
7.143259999999523,5.258148571427958
7.144929999999523,5.259925517240767
7.1465999999995224,5.261702463053576
7.148269999999522,5.263479408866383
7.149939999999522,5.265256354679192
7.151609999999522,5.267033300492001
7.153279999999522,5.268810246304808
7.154949999999522,5.270587192117615
7.1566199999995215,5.272364137930424
7.158289999999521,5.274258669256275
7.159959999999521,5.276156580863853
7.161629999999521,5.27805449247143
7.163299999999521,5.2799524040790065
7.164969999999521,5.281850315686581
7.1666399999995205,5.28374822729416
7.16830999999952,5.285646138901736
7.16997999999952,5.287544050509313
7.17164999999952,5.2894419621168876
7.17331999999952,5.291339873724466
7.17498999999952,5.2932377853320425
7.1766599999995195,5.295116059112692
7.178329999999519,5.296893004925499
7.179999999999519,5.298669950738308
7.181669999999519,5.300446896551115
7.183339999999519,5.302223842363924
7.185009999999519,5.304000788176731
7.186679999999519,5.3057777339895384
7.188349999999518,5.307554679802347
7.190019999999518,5.309331625615156
7.191689999999518,5.311108571427962
7.193359999999518,5.312885517240771
7.195029999999518,5.31466246305358
7.196699999999518,5.316502185526312
7.198369999999517,5.318400097133887
7.200039999999517,5.320298008741464
7.201709999999517,5.32219592034904
7.203379999999517,5.324093831956619
7.205049999999517,5.3259917435641935
7.206719999999517,5.32788965517177
7.2083899999995165,5.329787566779347
7.210059999999516,5.331685478386923
7.211729999999516,5.333583389994498
7.213399999999516,5.335481301602075
7.215069999999516,5.337379213209653
7.216739999999516,5.3392771248172295
7.2184099999995155,5.341175036424806
7.220079999999515,5.343072948032381
7.221749999999515,5.344970859639959
7.223419999999515,5.346868771247536
7.225089999999515,5.348766682855112
7.226759999999515,5.350664594462687
7.2284299999995145,5.3525625060702655
7.230099999999514,5.354460417677842
7.231769999999514,5.356358329285419
7.233439999999514,5.358256240892995
7.235109999999514,5.360154152500574
7.236779999999514,5.361943251230922
7.2384499999995136,5.363720197043728
7.240119999999513,5.365497142856537
7.241789999999513,5.3672611138009
7.243459999999513,5.368862372880804
7.245129999999513,5.370463631960707
7.246799999999513,5.37206489104061
7.248469999999513,5.373666150120513
7.250139999999512,5.375267409200417
7.251809999999512,5.37686866828032
7.253479999999512,5.3784699273602214
7.255149999999512,5.380102172355585
7.256819999999512,5.381824397230256
7.258489999999512,5.383592326371385
7.2601599999995114,5.38549023797896
7.261829999999511,5.387388149586538
7.263499999999511,5.389286061194115
7.265169999999511,5.3911839728016915
7.266839999999511,5.393081884409268
7.268509999999511,5.394979796016845
7.2701799999995105,5.396877707624421
7.27184999999951,5.398775619231998
7.27351999999951,5.400673530839574
7.27518999999951,5.402517438423041
7.27685999999951,5.404294384235849
7.27852999999951,5.406071330048658
7.2801999999995095,5.4078482758614665
7.281869999999509,5.409625221674272
7.283539999999509,5.411402167487081
7.285209999999509,5.41317911329989
7.286879999999509,5.414956059112699
7.288549999999509,5.416733004925504
7.2902199999995085,5.418509950738313
7.291889999999508,5.420286896551122
7.293559999999508,5.422063842363929
7.295229999999508,5.4239379310338425
7.296899999999508,5.425835842641421
7.298569999999508,5.427733754248997
7.300239999999508,5.429631665856574
7.301909999999507,5.431529577464149
7.303579999999507,5.433427489071725
7.305249999999507,5.435325400679302
7.306919999999507,5.4372233122868785
7.308589999999507,5.439121223894457
7.310259999999507,5.441019135502032
7.311929999999506,5.442917047109608
7.313599999999506,5.444814958717185
7.315269999999506,5.446712870324761
7.316939999999506,5.44861078193234
7.318609999999506,5.450508693539916
7.320279999999506,5.452406605147493
7.3219499999995055,5.454304516755068
7.323619999999505,5.456202428362646
7.325289999999505,5.458100339970223
7.326959999999505,5.459998251577799
7.328629999999505,5.461896163185374
7.330299999999505,5.463794074792952
7.3319699999995045,5.465691986400529
7.333639999999504,5.467567684728463
7.335309999999504,5.469344630541272
7.336979999999504,5.471121576354079
7.338649999999504,5.472898522166886
7.340319999999504,5.474675467979695
7.3419899999995035,5.476452413792504
7.343659999999503,5.4782293596053115
7.345329999999503,5.480006305418119
7.346999999999503,5.481783251230928
7.348669999999503,5.483560197043737
7.350339999999503,5.485337142856542
7.3520099999995026,5.487114088669351
7.353679999999502,5.488956386594799
7.355349999999502,5.490854298202375
7.357019999999502,5.492752209809952
7.358689999999502,5.4946501214175285
7.360359999999502,5.496548033025105
7.362029999999502,5.498445944632682
7.363699999999501,5.5003438562402565
7.365369999999501,5.502241767847835
7.367039999999501,5.504139679455411
7.368709999999501,5.506037591062988
7.370379999999501,5.507935502670563
7.372049999999501,5.509833414278141
7.3737199999995005,5.511642955664426
7.3753899999995,5.513419901477235
7.3770599999995,5.515196847290044
7.3787299999995,5.516973793102851
7.3803999999995,5.51875073891566
7.3820699999995,5.520527684728469
7.3837399999994995,5.522304630541276
7.385409999999499,5.524081576354085
7.387079999999499,5.5258585221668906
7.388749999999499,5.527635467979698
7.390419999999499,5.529412413792507
7.392089999999499,5.531199902864836
7.3937599999994985,5.533097814472413
7.395429999999498,5.534995726079989
7.397099999999498,5.536893637687566
7.398769999999498,5.5387915492951425
7.400439999999498,5.540689460902719
7.402109999999498,5.542587372510297
7.4037799999994975,5.544485284117874
7.405449999999497,5.546383195725451
7.407119999999497,5.548281107333024
7.408789999999497,5.5501790189406
7.410459999999497,5.552076930548177
7.412129999999497,5.553941280787582
7.413799999999497,5.555718226600391
7.415469999999496,5.5574951724132
7.417139999999496,5.559272118226003
7.418809999999496,5.561049064038812
7.420479999999496,5.562826009851621
7.422149999999496,5.564602955664428
7.423819999999496,5.566379901477237
7.425489999999495,5.568156847290046
7.427159999999495,5.569933793102853
7.428829999999495,5.571710738915662
7.430499999999495,5.573487684728471
7.432169999999495,5.57534133074245
7.433839999999495,5.577239242350027
7.4355099999994945,5.5791371539576
7.437179999999494,5.581035065565176
7.438849999999494,5.582932977172755
7.440519999999494,5.584830888780331
7.442189999999494,5.586728800387908
7.443859999999494,5.588626711995484
7.4455299999994935,5.590524623603063
7.447199999999493,5.592422535210639
7.448869999999493,5.594320446818216
7.450539999999493,5.5962183584257925
7.452209999999493,5.598116270033371
7.453879999999493,5.600014181640947
7.4555499999994925,5.6019120932485205
7.457219999999492,5.603810004856097
7.458889999999492,5.605707916463674
7.460559999999492,5.607605828071252
7.462229999999492,5.6095037396788285
7.463899999999492,5.611401651286402
7.465569999999492,5.613299562893978
7.467239999999491,5.6151974745015565
7.468909999999491,5.617095386109133
7.470579999999491,5.618991527093005
7.472249999999491,5.620768472905814
7.473919999999491,5.622545418718621
7.475589999999491,5.62432236453143
7.47725999999949,5.626099310344239
7.47892999999949,5.627876256157046
7.48059999999949,5.629653201969855
7.48226999999949,5.631430147782661
7.48393999999949,5.633207093595468
7.48560999999949,5.634984039408277
7.4872799999994895,5.636760985221086
7.488949999999489,5.638537931033895
7.490619999999489,5.640359786303405
7.492289999999489,5.642257697910981
7.493959999999489,5.644155609518554
7.495629999999489,5.646053521126133
7.4972999999994885,5.647951432733709
7.498969999999488,5.649849344341286
7.500639999999488,5.651650704224785
7.502309999999488,5.653372929099449
7.503979999999488,5.655095153974116
7.505649999999488,5.6568173788487925
7.5073199999994875,5.6585396037234705
7.508989999999487,5.660261828598134
7.510659999999487,5.661916125907448
7.512329999999487,5.663517384987353
7.513999999999487,5.665118644067263
7.515669999999487,5.666719903147163
7.5173399999994865,5.668450443349155
7.519009999999486,5.6702273891619654
7.520679999999486,5.672004334974778
7.522349999999486,5.673781280787583
7.524019999999486,5.6755582266003834
7.525689999999486,5.677335172413196
7.527359999999486,5.679112118226012
7.529029999999485,5.680889064038812
7.530699999999485,5.682777076249966
7.532369999999485,5.684674987857546
7.534039999999485,5.686572899465132
7.535709999999485,5.688470811072701
7.537379999999485,5.690368722680271
7.539049999999484,5.692266634287851
7.540719999999484,5.694164545895433
7.542389999999484,5.696062457503002
7.544059999999484,5.697960369110572
7.545729999999484,5.699858280718155
7.547399999999484,5.701756192325735
7.5490699999994835,5.703654103933307
7.550739999999483,5.705552015540876
7.552409999999483,5.70744992714846
7.554079999999483,5.70934783875604
7.555749999999483,5.711245750363611
7.557419999999483,5.713143661971181
7.5590899999994825,5.715041573578764
7.560759999999482,5.716939485186344
7.562429999999482,5.718837396793916
7.564099999999482,5.720735308401485
7.565769999999482,5.722633220009069
7.567439999999482,5.724531131616649
7.5691099999994815,5.726392906403332
7.570779999999481,5.7281698522161335
7.572449999999481,5.729946798028946
7.574119999999481,5.7317237438417585
7.575789999999481,5.733500689654562
7.577459999999481,5.735277635467364
7.579129999999481,5.7370545812801765
7.58079999999948,5.738831527092987
7.58246999999948,5.740608472905789
7.58413999999948,5.7423854187185945
7.58580999999948,5.744162364531405
7.58747999999948,5.745939310344218
7.58914999999948,5.747795531810905
7.590819999999479,5.749693443418478
7.592489999999479,5.751591355026058
7.594159999999479,5.753489266633638
7.595829999999479,5.755387178241211
7.597499999999479,5.75728508984878
7.599169999999479,5.759183001456362
7.6008399999994785,5.761080913063942
7.602509999999478,5.7629788246715155
7.604179999999478,5.764876736279085
7.605849999999478,5.766774647886665
7.607519999999478,5.768672559494245
7.609189999999478,5.770468177339282
7.6108599999994775,5.772245123152084
7.612529999999477,5.7740220689648964
7.614199999999477,5.775799014777707
7.615869999999477,5.777575960590513
7.617539999999477,5.7793529064033144
7.619209999999477,5.781129852216125
7.6208799999994765,5.782906798028938
7.622549999999476,5.78468374384174
7.624219999999476,5.78646068965454
7.625889999999476,5.788237635467356
7.627559999999476,5.790039048080933
7.629229999999476,5.791936959688504
7.6308999999994755,5.793834871296074
7.632569999999475,5.795732782903654
7.634239999999475,5.797630694511238
7.635909999999475,5.799528606118809
7.637579999999475,5.801426517726378
7.639249999999475,5.803324429333962
7.640919999999475,5.805222340941542
7.642589999999474,5.807120252549112
7.644259999999474,5.809018164156683
7.645929999999474,5.810916075764267
7.647599999999474,5.812813987371847
7.649269999999474,5.814711898979416
7.650939999999474,5.8166098105869875
7.6526099999994734,5.818507722194568
7.654279999999473,5.820405633802148
7.655949999999473,5.822303545409721
7.657619999999473,5.824201457017292
7.659289999999473,5.826099368624872
7.660959999999473,5.827997280232452
7.6626299999994725,5.829895191840022
7.664299999999472,5.8317931034475965
7.665969999999472,5.833691015055177
7.667639999999472,5.835518423644688
7.669309999999472,5.83729536945749
7.670979999999472,5.839072315270293
7.6726499999994715,5.840849261083106
7.674319999999471,5.842626206895918
7.675989999999471,5.844403152708718
7.677659999999471,5.846180098521524
7.679329999999471,5.847957044334336
7.680999999999471,5.849733990147147
7.6826699999994705,5.851510935959952
7.68433999999947,5.853287881772754
7.68600999999947,5.855064827585565
7.68767999999947,5.856955415249445
7.68934999999947,5.858853326857018
7.69101999999947,5.860751238464587
7.69268999999947,5.862649150072169
7.694359999999469,5.864547061679749
7.696029999999469,5.866444973287322
7.697699999999469,5.868342884894892
7.699369999999469,5.870240796502472
7.701039999999469,5.872138708110052
7.702709999999469,5.8740366197176215
7.704379999999468,5.875934531325193
7.706049999999468,5.877816748767826
7.707719999999468,5.879593694580638
7.709389999999468,5.881370640393438
7.711059999999468,5.88314758620624
7.712729999999468,5.884924532019053
7.7143999999994675,5.886701477831867
7.716069999999467,5.888478423644669
7.717739999999467,5.890255369457471
7.719409999999467,5.892032315270281
7.721079999999467,5.893809261083097
7.722749999999467,5.895586206895899
7.7244199999994665,5.897363152708701
7.726089999999466,5.899198931519461
7.727759999999466,5.9010968431270445
7.729429999999466,5.902994754734614
7.731099999999466,5.904892666342185
7.732769999999466,5.906790577949765
7.7344399999994655,5.9086884895573455
7.736109999999465,5.910586401164915
7.737779999999465,5.912484312772488
7.739449999999465,5.91438222438007
7.741119999999465,5.91628013598765
7.742789999999465,5.9180598710903105
7.7444599999994646,5.919782095964978
7.746129999999464,5.9214224697330575
7.747799999999464,5.923023728812966
7.749469999999464,5.924624987892862
7.751139999999464,5.926226246972762
7.752809999999464,5.927827506052672
7.754479999999464,5.929428765132577
7.756149999999463,5.931030024212477
7.757819999999463,5.932631283292377
7.759489999999463,5.934383448275206
7.761159999999463,5.936160394088018
7.762829999999463,5.93793733990082
7.764499999999463,5.939718309858449
7.7661699999994624,5.941616221466035
7.767839999999462,5.943514133073615
7.769509999999462,5.945412044681184
7.771179999999462,5.947309956288754
7.772849999999462,5.949207867896339
7.774519999999462,5.951105779503919
7.7761899999994615,5.953003691111489
7.777859999999461,5.954901602719058
7.779529999999461,5.95679951432664
7.781199999999461,5.958697425934224
7.782869999999461,5.960595337541793
7.784539999999461,5.962493249149363
7.7862099999994605,5.964391160756945
7.78787999999946,5.966289072364525
7.78954999999946,5.968186983972094
7.79121999999946,5.970084895579667
7.79288999999946,5.971982807187247
7.79455999999946,5.9738807187948275
7.7962299999994595,5.975778630402397
7.797899999999459,5.977676542009972
7.799569999999459,5.979574453617552
7.801239999999459,5.981472365225132
7.802909999999459,5.983370276832705
7.804579999999459,5.985218128078142
7.806249999999459,5.986995073890954
7.807919999999458,5.988772019703767
7.809589999999458,5.9905489655165685
7.811259999999458,5.9923259113293685
7.812929999999458,5.994102857142185
7.814599999999458,5.995879802954997
7.816269999999458,5.997656748767797
7.817939999999457,5.999433694580599
7.819609999999457,6.001210640393412
7.821279999999457,6.002987586206226
7.822949999999457,6.004764532019028
7.824619999999457,6.006634677026959
7.826289999999457,6.008532588634541
7.8279599999994565,6.0104305002421246
7.829629999999456,6.012328411849694
7.831299999999456,6.0142263234572635
7.832969999999456,6.016124235064844
7.834639999999456,6.018022146672429
7.836309999999456,6.0199200582799985
7.8379799999994555,6.021817969887568
7.839649999999455,6.023715881495148
7.841319999999455,6.025613793102734
7.842989999999455,6.027511704710303
7.844659999999455,6.02929339901409
7.846329999999455,6.031070344826903
7.8479999999994545,6.032847290639719
7.849669999999454,6.034624236452519
7.851339999999454,6.036401182265321
7.853009999999454,6.038178128078137
7.854679999999454,6.0399550738909475
7.856349999999454,6.041732019703749
7.8580199999994536,6.043508965516551
7.859689999999453,6.045285911329362
7.861359999999453,6.047062857142178
7.863029999999453,6.048878193296991
7.864699999999453,6.0507761049045605
7.866369999999453,6.052674016512141
7.868039999999453,6.054571928119723
7.869709999999452,6.056469839727292
7.871379999999452,6.0583677513348615
7.873049999999452,6.060265662942445
7.874719999999452,6.062163574550027
7.876389999999452,6.0640614861575965
7.878059999999452,6.06595939776517
7.8797299999994515,6.06785730937275
7.881399999999451,6.069755220980332
7.883069999999451,6.071653132587901
7.884739999999451,6.073551044195474
7.886409999999451,6.075448955803054
7.888079999999451,6.077346867410634
7.8897499999994505,6.079244779018204
7.89141999999945,6.081142690625779
7.89308999999945,6.083040602233359
7.89475999999945,6.084938513840939
7.89642999999945,6.086836425448512
7.89809999999945,6.088734337056081
7.8997699999994495,6.0906322486636615
7.901439999999449,6.092530160271243
7.903109999999449,6.094343645319501
7.904779999999449,6.096120591132303
7.906449999999449,6.097897536945114
7.908119999999449,6.099674482757926
7.9097899999994485,6.101451428570728
7.911459999999448,6.103228374383528
7.913129999999448,6.105005320196344
7.914799999999448,6.106782266009157
7.916469999999448,6.108559211821957
7.918139999999448,6.110336157634759
7.919809999999448,6.112113103447571
7.921479999999447,6.11389664885793
7.923149999999447,6.115794560465501
7.924819999999447,6.11769247207307
7.926489999999447,6.1195903836806504
7.928159999999447,6.121488295288234
7.929829999999447,6.123386206895805
7.931499999999446,6.125284118503375
7.933169999999446,6.127182030110955
7.934839999999446,6.129079941718539
7.936509999999446,6.13097785332611
7.938179999999446,6.132875764933679
7.939849999999446,6.1347736765412595
7.9415199999994455,6.136641970442648
7.943189999999445,6.13841891625545
7.944859999999445,6.14019586206825
7.946529999999445,6.1419728078810625
7.948199999999445,6.143749753693875
7.949869999999445,6.145526699506675
7.9515399999994445,6.147303645319477
7.953209999999444,6.149080591132293
7.954879999999444,6.150857536945104
7.956549999999444,6.152634482757906
7.958219999999444,6.154411428570707
7.959889999999444,6.1561883743835235
7.9615599999994435,6.158038076735528
7.963229999999443,6.159935988343099
7.964899999999443,6.161833899950672
7.966569999999443,6.163731811558252
7.968239999999443,6.165629723165832
7.969909999999443,6.167527634773403
7.971579999999443,6.169425546380976
7.973249999999442,6.1713234579885565
7.974919999999442,6.173221369596137
7.976589999999442,6.175119281203708
7.978259999999442,6.177017192811281
7.979929999999442,6.178915104418861
7.981599999999442,6.180813016026441
7.983269999999441,6.182710927634014
7.984939999999441,6.184608839241585
7.986609999999441,6.186506750849166
7.988279999999441,6.188404662456746
7.989949999999441,6.190302574064315
7.991619999999441,6.192200485671885
7.9932899999994405,6.194098397279468
7.99495999999944,6.19599630888705
7.99662999999944,6.19789422049462
7.99829999999944,6.199792132102189
7.99996999999944,6.289352112463872
8.00163999999944,6.304580689653401
8.003309999999441,6.309245172412025
8.004979999999442,6.313909655170647
8.006649999999443,6.31857413792927
8.008319999999443,6.323238620687892
8.009989999999444,6.3279031034465145
8.011659999999445,6.33244709840039
8.013329999999446,6.336744995793159
8.014999999999446,6.34104289318593
8.016669999999447,6.3453407905787
8.018339999999448,6.349638687971472
8.020009999999449,6.3539365853642416
8.02167999999945,6.358234482757011
8.02334999999945,6.36253238014978
8.02501999999945,6.366830277542549
8.026689999999451,6.371128174935324
8.028359999999452,6.375426072328093
8.030029999999453,6.379723969720862
8.031699999999454,6.384021867113631
8.033369999999454,6.3883197645064005
8.035039999999455,6.392617661899173
8.036709999999456,6.396915559291942
8.038379999999457,6.401213456684713
8.040049999999457,6.405511354077483
8.041719999999458,6.409809251470252
8.043389999999459,6.414107148863021
8.04505999999946,6.41840504625579
8.04672999999946,6.422702943648559
8.04839999999946,6.427000841041329
8.050069999999462,6.431298738434103
8.051739999999462,6.435596635826872
8.053409999999463,6.439894533219642
8.055079999999464,6.444192430612411
8.056749999999465,6.44849032800518
8.058419999999465,6.452788225397949
8.060089999999466,6.457086122790722
8.061759999999467,6.461384020183491
8.063429999999467,6.465681917576262
8.065099999999468,6.469979814969031
8.066769999999469,6.4742777123618005
8.06843999999947,6.47857560975457
8.07010999999947,6.482873507147339
8.071779999999471,6.487171404540108
8.073449999999472,6.491469301932877
8.075119999999472,6.49576719932565
8.076789999999473,6.500065096718419
8.078459999999474,6.5043629941111885
8.080129999999475,6.508660891503958
8.081799999999475,6.51295878889673
8.083469999999476,6.5172566862895
8.085139999999477,6.521554583682269
8.086809999999478,6.52585248107504
8.088479999999478,6.530150378467809
8.090149999999479,6.534448275860582
8.09181999999948,6.538746173253351
8.09348999999948,6.54304407064612
8.095159999999481,6.547341968038889
8.096829999999482,6.5516398654316585
8.098499999999483,6.5559377628244295
8.100169999999483,6.560235660217199
8.101839999999484,6.564533557609968
8.103509999999485,6.568831455002737
8.105179999999486,6.573129352395506
8.106849999999486,6.577427249788279
8.108519999999487,6.581725147181048
8.110189999999488,6.586023044573819
8.111859999999488,6.5903209419665885
8.11352999999949,6.594618839359358
8.11519999999949,6.59891673675213
8.11686999999949,6.6032146341449
8.118539999999491,6.607512531537669
8.120209999999492,6.611810428930438
8.121879999999493,6.616108326323209
8.123549999999494,6.620406223715978
8.125219999999494,6.6247524137915565
8.126889999999495,6.629416896550179
8.128559999999496,6.634081379308801
8.130229999999496,6.638745862067424
8.131899999999497,6.643410344826046
8.133569999999498,6.64807482758467
8.135239999999499,6.652739310343293
8.1369099999995,6.657228427248375
8.1385799999995,6.6615263246411445
8.1402499999995,6.665824222033914
8.141919999999502,6.670122119426686
8.143589999999502,6.674420016819456
8.145259999999503,6.678717914212225
8.146929999999504,6.683015811604996
8.148599999999504,6.687313708997765
8.150269999999505,6.691611606390534
8.151939999999506,6.695909503783303
8.153609999999507,6.700207401176076
8.155279999999507,6.704505298568845
8.156949999999508,6.708803195961615
8.158619999999509,6.713101093354384
8.16028999999951,6.717398990747153
8.16195999999951,6.721696888139922
8.163629999999511,6.725994785532691
8.165299999999512,6.730292682925464
8.166969999999512,6.734590580318233
8.168639999999513,6.7388884777110025
8.170309999999514,6.7431863751037735
8.171979999999515,6.747484272496543
8.173649999999515,6.751782169889312
8.175319999999516,6.756080067282081
8.176989999999517,6.76037796467485
8.178659999999518,6.7646758620676195
8.180329999999518,6.768973759460392
8.181999999999519,6.773271656853163
8.18366999999952,6.777569554245932
8.18533999999952,6.781867451638702
8.187009999999521,6.786165349031471
8.188679999999522,6.79046324642424
8.190349999999523,6.794761143817013
8.192019999999523,6.799059041209782
8.193689999999524,6.803356938602553
8.195359999999525,6.807654835995322
8.197029999999526,6.811952733388091
8.198699999999526,6.816250630780864
8.200369999999527,6.820548528173633
8.202039999999528,6.8248464255664025
8.203709999999528,6.829144322959172
8.20537999999953,6.833442220351943
8.20704999999953,6.8377401177447155
8.20871999999953,6.842038015137485
8.210389999999531,6.846335912530254
8.212059999999532,6.850633809923023
8.213729999999533,6.854931707315792
8.215399999999534,6.8592296047085615
8.217069999999534,6.8635275021013324
8.218739999999535,6.867825399494102
8.220409999999536,6.872123296886871
8.222079999999536,6.876421194279644
8.223749999999537,6.880719091672413
8.225419999999538,6.885016989065182
8.227089999999539,6.889314886457951
8.22875999999954,6.89361278385072
8.23042999999954,6.89791068124349
8.23209999999954,6.902208578636259
8.233769999999542,6.906506476029028
8.235439999999542,6.910804373421801
8.237109999999543,6.915102270814572
8.238779999999544,6.919400168207341
8.240449999999544,6.92369806560011
8.242119999999545,6.928043654401362
8.243789999999546,6.932517238527037
8.245459999999547,6.936990822652714
8.247129999999547,6.941464406778389
8.248799999999548,6.9459379909040635
8.250469999999549,6.9505147457613425
8.25213999999955,6.955354915252871
8.25380999999955,6.960195084744399
8.255479999999551,6.965035254235925
8.257149999999552,6.969875423727453
8.258819999999552,6.9746351724124835
8.260489999999553,6.979299655171106
8.262159999999554,6.983733894027392
8.263829999999555,6.988031791420161
8.265499999999555,6.992329688812932
8.267169999999556,6.996627586205701
8.268839999999557,7.00092548359847
8.270509999999557,7.005223380991239
8.272179999999558,7.009521278384009
8.273849999999559,7.013819175776781
8.27551999999956,7.018117073169551
8.27718999999956,7.022414970562322
8.278859999999561,7.026712867955091
8.280529999999562,7.0310107653478635
8.282199999999563,7.035308662740633
8.283869999999563,7.039606560133402
8.285539999999564,7.043904457526171
8.287209999999565,7.04820235491894
8.288879999999565,7.052500252311711
8.290549999999566,7.0567981497044805
8.292219999999567,7.06109604709725
8.293889999999568,7.065393944490019
8.295559999999568,7.069691841882788
8.29722999999957,7.073989739275561
8.29889999999957,7.07828763666833
8.30056999999957,7.082585534061099
8.302239999999571,7.08688343145387
8.303909999999572,7.091181328846639
8.305579999999573,7.095479226239412
8.307249999999573,7.099777123632181
8.308919999999574,7.104075021024951
8.310589999999575,7.10837291841772
8.312259999999576,7.112670815810489
8.313929999999576,7.116968713203262
8.315599999999577,7.121266610596031
8.317269999999578,7.1255645079888
8.318939999999579,7.129862405381569
8.32060999999958,7.1341603027743385
8.32227999999958,7.138458200167108
8.32394999999958,7.142756097559877
8.325619999999581,7.147053994952648
8.327289999999582,7.151351892345421
8.328959999999583,7.15564978973819
8.330629999999584,7.159947687130959
8.332299999999584,7.164245584523728
8.333969999999585,7.1685434819164975
8.335639999999586,7.172841379309267
8.337309999999587,7.177139276702041
8.338979999999587,7.18143717409481
8.340649999999588,7.18573507148758
8.342319999999589,7.190032968880349
8.34398999999959,7.194330866273118
8.34565999999959,7.198628763665887
8.347329999999591,7.202926661058656
8.348999999999592,7.207224558451427
8.350669999999592,7.211522455844197
8.352339999999593,7.215820353236966
8.354009999999594,7.2201182506297386
8.355679999999595,7.224416148022508
8.357349999999595,7.228714045415277
8.359019999999596,7.233011942808046
8.360689999999597,7.237309840200821
8.362359999999597,7.24160773759359
8.364029999999598,7.245905634986359
8.365699999999599,7.250203532379128
8.3673699999996,7.2545014297718975
8.3690399999996,7.25879932716467
8.370709999999601,7.2630972245574394
8.372379999999602,7.267395121950209
8.374049999999603,7.27169301934298
8.375719999999603,7.276148965516146
8.377389999999604,7.28081344827477
8.379059999999605,7.285477931033391
8.380729999999605,7.290142413792015
8.382399999999606,7.294806896550636
8.384069999999607,7.29947137930926
8.385739999999608,7.304135862067881
8.387409999999608,7.308515222875371
8.389079999999609,7.312813120268142
8.39074999999961,7.317111017660913
8.39241999999961,7.321408915053681
8.394089999999611,7.325706812446452
8.395759999999612,7.330004709839219
8.397429999999613,7.334302607231994
8.399099999999613,7.338600504624765
8.400769999999614,7.342898402017532
8.402439999999615,7.347196299410303
8.404109999999616,7.3514941968030705
8.405779999999616,7.3557920941958415
8.407449999999617,7.360089991588609
8.409119999999618,7.36438788898138
8.410789999999619,7.368685786374151
8.41245999999962,7.372983683766922
8.41412999999962,7.377281581159693
8.41579999999962,7.38157947855246
8.417469999999621,7.385877375945231
8.419139999999622,7.390175273338002
8.420809999999623,7.394473170730773
8.422479999999624,7.398771068123544
8.424149999999624,7.4030689655163116
8.425819999999625,7.4073668629090825
8.427489999999626,7.41166476030185
8.429159999999627,7.4159626576946245
8.430829999999627,7.420260555087392
8.432499999999628,7.424558452480163
8.434169999999629,7.42885634987293
8.43583999999963,7.433154247265701
8.43750999999963,7.437452144658469
8.43917999999963,7.44175004205124
8.440849999999632,7.446047939444007
8.442519999999632,7.450345836836778
8.444189999999633,7.454643734229549
8.445859999999634,7.45894163162232
8.447529999999634,7.463239529015091
8.449199999999635,7.4675374264078584
8.450869999999636,7.471835323800629
8.452539999999637,7.4761332211934
8.454209999999637,7.480431118586171
8.455879999999638,7.484729015978939
8.457549999999639,7.48902691337171
8.45921999999964,7.493324810764481
8.46088999999964,7.497622708157248
8.462559999999641,7.501920605550019
8.464229999999642,7.50621850294279
8.465899999999642,7.510516400335558
8.467569999999643,7.5148142977283285
8.469239999999644,7.5191121951210995
8.470909999999645,7.5234100925138705
8.472579999999645,7.527707989906638
8.474249999999646,7.532005887299409
8.475919999999647,7.536303784692176
8.477589999999648,7.540601682084951
8.479259999999648,7.544899579477718
8.480929999999649,7.549197476870489
8.48259999999965,7.553495374263257
8.48426999999965,7.557793271656031
8.485939999999651,7.562091169048802
8.487609999999652,7.56638906644157
8.489279999999653,7.570686963834341
8.490949999999653,7.574984861227108
8.492619999999654,7.579282758619879
8.494289999999655,7.58358065601265
8.495959999999656,7.587878553405417
8.497629999999656,7.592176450798188
8.499299999999657,7.596474348190959
8.500969999999658,7.60111644067706
8.502639999999658,7.605956610168587
8.50430999999966,7.610796779660113
8.50597999999966,7.615636949151643
8.50764999999966,7.620477118643169
8.509319999999661,7.625317288134699
8.510989999999662,7.630157457626225
8.512659999999663,7.634657627117832
8.514329999999664,7.639131211243505
8.515999999999664,7.643604795369182
8.517669999999665,7.647914381832706
8.519339999999666,7.652212279225477
8.521009999999666,7.656510176618244
8.522679999999667,7.660808074011015
8.524349999999668,7.665105971403786
8.526019999999669,7.669403868796554
8.52768999999967,7.673701766189328
8.52935999999967,7.677999663582099
8.53102999999967,7.682297560974867
8.532699999999672,7.686595458367638
8.534369999999672,7.690893355760409
8.536039999999673,7.695191253153183
8.537709999999674,7.699489150545951
8.539379999999674,7.703787047938722
8.541049999999675,7.708084945331493
8.542719999999676,7.7123828427242636
8.544389999999677,7.716680740117038
8.546059999999677,7.7209786375098055
8.547729999999678,7.7252765349025765
8.549399999999679,7.7295744322953475
8.55106999999968,7.733872329688118
8.55273999999968,7.738170227080886
8.554409999999681,7.742468124473657
8.556079999999682,7.746766021866428
8.557749999999682,7.751063919259195
8.559419999999683,7.75536181665197
8.561089999999684,7.759659714044741
8.562759999999685,7.763957611437508
8.564429999999685,7.768255508830279
8.566099999999686,7.77255340622305
8.567769999999687,7.776851303615825
8.569439999999688,7.781149201008592
8.571109999999688,7.785447098401363
8.572779999999689,7.789744995794134
8.57444999999969,7.794042893186905
8.57611999999969,7.798340790579672
8.577789999999691,7.802638687972443
8.579459999999692,7.806936585365214
8.581129999999693,7.811234482757985
8.582799999999693,7.815532380150753
8.584469999999694,7.819830277543527
8.586139999999695,7.824128174936298
8.587809999999696,7.828426072329069
8.589479999999696,7.832723969721837
8.591149999999697,7.837021867114608
8.592819999999698,7.841319764507382
8.594489999999698,7.84561766190015
8.5961599999997,7.849915559292921
8.5978299999997,7.854213456685692
8.5994999999997,7.858511354078463
8.601169999999701,7.8628092514712336
8.602839999999702,7.8671071488640045
8.604509999999703,7.871405046256772
8.606179999999704,7.875702943649543
8.607849999999704,7.880000841042314
8.609519999999705,7.884298738435081
8.611189999999706,7.888596635827852
8.612859999999706,7.892894533220623
8.614529999999707,7.897192430613391
8.616199999999708,7.901490328006165
8.617869999999709,7.905788225398936
8.61953999999971,7.910086122791707
8.62120999999971,7.914384020184478
8.62287999999971,7.918681917577246
8.624549999999712,7.92297981497002
8.626219999999712,7.927545517240777
8.627889999999713,7.932209999999401
8.629559999999714,7.9368744827580215
8.631229999999714,7.941538965516646
8.632899999999715,7.94620344827527
8.634569999999716,7.950867931033894
8.636239999999717,7.955504121109648
8.637909999999717,7.959802018502419
8.639579999999718,7.96409991589519
8.641249999999719,7.968397813287957
8.64291999999972,7.972695710680732
8.64458999999972,7.976993608073503
8.646259999999721,7.98129150546627
8.647929999999722,7.985589402859041
8.649599999999722,7.989887300251812
8.651269999999723,7.994185197644587
8.652939999999724,7.998483095037354
8.654609999999725,8.002780992430125
8.656279999999725,8.007078889822896
8.657949999999726,8.011376787215667
8.659619999999727,8.015674684608442
8.661289999999727,8.019972582001209
8.662959999999728,8.02427047939398
8.664629999999729,8.028568376786751
8.66629999999973,8.032866274179518
8.66796999999973,8.03716417157229
8.669639999999731,8.04146206896506
8.671309999999732,8.045759966357828
8.672979999999733,8.050057863750599
8.674649999999733,8.05435576114337
8.676319999999734,8.058653658536144
8.677989999999735,8.062951555928912
8.679659999999735,8.067249453321683
8.681329999999736,8.071547350714454
8.682999999999737,8.075845248107221
8.684669999999738,8.080143145499992
8.686339999999738,8.084441042892767
8.688009999999739,8.088738940285534
8.68967999999974,8.093036837678305
8.69134999999974,8.097334735071076
8.693019999999741,8.101632632463843
8.694689999999742,8.105930529856614
8.696359999999743,8.110228427249385
8.698029999999743,8.114526324642156
8.699699999999744,8.118824222034927
8.701369999999745,8.123122119427698
8.703039999999746,8.12742001682047
8.704709999999746,8.13171791421324
8.706379999999747,8.136015811606011
8.708049999999748,8.140313708998782
8.709719999999749,8.144611606391553
8.71138999999975,8.148909503784324
8.71305999999975,8.153207401177092
8.71472999999975,8.157505298569863
8.716399999999751,8.161803195962637
8.718069999999752,8.166101093355405
8.719739999999753,8.170398990748176
8.721409999999754,8.174696888140947
8.723079999999754,8.178994785533718
8.724749999999755,8.183292682926485
8.726419999999756,8.187590580319256
8.728089999999757,8.191888477712027
8.729759999999757,8.196186375104794
8.731429999999758,8.200484272497569
8.733099999999759,8.20478216989034
8.73476999999976,8.20908006728311
8.73643999999976,8.213377964675882
8.738109999999761,8.21767586206865
8.739779999999762,8.221973759461424
8.741449999999762,8.226271656854195
8.743119999999763,8.230722447291939
8.744789999999764,8.235196031417612
8.746459999999765,8.239669615543288
8.748129999999765,8.244143199668962
8.749799999999766,8.248616783794635
8.751469999999767,8.253413050847094
8.753139999999767,8.25825322033862
8.754809999999768,8.263093389830146
8.756479999999769,8.267933559321673
8.75814999999977,8.272763793103117
8.75981999999977,8.277428275861741
8.761489999999771,8.282009587888705
8.763159999999772,8.286307485281473
8.764829999999773,8.290605382674244
8.766499999999773,8.294903280067018
8.768169999999774,8.299201177459786
8.769839999999775,8.303499074852557
8.771509999999775,8.307796972245328
8.773179999999776,8.312094869638095
8.774849999999777,8.316392767030866
8.776519999999778,8.320690664423637
8.778189999999778,8.324988561816408
8.779859999999779,8.329286459209179
8.78152999999978,8.33358435660195
8.78319999999978,8.33788225399472
8.784869999999781,8.342180151387492
8.786539999999782,8.34647804878026
8.788209999999783,8.35077594617303
8.789879999999783,8.355073843565801
8.791549999999784,8.359371740958576
8.793219999999785,8.363669638351343
8.794889999999786,8.367967535744114
8.796559999999786,8.372265433136885
8.798229999999787,8.376563330529653
8.799899999999788,8.380861227922423
8.801569999999789,8.385159125315194
8.80323999999979,8.389457022707965
8.80490999999979,8.393754920100733
8.80657999999979,8.398052817493507
8.808249999999791,8.402350714886278
8.809919999999792,8.406648612279046
8.811589999999793,8.410946509671817
8.813259999999794,8.415244407064588
8.814929999999794,8.419542304457362
8.816599999999795,8.423840201850133
8.818269999999796,8.4281380992429
8.819939999999796,8.432435996635672
8.821609999999797,8.436733894028443
8.823279999999798,8.441031791421217
8.824949999999799,8.445329688813985
8.8266199999998,8.449627586206756
8.8282899999998,8.453925483599527
8.8299599999998,8.458223380992294
8.831629999999802,8.462521278385065
8.833299999999802,8.46681917577784
8.834969999999803,8.471117073170607
8.836639999999804,8.475414970563378
8.838309999999804,8.479712867956149
8.839979999999805,8.484010765348916
8.841649999999806,8.488308662741687
8.843319999999807,8.492606560134458
8.844989999999807,8.496904457527226
8.846659999999808,8.50120235492
8.848329999999809,8.505500252312771
8.84999999999981,8.509798149705542
8.85166999999981,8.51409604709831
8.853339999999811,8.51839394449108
8.855009999999812,8.522691841883852
8.856679999999812,8.526989739276619
8.858349999999813,8.53128763666939
8.860019999999814,8.535585534062164
8.861689999999815,8.539883431454935
8.863359999999815,8.544181328847703
8.865029999999816,8.548479226240474
8.866699999999817,8.552777123633245
8.868369999999818,8.557075021026016
8.870039999999818,8.561372918418787
8.871709999999819,8.565670815811558
8.87337999999982,8.569968713204329
8.87504999999982,8.574277586206822
8.876719999999821,8.578942068965443
8.878389999999822,8.583606551724067
8.880059999999823,8.588271034482691
8.881729999999823,8.592935517241312
8.883399999999824,8.597599999999936
8.885069999999825,8.60226448275856
8.886739999999826,8.606790916736728
8.888409999999826,8.611088814129499
8.890079999999827,8.61538671152227
8.891749999999828,8.61968460891504
8.893419999999828,8.623982506307808
8.89508999999983,8.628280403700579
8.89675999999983,8.63257830109335
8.89842999999983,8.63687619848612
8.900099999999831,8.641174095878892
8.901769999999832,8.645471993271663
8.903439999999833,8.64976989066443
8.905109999999834,8.654067788057201
8.906779999999834,8.658365685449976
8.908449999999835,8.662663582842747
8.910119999999836,8.666961480235514
8.911789999999836,8.671259377628285
8.913459999999837,8.675557275021056
8.915129999999838,8.679855172413827
8.916799999999839,8.684153069806598
8.91846999999984,8.688450967199365
8.92013999999984,8.692748864592136
8.92180999999984,8.697046761984911
8.923479999999842,8.701344659377678
8.925149999999842,8.70564255677045
8.926819999999843,8.70994045416322
8.928489999999844,8.714238351555988
8.930159999999844,8.718536248948762
8.931829999999845,8.722834146341533
8.933499999999846,8.7271320437343
8.935169999999847,8.731429941127072
8.936839999999847,8.735727838519843
8.938509999999848,8.740025735912617
8.940179999999849,8.744323633305388
8.94184999999985,8.748621530698156
8.94351999999985,8.752919428090927
8.945189999999851,8.757217325483698
8.946859999999852,8.761515222876469
8.948529999999852,8.765813120269236
8.950199999999853,8.770111017662007
8.951869999999854,8.774408915054778
8.953539999999855,8.778706812447552
8.955209999999855,8.78300470984032
8.956879999999856,8.78730260723309
8.958549999999857,8.791600504625862
8.960219999999858,8.79589840201863
8.961889999999858,8.800196299411404
8.963559999999859,8.804494196804175
8.96522999999986,8.808792094196942
8.96689999999986,8.813089991589713
8.968569999999861,8.817387888982484
8.970239999999862,8.821685786375252
8.971909999999863,8.825983683768023
8.973579999999863,8.830281581160794
8.975249999999864,8.834579478553561
8.976919999999865,8.838877375946332
8.978589999999866,8.843175273339106
8.980259999999866,8.847473170731877
8.981929999999867,8.851771068124645
8.983599999999868,8.856068965517416
8.985269999999868,8.860366862910187
8.98693999999987,8.864664760302958
8.98860999999987,8.868962657695729
8.99027999999987,8.8732605550885
8.991949999999871,8.87755845248127
8.993619999999872,8.881856349874042
8.995289999999873,8.886154247266813
8.996959999999874,8.890452144659584
8.998629999999874,8.894750042052355
9.000299999999875,8.802984210526049
9.001969999999876,8.819596315789216
9.003639999999876,8.83620842105238
9.005309999999877,8.852820526315544
9.006979999999878,8.86943263157871
9.008649999999879,8.886044736841875
9.01031999999988,8.902656842105042
9.01198999999988,8.918102926829096
9.01365999999988,8.933499512194949
9.015329999999881,8.948896097560805
9.016999999999882,8.96513478818974
9.018669999999883,8.982113478818754
9.020339999999884,8.999092169447774
9.022009999999884,9.01548243902424
9.023679999999885,9.030879024390092
9.025349999999886,9.046275609755948
9.027019999999887,9.061743774069093
9.028689999999887,9.07872246469811
9.030359999999888,9.095701155327127
9.032029999999889,9.112679845956148
9.03369999999989,9.128258536585236
9.03536999999989,9.143655121951088
9.037039999999891,9.159051707316944
9.038709999999892,9.175331450577463
9.040379999999892,9.192310141206484
9.042049999999893,9.2092888318355
9.043719999999894,9.225638048780379
9.045389999999895,9.241034634146231
9.047059999999895,9.256431219512088
9.048729999999896,9.271940436456823
9.050399999999897,9.288919127085837
9.052069999999897,9.305897817714857
9.053739999999898,9.322876508343874
9.055409999999899,9.338414146341378
9.0570799999999,9.353810731707231
9.0587499999999,9.369207317073087
9.060419999999901,9.385528112965194
9.062089999999902,9.40250680359421
9.063759999999903,9.419485494223228
9.065429999999903,9.436464184852248
9.067099999999904,9.453442875481265
9.068769999999905,9.470421566110282
9.070439999999905,9.4869834146341
9.072109999999906,9.502379999999953
9.073779999999907,9.517776585365809
9.075449999999908,9.533173170731661
9.077119999999908,9.550051861360622
9.078789999999909,9.567030551989639
9.08045999999991,9.58400924261866
9.08212999999991,9.599759512195096
9.083799999999911,9.615156097560948
9.085469999999912,9.630552682926805
9.087139999999913,9.646660847239975
9.088809999999913,9.663639537868992
9.090479999999914,9.680618228498009
9.092149999999915,9.69713902439024
9.093819999999916,9.712535609756092
9.095489999999916,9.727932195121948
9.097159999999917,9.7433287804878
9.098829999999918,9.760248523748345
9.100499999999919,9.777227214377366
9.10216999999992,9.794205905006386
9.10383999999992,9.809915121951239
9.10550999999992,9.825311707317095
9.107179999999921,9.840708292682947
9.108849999999922,9.856857509627702
9.110519999999923,9.873836200256722
9.112189999999924,9.89081489088574
9.113859999999924,9.907294634146382
9.115529999999925,9.922691219512231
9.117199999999926,9.938087804878087
9.118869999999927,9.953484390243943
9.120539999999927,9.970445186136075
9.122209999999928,9.987423876765092
9.123879999999929,10.00440256739411
9.12554999999993,10.019950000000083
9.12721999999993,10.034980000000086
9.128889999999931,10.05001000000009
9.130559999999932,10.065833684210578
9.132229999999932,10.082445789473745
9.133899999999933,10.099057894736909
9.135569999999934,10.115670000000076
9.137239999999935,10.132529910141265
9.138909999999935,10.149508600770282
9.140579999999936,10.166200975609865
9.142249999999937,10.181597560975717
9.143919999999937,10.19699414634157
9.145589999999938,10.212390731707426
9.147259999999939,10.229138896020618
9.14892999999994,10.246117586649639
9.15059999999994,10.263096277278656
9.152269999999941,10.27897707317086
9.153939999999942,10.294373658536713
9.155609999999943,10.30977024390257
9.157279999999943,10.325747881899975
9.158949999999944,10.342726572528992
9.160619999999945,10.359705263158013
9.162289999999945,10.376356585366008
9.163959999999946,10.39175317073186
9.165629999999947,10.407149756097713
9.167299999999948,10.422546341463566
9.168969999999948,10.439335558408345
9.170639999999949,10.456314249037362
9.17230999999995,10.473292939666383
9.17397999999995,10.489132682927
9.175649999999951,10.504529268292853
9.177319999999952,10.519925853658712
9.178989999999953,10.535944544287705
9.180659999999953,10.552923234916719
9.182329999999954,10.569901925545736
9.183999999999955,10.586512195122143
9.185669999999956,10.601908780488003
9.187339999999956,10.617305365853856
9.189009999999957,10.632701951219715
9.190679999999958,10.649532220796075
9.192349999999958,10.666510911425096
9.19401999999996,10.683489602054117
9.19568999999996,10.699288292683146
9.19735999999996,10.714684878048999
9.199029999999961,10.730081463414848
9.200699999999962,10.746141206675421
9.202369999999963,10.763119897304442
9.204039999999964,10.780098587933463
9.205709999999964,10.797077278562483
9.207379999999965,10.814055969191504
9.209049999999966,10.831034659820514
9.210719999999966,10.84785756097586
9.212389999999967,10.86325414634172
9.214059999999968,10.878650731707573
9.215729999999969,10.894047317073433
9.21739999999997,10.910664955070857
9.21906999999997,10.927643645699877
9.22073999999997,10.944622336328898
9.222409999999972,10.960633658536864
9.224079999999972,10.976030243902716
9.225749999999973,10.991426829268569
9.227419999999974,11.00727394095021
9.229089999999974,11.02425263157923
9.230759999999975,11.041231322208244
9.232429999999976,11.058013170732004
9.234099999999977,11.073409756097863
9.235769999999977,11.088806341463712
9.237439999999978,11.104202926829572
9.239109999999979,11.120861617458583
9.24077999999998,11.137840308087604
9.24244999999998,11.154818998716625
9.244119999999981,11.170789268293007
9.245789999999982,11.186185853658863
9.247459999999982,11.201582439024715
9.249129999999983,11.217470603337937
9.250799999999984,11.234273684210866
9.252469999999985,11.250885789474026
9.254139999999985,11.267260000000345
9.255809999999986,11.282290000000351
9.257479999999987,11.29732000000035
9.259149999999988,11.312350000000357
9.260819999999988,11.328683157895103
9.262489999999989,11.345597946085093
9.26415999999999,11.362576636714106
9.26582999999999,11.379555327343127
9.267499999999991,11.396534017972147
9.269169999999992,11.413512708601168
9.270839999999993,11.42969560975649
9.272509999999993,11.44509219512235
9.274179999999994,11.460488780488198
9.275849999999995,11.476164313222487
9.277519999999996,11.4931430038515
9.279189999999996,11.510121694480521
9.280859999999997,11.527075121951622
9.282529999999998,11.542471707317482
9.284199999999998,11.557868292683334
9.28587,11.573264878049194
9.28754,11.589751989730853
9.28921,11.606730680359874
9.290880000000001,11.623709370988895
9.292550000000002,11.639851219512629
9.294220000000003,11.655247804878488
9.295890000000004,11.670644390244341
9.297560000000004,11.686360975610214
9.299230000000005,11.703339666239227
9.300900000000006,11.720318356868248
9.302570000000006,11.737230731707772
9.304240000000007,11.752627317073632
9.305910000000008,11.76802390243948
9.307580000000009,11.783420487805333
9.30925000000001,11.79994865211858
9.31092000000001,11.8169273427476
9.31259000000001,11.833906033376621
9.314260000000012,11.850006829268764
9.315930000000012,11.865403414634624
9.317600000000013,11.880800000000477
9.319270000000014,11.89655763799794
9.320940000000014,11.913536328626954
9.322610000000015,11.930515019255974
9.324280000000016,11.947386341463911
9.325950000000017,11.962782926829771
9.327620000000017,11.97817951219562
9.329290000000018,11.99357609756148
9.330960000000019,12.010145314506314
9.33263000000002,12.027124005135327
9.33430000000002,12.044102695764348
9.335970000000021,12.061081386393361
9.337640000000022,12.078060077022378
9.339310000000022,12.095038767651399
9.340980000000023,12.111352195122485
9.342650000000024,12.126748780488345
9.344320000000025,12.142145365854198
9.345990000000025,12.157690372272722
9.347660000000026,12.174669062901742
9.349330000000027,12.191647753530756
9.351000000000028,12.208626444159776
9.352670000000028,12.224128292683492
9.354340000000029,12.239524878049341
9.35601000000003,12.2549214634152
9.35768000000003,12.271278048781095
9.359350000000031,12.288256739410109
9.361020000000032,12.305235430039126
9.362690000000033,12.321507804878625
9.364360000000033,12.336904390244484
9.366030000000034,12.352300975610337
9.367700000000035,12.367887034660448
9.369370000000036,12.384865725289458
9.371040000000036,12.401844415918479
9.372710000000037,12.4188231065475
9.374380000000038,12.434283902439628
9.376050000000038,12.449450000000596
9.37772000000004,12.464480000000602
9.37939000000004,12.480511052632231
9.38106000000004,12.497123157895398
9.382730000000041,12.513735263158566
9.384400000000042,12.529600000000624
9.386070000000043,12.544630000000623
9.387740000000043,12.560017560976242
9.389410000000044,12.57564467265793
9.391080000000045,12.59262336328695
9.392750000000046,12.609602053915971
9.394420000000046,12.626580744544992
9.396090000000047,12.642000487805532
9.397760000000048,12.657397073171381
9.399430000000049,12.672793658537241
9.40110000000005,12.68923234916631
9.40277000000005,12.706211039795331
9.40444000000005,12.723189730424345
9.406110000000051,12.740168421053365
9.407780000000052,12.757147111682386
9.409450000000053,12.774125802311406
9.411120000000054,12.790569756098257
9.412790000000054,12.805966341464107
9.414460000000055,12.82136292682996
9.416130000000056,12.836777406932718
9.417800000000057,12.853756097561732
9.419470000000057,12.870734788190752
9.421140000000058,12.88771347881977
9.422810000000059,12.90334585365925
9.42448000000006,12.918742439025102
9.42615000000006,12.934139024390962
9.427820000000061,12.950365083441092
9.429490000000062,12.967343774070109
9.431160000000062,12.98432246469913
9.432830000000063,13.000725365854393
9.434500000000064,13.016121951220253
9.436170000000065,13.031518536586105
9.437840000000065,13.046974069320452
9.439510000000066,13.063952759949466
9.441180000000067,13.080931450578479
9.442850000000067,13.0979101412075
9.444520000000068,13.113501463415389
9.446190000000069,13.128898048781242
9.44786000000007,13.144294634147101
9.44953000000007,13.160561745828819
9.451200000000071,13.17754043645784
9.452870000000072,13.19451912708685
9.454540000000073,13.210880975610532
9.456210000000073,13.226277560976392
9.457880000000074,13.241674146342245
9.459550000000075,13.257170731708172
9.461220000000075,13.274149422337192
9.462890000000076,13.291128112966213
9.464560000000077,13.308106803595233
9.466230000000078,13.325085494224247
9.467900000000078,13.342064184853268
9.469570000000079,13.359042875482277
9.47124000000008,13.37484682926911
9.47291000000008,13.390243414634963
9.474580000000081,13.405640000000822
9.476250000000082,13.4216944801036
9.477920000000083,13.438673170732617
9.479590000000083,13.455651861361638
9.481260000000084,13.472226341464253
9.482930000000085,13.487622926830113
9.484600000000086,13.503019512195962
9.486270000000086,13.518416097561822
9.487940000000087,13.53528215661197
9.489610000000088,13.55226084724099
9.491280000000089,13.569239537870011
9.49295000000009,13.585002439025256
9.49462000000009,13.600399024391109
9.49629000000009,13.615795609756962
9.497960000000091,13.631891142491327
9.499630000000092,13.648869833120347
9.501300000000093,13.665563157895686
9.502970000000094,13.681730000000861
9.504640000000094,13.696760000000868
9.506310000000095,13.711790000000867
9.507980000000096,13.726820000000874
9.509650000000097,13.743360526316756
9.511320000000097,13.760018485238483
9.512990000000098,13.7769971758675
9.514660000000099,13.792719024391157
9.5163300000001,13.80811560975701
9.5180000000001,13.82351219512287
9.5196700000001,13.839648780488822
9.521340000000102,13.856627471117843
9.523010000000102,13.873606161746856
9.524680000000103,13.890098536586304
9.526350000000104,13.905495121952157
9.528020000000105,13.920891707318006
9.529690000000105,13.936288292683866
9.531360000000106,13.953236456997189
9.533030000000107,13.97021514762621
9.534700000000107,13.98719383825523
9.536370000000108,14.004172528884247
9.538040000000109,14.02115121951326
9.53971000000011,14.038129910142281
9.54138000000011,14.054064390244879
9.543050000000111,14.069460975610738
9.544720000000112,14.084857560976587
9.546390000000113,14.1007815147636
9.548060000000113,14.11776020539262
9.549730000000114,14.134738896021641
9.551400000000115,14.151443902440022
9.553070000000115,14.166840487805874
9.554740000000116,14.182237073171734
9.556410000000117,14.197633658537587
9.558080000000118,14.21436919127197
9.559750000000118,14.231347881900987
9.561420000000119,14.248326572530008
9.56309000000012,14.264220000001018
9.56476000000012,14.27961658536687
9.566430000000121,14.29501317073273
9.568100000000122,14.310978177151327
9.569770000000123,14.327956867780347
9.571440000000123,14.344935558409361
9.573110000000124,14.361599512196161
9.574780000000125,14.37699609756202
9.576450000000126,14.392392682927873
9.578120000000126,14.407789268293733
9.579790000000127,14.424565853659704
9.581460000000128,14.441544544288718
9.583130000000128,14.458523234917738
9.58480000000013,14.474375609757157
9.58647000000013,14.48977219512301
9.58814000000013,14.50516878048887
9.589810000000131,14.521174839539057
9.591480000000132,14.538153530168078
9.593150000000133,14.555132220797088
9.594820000000134,14.5717551219523
9.596490000000134,14.58715170731816
9.598160000000135,14.602548292684013
9.599830000000136,14.617944878049869
9.601500000000136,14.634762516047427
9.603170000000137,14.651741206676448
9.604840000000138,14.668719897305468
9.606510000000139,14.685698587934482
9.60818000000014,14.702677278563502
9.60985000000014,14.719655969192516
9.61152000000014,14.735720975610878
9.613190000000142,14.751117560976738
9.614860000000142,14.76651414634259
9.616530000000143,14.782307573813835
9.618200000000144,14.799286264442856
9.619870000000144,14.816264955071876
9.621540000000145,14.833100487806021
9.623210000000146,14.848497073171881
9.624880000000147,14.86389365853773
9.626550000000147,14.878950000001119
9.628220000000148,14.895188421053884
9.629890000000149,14.911800526317052
9.63156000000015,14.928412631580219
9.63323000000015,14.94407000000114
9.634900000000151,14.95910000000114
9.636570000000152,14.974230731708492
9.638240000000152,14.990065211811327
9.639910000000153,15.007043902440348
9.641580000000154,15.024022593069361
9.643250000000155,15.040817073171922
9.644920000000155,15.056213658537782
9.646590000000156,15.071610243903635
9.648260000000157,15.087006829269495
9.649930000000158,15.1036528883197
9.651600000000158,15.120631578948718
9.653270000000159,15.137610269577738
9.65494000000016,15.153593170732925
9.65661000000016,15.168989756098785
9.658280000000161,15.184386341464638
9.659950000000162,15.200261874199057
9.661620000000163,15.21724056482807
9.663290000000163,15.234219255457091
9.664960000000164,15.251197946086105
9.666630000000165,15.268176636715125
9.668300000000166,15.285155327344146
9.669970000000166,15.30213401797316
9.671640000000167,15.317559024391503
9.673310000000168,15.332955609757356
9.674980000000168,15.348352195123216
9.67665000000017,15.364785622594479
9.67832000000017,15.3817643132235
9.67999000000017,15.39874300385252
9.681660000000171,15.414938536586646
9.683330000000172,15.430335121952506
9.685000000000173,15.445731707318359
9.686670000000174,15.461394608473839
9.688340000000174,15.478373299102852
9.690010000000175,15.495351989731873
9.691680000000176,15.512318048781783
9.693350000000176,15.527714634147642
9.695020000000177,15.543111219513495
9.696690000000178,15.558507804879355
9.698360000000179,15.574982284982209
9.70003000000018,15.591960975611226
9.70170000000018,15.608939666240246
9.70337000000018,15.625094146342786
9.705040000000182,15.640490731708645
9.706710000000182,15.655887317074498
9.708380000000183,15.671591270861565
9.710050000000184,15.688569961490586
9.711720000000184,15.7055486521196
9.713390000000185,15.722473658537929
9.715060000000186,15.737870243903789
9.716730000000187,15.753266829269638
9.718400000000187,15.76866341463549
9.720070000000188,15.785178947369932
9.721740000000189,15.802157637998953
9.72341000000019,15.819136328627973
9.72508000000019,15.835249756098925
9.726750000000191,15.850646341464785
9.728420000000192,15.866042926830637
9.730090000000192,15.881787933249296
9.731760000000193,15.898766623878306
9.733430000000194,15.915745314507326
9.735100000000195,15.932724005136347
9.736770000000195,15.949702695765367
9.738440000000196,15.966681386394388
9.740110000000197,15.983660077023401
9.741780000000198,15.999215609757506
9.743450000000198,16.01461219512336
9.745120000000199,16.03000878048921
9.7467900000002,16.046311681644713
9.7484600000002,16.063290372273734
9.750130000000201,16.08024052631734
9.751800000000202,16.096200000001378
9.753470000000203,16.111230000001385
9.755140000000203,16.126260000001384
9.756810000000204,16.14142578947525
9.758480000000205,16.158037894738417
9.760150000000205,16.174650000001577
9.761820000000206,16.19141771502089
9.763490000000207,16.20693219512341
9.765160000000208,16.222328780489264
9.766830000000208,16.23772536585512
9.76850000000021,16.25406931964221
9.77017000000021,16.271048010271222
9.77184000000021,16.288026700900243
9.773510000000211,16.304311707318547
9.775180000000212,16.319708292684407
9.776850000000213,16.33510487805026
9.778520000000213,16.350678305521566
9.780190000000214,16.367656996150576
9.781860000000215,16.384635686779596
9.783530000000216,16.401614377408617
9.785200000000216,16.41708780487955
9.786870000000217,16.432484390245403
9.788540000000218,16.447880975611262
9.790210000000219,16.46426598202994
9.79188000000022,16.481244672658956
9.79355000000022,16.498223363287977
9.79522000000022,16.514467317074693
9.796890000000221,16.529863902440546
9.798560000000222,16.5452604878064
9.800230000000223,16.560874967909292
9.801900000000224,16.577853658538306
9.803570000000224,16.594832349167326
9.805240000000225,16.611811039796347
9.806910000000226,16.628789730425364
9.808580000000227,16.645768421054385
9.810250000000227,16.662747111683398
9.811920000000228,16.67843317073327
9.813590000000229,16.693829756099124
9.81526000000023,16.70922634146498
9.81693000000023,16.725398716304717
9.818600000000231,16.742377406933738
9.820270000000232,16.75935609756276
9.821940000000232,16.775812682928414
9.823610000000233,16.791209268294264
9.825280000000234,16.806605853660116
9.826950000000235,16.82200770218407
9.828620000000235,16.83898639281309
9.830290000000236,16.855965083442104
9.831960000000237,16.872943774071125
9.833630000000237,16.888588780489407
9.835300000000238,16.90398536585526
9.836970000000239,16.91938195122112
9.83864000000024,16.935595378692444
9.84031000000024,16.952574069321464
9.841980000000241,16.969552759950485
9.843650000000242,16.985968292684554
9.845320000000243,17.001364878050413
9.846990000000243,17.016761463416263
9.848660000000244,17.032204364571804
9.850330000000245,17.049183055200817
9.852000000000245,17.066161745829838
9.853670000000246,17.08314043645885
9.855340000000247,17.09874439024555
9.857010000000248,17.114140975611402
9.858680000000248,17.129537560977262
9.860350000000249,17.145792041080174
9.86202000000025,17.16277073170919
9.86369000000025,17.17974942233821
9.865360000000251,17.196728112967225
9.867030000000252,17.213706803596246
9.868700000000253,17.230685494225266
9.870370000000253,17.247313658538275
9.872040000000254,17.26271024390413
9.873710000000255,17.278106829269984
9.875380000000256,17.293420000001635
9.877050000000256,17.309865789475538
9.878720000000257,17.326477894738705
9.880390000000258,17.343090000001865
9.882060000000259,17.35854000000165
9.88373000000026,17.37357000000165
9.88540000000026,17.388600000001656
9.88707000000026,17.404485750964714
9.888740000000261,17.421464441593734
9.890410000000262,17.438443132222755
9.892080000000263,17.455030243904176
9.893750000000264,17.470426829270036
9.895420000000264,17.485823414635888
9.897090000000265,17.501220000001748
9.898760000000266,17.518073427473094
9.900430000000267,17.535052118102108
9.902100000000267,17.55203080873113
9.903770000000268,17.56780634146518
9.905440000000269,17.58320292683103
9.90711000000027,17.59859951219688
9.90878000000027,17.61468241335244
9.91045000000027,17.63166110398146
9.912120000000272,17.64863979461048
9.913790000000272,17.665185853660315
9.915460000000273,17.680582439026175
9.917130000000274,17.695979024392027
9.918800000000275,17.711375609757887
9.920470000000275,17.728270089860818
9.922140000000276,17.745248780489835
9.923810000000277,17.762227471118855
9.925480000000277,17.777961951221318
9.927150000000278,17.79335853658717
9.928820000000279,17.80875512195303
9.93049000000028,17.824879075740174
9.93216000000028,17.841857766369188
9.933830000000281,17.85883645699821
9.935500000000282,17.875815147627222
9.937170000000282,17.892793838256242
9.938840000000283,17.90977252888526
9.940510000000284,17.926531219514033
9.942180000000285,17.941927804879892
9.943850000000285,17.957324390245745
9.945520000000286,17.972720975611605
9.947190000000287,17.989402824135603
9.948860000000288,18.006381514764616
9.950530000000288,18.023360205393637
9.952200000000289,18.03930731707504
9.95387000000029,18.054703902440895
9.95554000000029,18.070100487806748
9.957210000000291,18.086011810014956
9.958880000000292,18.102990500643976
9.960550000000293,18.11996919127299
9.962220000000293,18.13668682927017
9.963890000000294,18.15208341463603
9.965560000000295,18.167480000001884
9.967230000000296,18.182876585367744
9.968900000000296,18.199599486523322
9.970570000000297,18.216578177152343
9.972240000000298,18.233556867781363
9.973910000000298,18.24946292683118
9.9755800000003,18.26485951219703
9.9772500000003,18.28025609756289
9.9789200000003,18.296208472402682
9.980590000000301,18.313187163031703
9.982260000000302,18.330165853660723
9.983930000000303,18.34684243902632
9.985600000000304,18.362239024392174
9.987270000000304,18.37763560975803
9.988940000000305,18.393032195123883
9.990610000000306,18.40979614891105
9.992280000000306,18.42677483954007
9.993950000000307,18.44375353016909
9.995620000000308,18.459618536587314
9.997290000000309,18.475015121953167
9.99896000000031,18.490411707319026
10.00063000000031,18.51326315789928
10.00230000000031,18.548421052636154
10.003970000000312,18.577698947371893
10.005640000000312,18.607625730998745
10.007310000000313,18.642783625735614
10.008980000000314,18.67313263158245
10.010650000000314,18.70207777778274
10.012320000000315,18.738817777782778
10.013990000000316,18.77182000000389
10.015660000000317,18.8018800000039
10.017330000000317,18.836771929829293
10.019000000000318,18.86926315789834
10.020670000000319,18.897741052635183
10.02234000000032,18.93203555556066
10.02401000000032,18.96718000000399
10.025680000000321,18.997240000004
10.027350000000322,19.030760233922962
10.029020000000322,19.065393684214232
10.030690000000323,19.093871578951077
10.032360000000324,19.125253333338556
10.034030000000325,19.161993333338582
10.035700000000325,19.192600000004095
10.037370000000326,19.224362222227505
10.039040000000327,19.25990643275351
10.040710000000328,19.29000210526696
10.042380000000328,19.3191111111161
10.044050000000329,19.355211111116475
10.04572000000033,19.387960000004195
10.04739000000033,19.418020000004198
10.049060000000331,19.453894736847182
10.050730000000332,19.486132631582844
10.052400000000333,19.51461052631969
10.054070000000333,19.54326000000425
10.055740000000334,19.574057777783242
10.057410000000335,19.610797777783276
10.059080000000336,19.64344000000431
10.060750000000336,19.6722631578987
10.062420000000337,19.70708771930345
10.064090000000338,19.739218947372418
10.065760000000338,19.767696842109267
10.06743000000034,19.801450292402915
10.06910000000034,19.834652631582994
10.07077000000034,19.8638600000044
10.072440000000341,19.8981244444501
10.074110000000342,19.933980000004446
10.075780000000343,19.963827368425157
10.077450000000344,19.995438596496584
10.079120000000344,20.030596491233453
10.080790000000345,20.059261052635723
10.082460000000346,20.091342222227986
10.084130000000346,20.128082222228024
10.085800000000347,20.159400000004556
10.087470000000348,20.189426900590256
10.089140000000349,20.224584795327125
10.09081000000035,20.255391578951606
10.09248000000035,20.284640000004604
10.09415000000035,20.321300000005905
10.095820000000352,20.354760000004653
10.097490000000352,20.384566315793776
10.099160000000353,20.418573099420804
10.100830000000354,20.451522105267497
10.102500000000354,20.480000000004697
10.104170000000355,20.514517777783787
10.105840000000356,20.55012000000475
10.107510000000357,20.580180000004763
10.109180000000357,20.609174736846505
10.110850000000358,20.63765263158335
10.112520000000359,20.67176608187707
10.11419000000036,20.70542000000481
10.11586000000036,20.735480000004813
10.117530000000361,20.770104444450592
10.119200000000362,20.805305263162392
10.120870000000362,20.83378315789924
10.122540000000363,20.86575438597075
10.124210000000364,20.90078000000491
10.125880000000365,20.930840000004913
10.127550000000365,20.96332222222848
10.129220000000366,21.000062222228518
10.130890000000367,21.029913684215124
10.132560000000367,21.059742690064418
10.134230000000368,21.094900584801287
10.135900000000369,21.12534736842569
10.13757000000037,21.154105263163885
10.13924000000037,21.189263157900747
10.140910000000371,21.22138000000505
10.142580000000372,21.25144000000506
10.144250000000373,21.28738888889534
10.145920000000373,21.32147789474158
10.147590000000374,21.34995578947842
10.149260000000375,21.383251461994426
10.150930000000375,21.41691157895215
10.152600000000376,21.44680000000516
10.154270000000377,21.48060666667322
10.155940000000378,21.516920000005207
10.157610000000378,21.54608631579431
10.15928000000038,21.577239766088105
10.16095000000038,21.612397660824975
10.16262000000038,21.642160000005262
10.164290000000381,21.67222000000527
10.165960000000382,21.702280000005278
10.167630000000383,21.736070175444905
10.169300000000383,21.77069473684704
10.170970000000384,21.79917263158389
10.172640000000385,21.83043274854437
10.174310000000386,21.867042222229003
10.175980000000386,21.89764000000538
10.177650000000387,21.929411111117915
10.179320000000388,21.965216374275457
10.180990000000389,21.99530315789977
10.18266000000039,22.02442105263804
10.18433000000039,22.060260000006885
10.18600000000039,22.093000000005468
10.187670000000391,22.12306000000548
10.189340000000392,22.15920467836913
10.191010000000393,22.191433684215653
10.192680000000394,22.219911578952498
10.194350000000394,22.25356725146859
10.196020000000395,22.288360000005568
10.197690000000396,22.318420000005574
10.199360000000397,22.352586666673723
10.201030000000397,22.38756421053155
10.202700000000398,22.416042105268396
10.204370000000399,22.447555555562268
10.2060400000004,22.48271345029913
10.2077100000004,22.511475789478958
10.209380000000401,22.541918128661727
10.211050000000402,22.577544444451632
10.212720000000402,22.608960000005716
10.214390000000403,22.639913333340544
10.216060000000404,22.676653333340575
10.217730000000405,22.70760631579484
10.219400000000405,22.73608421053168
10.221070000000406,22.76456210526853
10.222740000000407,22.796391111118396
10.224410000000407,22.833131111118433
10.226080000000408,22.864440000005835
10.227750000000409,22.89473684211221
10.22942000000041,22.92989473684908
10.23109000000041,22.960692631584422
10.232760000000411,22.989680000005883
10.234430000000412,23.026348888896315
10.236100000000413,23.05980000000593
10.237770000000413,23.089860000005935
10.239440000000414,23.12388304094275
10.241110000000415,23.156823157900313
10.242780000000415,23.18530105263715
10.244450000000416,23.219566666674204
10.246120000000417,23.25516000000603
10.247790000000418,23.285220000006035
10.249460000000418,23.317871345036423
10.251130000000419,23.35295368421619
10.25280000000042,23.38143157895304
10.25447000000042,23.4127844444521
10.256140000000421,23.44952444445213
10.257810000000422,23.480580000006135
10.259480000000423,23.511859649130095
10.261150000000423,23.547017543866964
10.262820000000424,23.577562105268925
10.264490000000425,23.60622222222956
10.266160000000426,23.64138011696643
10.267830000000426,23.672995789479486
10.269500000000427,23.70147368421633
10.271170000000428,23.736851111118945
10.272840000000429,23.771120000006277
10.27451000000043,23.801180000006276
10.27618000000043,23.8306484210585
10.27785000000043,23.859415204685824
10.279520000000431,23.8945730994227
10.281190000000432,23.92642000000634
10.282860000000433,23.956480000006344
10.284530000000434,23.992437777785753
10.286200000000434,24.02660000000639
10.287870000000435,24.055256842111227
10.289540000000436,24.088561403516366
10.291210000000437,24.122212631584958
10.292880000000437,24.151840000006445
10.294550000000438,24.185655555563642
10.296220000000439,24.22196000000649
10.29789000000044,24.251387368427118
10.29956000000044,24.282549707610045
10.30123000000044,24.317707602346914
10.302900000000442,24.347200000006538
10.304570000000442,24.378873333341524
10.306240000000443,24.41561333334156
10.307910000000444,24.447380000006596
10.309580000000444,24.476538011703724
10.311250000000445,24.511695906440593
10.312920000000446,24.54295157895357
10.314590000000447,24.572620000006644
10.316260000000447,24.60883111111945
10.317930000000448,24.64274000000669
10.319600000000449,24.672126315795737
10.32127000000045,24.705684210534272
10.32294000000045,24.73908210526946
10.324610000000451,24.767980000006744
10.326280000000452,24.802048888897325
10.327950000000452,24.83810000000679
10.329620000000453,24.868160000006796
10.331290000000454,24.896734736848465
10.332960000000455,24.92521263158531
10.334630000000455,24.958877192990542
10.336300000000456,24.992168421059034
10.337970000000457,25.02064631579588
10.339640000000458,25.053239766089995
10.341310000000458,25.088580000006893
10.342980000000459,25.1186400000069
10.34465000000046,25.151744444453072
10.34632000000046,25.188023391821083
10.347990000000461,25.21677684211177
10.349660000000462,25.247228070183667
10.351330000000463,25.282593333342042
10.353000000000463,25.314000000006992
10.354670000000464,25.344962222230954
10.356340000000465,25.381702222230984
10.358010000000466,25.412907368427653
10.359680000000466,25.4413852631645
10.361350000000467,25.476374269014222
10.363020000000468,25.5093600000071
10.364690000000468,25.539420000007098
10.36636000000047,25.57492000000888
10.36803000000047,25.609037894743544
10.36970000000047,25.637515789480382
10.371370000000471,25.670362573107887
10.373040000000472,25.7047200000072
10.374710000000473,25.734780000007206
10.376380000000474,25.76813777778677
10.378050000000474,25.804877777786793
10.379720000000475,25.833646315796265
10.381390000000476,25.864350877201566
10.383060000000476,25.899508771938436
10.384730000000477,25.9301400000073
10.386400000000478,25.960200000007312
10.388070000000479,25.990260000007325
10.38974000000048,26.023181286558376
10.39141000000048,26.058254736849
10.39308000000048,26.086732631585846
10.394750000000482,26.11783333334251
10.396420000000482,26.15457333334254
10.398090000000483,26.185620000007418
10.399760000000484,26.216942222231452
10.401430000000484,26.252327485388918
10.403100000000485,26.282863157901737
10.404770000000486,26.3115321637515
10.406440000000487,26.34669005848837
10.408110000000487,26.37829684211229
10.409780000000488,26.406774736849144
10.411450000000489,26.441900000009362
10.41312000000049,26.47616000000756
10.41479000000049,26.506220000007566
10.416460000000491,26.540678362582057
10.418130000000492,26.57442736842819
10.419800000000492,26.602905263165034
10.421470000000493,26.63511777778725
10.423140000000494,26.671520000007654
10.424810000000495,26.701580000007667
10.426480000000495,26.7342266666762
10.428150000000496,26.769824561412598
10.429820000000497,26.799035789480918
10.431490000000498,26.82902923977518
10.433160000000498,26.865075555565163
10.434830000000499,26.896940000007753
10.4365000000005,26.927444444454082
10.4381700000005,26.96381286550627
10.439840000000501,26.9951663157968
10.441510000000502,27.023644210533647
10.443180000000503,27.052240000007814
10.444850000000503,27.083922222231926
10.446520000000504,27.120662222231978
10.448190000000505,27.152420000007865
10.449860000000506,27.181847953225656
10.451530000000506,27.217005847962533
10.453200000000507,27.248252631586375
10.454870000000508,27.277660000007927
10.456540000000508,27.313880000009853
10.45821000000051,27.347780000007965
10.45988000000051,27.37742736842855
10.46155000000051,27.41099415205621
10.463220000000511,27.44438315790226
10.464890000000512,27.472861052639104
10.466560000000513,27.505356725155664
10.468230000000514,27.539816842112835
10.469900000000514,27.568294736849673
10.471570000000515,27.60120666667668
10.473240000000516,27.63794666667672
10.474910000000516,27.668380000008113
10.476580000000517,27.699345029249336
10.478250000000518,27.734502923986206
10.479920000000519,27.764425263165563
10.48159000000052,27.794424444454563
10.48326000000052,27.831164444454593
10.48493000000052,27.863740000008214
10.486600000000522,27.893600000007737
10.488270000000522,27.928491228079892
10.489940000000523,27.960555789481447
10.491610000000524,27.989033684218285
10.493280000000524,28.024382222232475
10.494950000000525,28.059100000008314
10.496620000000526,28.08916000000832
10.498290000000527,28.11820842106045
10.499960000000527,28.14668631579731
10.501630000000528,28.18168421053616
10.503300000000529,28.214400000008368
10.50497000000053,28.244460000008367
10.50664000000053,28.279968888899283
10.508310000000531,28.314338947376342
10.509980000000532,28.34281684211318
10.511650000000532,28.375672514629827
10.513320000000533,28.409772631586904
10.514990000000534,28.439820000008467
10.516660000000535,28.473186666677165
10.518330000000535,28.509926666677195
10.520000000000536,28.53894736842907
10.521670000000537,28.5696608187235
10.523340000000537,28.604818713460368
10.525010000000538,28.635180000008567
10.526680000000539,28.66640444445506
10.52835000000054,28.7031444444551
10.53002000000054,28.73507789474496
10.531690000000541,28.76364912281717
10.533360000000542,28.79880701755404
10.535030000000543,28.83051157895553
10.536700000000543,28.858989473692368
10.538370000000544,28.893169590653507
10.540040000000545,28.925945263166092
10.541710000000545,28.955780000008716
10.543380000000546,28.990471111121906
10.545050000000547,29.025900000008754
10.546720000000548,29.05512000000825
10.548390000000548,29.08715789474718
10.550060000000549,29.12207578948197
10.55173000000055,29.151140000008816
10.55340000000055,29.181200000008836
10.555070000000551,29.211260000008842
10.556740000000552,29.24598830410398
10.558410000000553,29.279728421060987
10.560080000000553,29.30820631579784
10.561750000000554,29.34035087720344
10.563420000000555,29.376560000008922
10.565090000000556,29.406620000008942
10.566760000000556,29.439275555566603
10.568430000000557,29.47513450293453
10.570100000000558,29.504336842113716
10.571770000000559,29.534339181297113
10.57344000000056,29.57012444445558
10.57511000000056,29.60198000000902
10.57678000000056,29.632493333344485
10.578450000000561,29.669122807028202
10.580120000000562,29.7004673684296
10.581790000000563,29.72894526316646
10.583460000000564,29.763485380127676
10.585130000000564,29.79734000000913
10.586800000000565,29.82740000000915
10.588470000000566,29.862451111122404
10.590140000000567,29.896597894745497
10.591810000000567,29.92507578948235
10.593480000000568,29.95747368422134
10.595150000000569,29.99270000000923
10.59682000000057,30.022760000009228
10.59849000000057,30.0556688889003
10.600160000000571,30.09225730995243
10.601830000000572,30.12120631579822
10.603500000000572,30.151461988315006
10.605170000000573,30.186619883051897
10.606840000000574,30.216640000008788
10.608510000000575,30.245117894745633
10.610180000000575,30.273595789482485
10.611850000000576,30.30625555556709
10.613520000000577,30.34299555556713
10.615190000000577,30.373420000009396
10.616860000000578,30.404654970771276
10.618530000000579,30.439812865508166
10.62020000000058,30.469726315798376
10.62187000000058,30.499473333344973
10.623540000000581,30.536213333345003
10.625210000000582,30.568780000009482
10.626880000000583,30.598840000009496
10.628550000000583,30.63380116960183
10.630220000000584,30.665856842114245
10.631890000000585,30.694334736851097
10.633560000000585,30.7294311111229
10.635230000000586,30.764140000009583
10.636900000000587,30.79420000000959
10.638570000000588,30.82778947369551
10.640240000000588,30.861987368430142
10.641910000000589,30.89046526316698
10.64358000000059,30.922648888900788
10.64525000000059,30.95938888890082
10.646920000000591,30.989560000009703
10.648590000000592,31.021757777789723
10.650260000000593,31.056935672526045
10.651930000000593,31.086595789482864
10.653600000000594,31.116140350888642
10.655270000000595,31.1526066666787
10.656940000000596,31.18492000000979
10.658610000000596,31.214980000009803
10.660280000000597,31.25092397661973
10.661950000000598,31.282726315798755
10.663620000000599,31.3112042105356
10.6652900000006,31.339682105272452
10.6669600000006,31.369333333344905
10.6686300000006,31.40449122808178
10.670300000000601,31.4354000000099
10.671970000000602,31.46556222223441
10.673640000000603,31.502302222234448
10.675310000000604,31.53558000000995
10.676980000000604,31.56429052632518
10.678650000000605,31.598479532175446
10.680320000000606,31.631246315798904
10.681990000000606,31.66082000001
10.683660000000607,31.69552000001233
10.685330000000608,31.73094000001005
10.687000000000609,31.76042105264107
10.68867000000061,31.792467836269118
10.69034000000061,31.827376842114788
10.69201000000061,31.856180000010106
10.693680000000612,31.88873777779021
10.695350000000612,31.92547777779025
10.697020000000613,31.956360000010157
10.698690000000614,31.986456140362804
10.700360000000614,32.021614035099674
10.702030000000615,32.051985263167516
10.703700000000616,32.08195555556809
10.705370000000617,32.11869555556813
10.707040000000617,32.15172000001024
10.708710000000618,32.18116000000969
10.710380000000619,32.215602339193346
10.71205000000062,32.248115789483414
10.71372000000062,32.276960000010305
10.715390000000621,32.31191333334601
10.717060000000622,32.34708000001035
10.718730000000622,32.377140000010364
10.720400000000623,32.40576842106242
10.722070000000624,32.43424631579926
10.723740000000625,32.468795321649615
10.725410000000625,32.50238000001041
10.727080000000626,32.53244000001042
10.728750000000627,32.56750000001283
10.730420000000628,32.601898947378295
10.732090000000628,32.63037684211515
10.733760000000629,32.66278362574328
10.73543000000063,32.69733263158886
10.73710000000063,32.725810526325716
10.738770000000631,32.75714619884275
10.740440000000632,32.79245777779073
10.742110000000633,32.82298000001055
10.743780000000633,32.854826666679635
10.745450000000634,32.89156666667969
10.747120000000635,32.92194105264161
10.748790000000636,32.95113450293642
10.750460000000636,32.98629239767329
10.752130000000637,33.01834000001066
10.753800000000638,33.04840000001066
10.755470000000638,33.08478444445757
10.75714000000064,33.118071578957476
10.75881000000064,33.146549473694336
10.76048000000064,33.180280701766975
10.762150000000641,33.213700000010746
10.763820000000642,33.24376000001076
10.765490000000643,33.27800222223545
10.767160000000644,33.3138800000108
10.768830000000644,33.342680000010205
10.770500000000645,33.37426900586065
10.772170000000646,33.409426900597516
10.773840000000646,33.43912000001087
10.775510000000647,33.469180000010866
10.777180000000648,33.499240000010886
10.778850000000649,33.53309941521745
10.78052000000065,33.567288421062955
10.78219000000065,33.59576631579981
10.78386000000065,33.6276977777912
10.785530000000652,33.66443777779123
10.787200000000652,33.69460000001097
10.788870000000653,33.72680666668013
10.790540000000654,33.762245614048
10.792210000000654,33.79189684211568
10.793880000000655,33.82145029241058
10.795550000000656,33.857655555569124
10.797220000000657,33.88996000001107
10.798890000000657,33.920024444458036
10.800560000000658,33.95623391814168
10.802230000000659,33.988027368431574
10.80390000000066,34.016505263168426
10.80557000000066,34.05059649124114
10.807240000000661,34.08346105264214
10.808910000000662,34.111938947378995
10.810580000000662,34.14498222223594
10.812250000000663,34.180500000011214
10.813920000000664,34.21056000001122
10.815590000000665,34.24409111112489
10.817260000000665,34.279591578958026
10.818930000000666,34.308069473694864
10.820600000000667,34.338947368434255
10.822270000000668,34.374940000013865
10.823940000000668,34.40592000001132
10.825610000000669,34.43730888890278
10.82728000000067,34.47373099416536
10.82895000000067,34.50420000001076
10.830620000000671,34.5326778947476
10.832290000000672,34.56122000001139
10.833960000000673,34.593786666680636
10.835630000000673,34.63052666668067
10.837300000000674,34.66140000001144
10.838970000000675,34.691766081884744
10.840640000000676,34.72692397662161
10.842310000000676,34.75728631580033
10.843980000000677,34.78700444445852
10.845650000000678,34.82374444445855
10.847320000000678,34.856760000011526
10.84899000000068,34.8864610526425
10.85066000000068,34.9209122807153
10.85233000000068,34.95341684211622
10.854000000000681,34.98200000001158
10.855670000000682,35.01696222223644
10.857340000000683,35.052120000011634
10.859010000000684,35.08218000001163
10.860680000000684,35.11490058480897
10.862350000000685,35.14954736843211
10.864020000000686,35.17802526316896
10.865690000000686,35.209263157908424
10.867360000000687,35.24442105264529
10.869030000000688,35.27345894737951
10.870700000000689,35.30428888890326
10.87237000000069,35.34102888890329
10.87404000000069,35.372720000011775
10.87571000000069,35.4032514620021
10.877380000000691,35.43840935673898
10.879050000000692,35.46958947369541
10.880720000000693,35.498067368432245
10.882390000000694,35.53424666668118
10.884060000000694,35.56808000001188
10.885730000000695,35.59814000001188
10.887400000000696,35.62724210527442
10.889070000000697,35.65644444445837
10.890740000000697,35.69160233919525
10.892410000000698,35.72338000001193
10.894080000000699,35.75344000001194
10.8957500000007,35.78983333334798
10.8974200000007,35.82337263159031
10.899090000000701,35.85185052632715
10.900760000000702,35.885590643288914
10.902430000000702,35.91880631580087
10.904100000000703,35.94880000001204
10.905770000000704,35.98305111112586
10.907440000000705,36.01892000001209
10.909110000000705,36.04798105264304
10.910780000000706,36.079578947382586
10.912450000000707,36.11473684211946
10.914120000000707,36.14416000001215
10.915790000000708,36.176268888903756
10.917460000000709,36.21300888890379
10.91913000000071,36.244111578958915
10.92080000000071,36.27356725147626
10.922470000000711,36.30872514621314
10.924140000000712,36.33954526316948
10.925810000000713,36.36958000001225
10.927480000000713,36.406226666681675
10.929150000000714,36.4397000000123
10.930820000000715,36.46872000001166
10.932490000000715,36.502713450306814
10.934160000000716,36.535675789485374
10.935830000000717,36.56415368422223
10.937500000000718,36.59707602340627
10.939170000000718,36.631109473695936
10.940840000000719,36.6601200000124
10.94251000000072,36.6901800000124
10.94418000000072,36.7202400000124
10.945850000000721,36.755906432763084
10.947520000000722,36.78876210527494
10.949190000000723,36.81724000001179
10.950860000000723,36.85026900586253
10.952530000000724,36.88554000001248
10.954200000000725,36.9156000000125
10.955870000000726,36.9491400000153
10.957540000000726,36.984892631590824
10.959210000000727,37.013370526327684
10.960880000000728,37.0442573099562
10.962550000000729,37.07998888890428
10.96422000000073,37.110960000012604
10.96589000000073,37.14235777779319
10.96756000000073,37.17904093568731
10.969230000000731,37.209501052643574
10.970900000000732,37.23824561404989
10.972570000000733,37.27340350878676
10.974240000000734,37.30632000001269
10.975910000000734,37.33638000001271
10.977580000000735,37.37231555557111
10.979250000000736,37.405631578959444
10.980920000000737,37.4341094736963
10.982590000000737,37.46739181288043
10.984260000000738,37.50168000001279
10.985930000000739,37.531740000012796
10.98760000000074,37.565533333349
10.98927000000074,37.60176210527534
10.990940000000741,37.63024000001219
10.992610000000742,37.661380116974115
10.994280000000742,37.696538011710985
10.995950000000743,37.72710000001291
10.997620000000744,37.75716000001292
10.999290000000745,37.787220000012915
11.000960000000745,37.81920000001442
11.002630000000746,37.84486285715401
11.004300000000747,37.87062857143976
11.005970000000747,37.89717777779231
11.007640000000748,37.92699682540519
11.009310000000749,37.952211428582686
11.01098000000075,37.97627936508781
11.01265000000075,38.00855555557016
11.014320000000751,38.03379428572562
11.015990000000752,38.05893333334184
11.017660000000753,38.086533333348044
11.019330000000753,38.11537714286854
11.021000000000754,38.14114285715431
11.022670000000755,38.164511111125925
11.024340000000755,38.19696000001148
11.026010000000756,38.222725714297226
11.027680000000757,38.24332698413563
11.029350000000758,38.264257142868715
11.031020000000758,38.301146666684545
11.032690000000759,38.32598095238967
11.03436000000076,38.345840000011655
11.03603000000076,38.37805333335132
11.037700000000761,38.4086349206437
11.039370000000762,38.427720634929436
11.041040000000763,38.45496000001809
11.042710000000763,38.491288888897735
11.044380000000764,38.51037460318346
11.046050000000765,38.534771428583255
11.047720000000766,38.57106666668195
11.049390000000766,38.59302857143749
11.051060000000767,38.61635428572618
11.052730000000768,38.64212000001194
11.054400000000769,38.672266666685054
11.05607000000077,38.7058793650884
11.05774000000077,38.72496507937414
11.05941000000077,38.74946857144062
11.061080000000771,38.788266666682226
11.062750000000772,38.80761904762819
11.064420000000773,38.83105142858355
11.066090000000774,38.86616000001862
11.067760000000774,38.89027301588221
11.069430000000775,38.91263428572648
11.071100000000776,38.94306666668539
11.072770000000776,38.97292698413624
11.074440000000777,38.9942171428694
11.076110000000778,39.01998285715517
11.077780000000779,39.0412952381046
11.07945000000078,39.07346666668555
11.08112000000078,39.10156571429808
11.08279000000078,39.123949206358624
11.084460000000782,39.150373333352306
11.086130000000782,39.18314857144102
11.087800000000783,39.20660317461265
11.089470000000784,39.228288888904984
11.091140000000784,39.26473142858394
11.092810000000785,39.28925714286668
11.094480000000786,39.30834285715243
11.096150000000787,39.34426666668587
11.097820000000787,39.37191111112072
11.099490000000788,39.39099682540646
11.101160000000789,39.41361142858411
11.10283000000079,39.44458666668605
11.10450000000079,39.47365079366048
11.106170000000791,39.49519428572704
11.107840000000792,39.52149333335282
11.109510000000792,39.56101142858423
11.111180000000793,39.586501587311396
11.112850000000794,39.60558730159714
11.114520000000795,39.63848000001961
11.116190000000795,39.66836000001293
11.117860000000796,39.688241269851176
11.119530000000797,39.71538666668638
11.121200000000798,39.74994285715585
11.122870000000798,39.770895238105204
11.124540000000799,39.791474285727325
11.1262100000008,39.81724000001311
11.1278800000008,39.85204444446127
11.129550000000801,39.873057142870266
11.131220000000802,39.89882285715603
11.132890000000803,39.930022222239145
11.134560000000803,39.95528888889899
11.136230000000804,39.980405714298946
11.137900000000805,40.00800000001703
11.139570000000806,40.03794285715302
11.141240000000806,40.06198857144189
11.142910000000807,40.08722539683565
11.144580000000808,40.119377777794895
11.146250000000808,40.143571428584806
11.14792000000081,40.16933714287055
11.14959000000081,40.18896507937541
11.15126000000081,40.21690666668704
11.152930000000811,40.250920000013494
11.154600000000812,40.27161904762945
11.156270000000813,40.29381333335381
11.157940000000814,40.33250285715641
11.159610000000814,40.35427301588348
11.161280000000815,40.3740342857279
11.162950000000816,40.41080000002061
11.164620000000816,40.439851428585094
11.166290000000817,40.46561714287086
11.167960000000818,40.49253333335091
11.169630000000819,40.52143428572803
11.17130000000082,40.54720000001378
11.17297000000082,40.57051111112881
11.17464000000082,40.60301714287095
11.176310000000822,40.62878285715669
11.177980000000822,40.65151746032819
11.179650000000823,40.67060317461392
11.181320000000824,40.70501333335434
11.182990000000824,40.73417142858222
11.184660000000825,40.75325714286796
11.186330000000826,40.78192000002111
11.188000000000827,40.81682539683625
11.189670000000827,40.83591111112199
11.191340000000828,40.85924571429981
11.193010000000829,40.8989066666879
11.19468000000083,40.918565079376016
11.19635000000083,40.94082857144274
11.198020000000831,40.97581333335467
11.199690000000832,41.00121904763005
11.201360000000832,41.02241142858566
11.203030000000833,41.04817714287142
11.204700000000834,41.07177777779606
11.206370000000835,41.10399428572859
11.208040000000835,41.129760000014336
11.209710000000836,41.152241269852446
11.211380000000837,41.18315555557394
11.213050000000838,41.21134285715727
11.214720000000838,41.23489523810647
11.216390000000839,41.261133333351815
11.21806000000084,41.292925714300196
11.21973000000084,41.31869142858596
11.221400000000841,41.34693333335518
11.223070000000842,41.38111746032879
11.224740000000843,41.40027428572889
11.226410000000843,41.42604000001464
11.228080000000844,41.44948571429715
11.229750000000845,41.478333333352076
11.231420000000846,41.507622857157564
11.233090000000846,41.53213968255118
11.234760000000847,41.556311111129965
11.236430000000848,41.5892057143005
11.238100000000848,41.61479365080522
11.23977000000085,41.63428888890784
11.24144000000085,41.67078857144342
11.24311000000085,41.69655428572918
11.244780000000851,41.716533333344984
11.246450000000852,41.748133333355675
11.248120000000853,41.778137142872104
11.249790000000853,41.79918730159901
11.251460000000854,41.81966857144359
11.253130000000855,41.848453333355835
11.254800000000856,41.881841269853034
11.256470000000856,41.90125142858653
11.258140000000857,41.92701714287228
11.259810000000858,41.96286666668598
11.261480000000859,41.98358095239281
11.26315000000086,42.0086000000152
11.26482000000086,42.040844444463865
11.26649000000086,42.06623492064684
11.268160000000861,42.09018285715813
11.269830000000862,42.11882222224174
11.271500000000863,42.14888888890087
11.273170000000864,42.17176571430106
11.274840000000864,42.19753142858682
11.276510000000865,42.22329714287258
11.278180000000866,42.258044444464126
11.279850000000867,42.28082539683752
11.281520000000867,42.3048800000155
11.283190000000868,42.336022222242015
11.284860000000869,42.363479365091564
11.28653000000087,42.38646285715843
11.28820000000087,42.4134666666899
11.289870000000871,42.446133333345585
11.291540000000872,42.46804571430135
11.293210000000872,42.49381142858712
11.294880000000873,42.52537777779776
11.296550000000874,42.54962857144427
11.298220000000875,42.57539428573004
11.299890000000875,42.59715555556798
11.301560000000876,42.62077333335683
11.303230000000877,42.65697714287296
11.304900000000877,42.679809523822
11.306570000000878,42.698895238107724
11.308240000000879,42.73776000002363
11.30991000000088,42.76246349207603
11.31158000000088,42.78154920636177
11.313250000000881,42.81466666669041
11.314920000000882,42.84511746033006
11.316590000000883,42.864203174615795
11.318260000000883,42.89157333335718
11.319930000000884,42.9274914285875
11.321600000000885,42.94685714286983
11.323270000000885,42.969022857159
11.324940000000886,42.99478857144475
11.326610000000887,43.02664444446503
11.328280000000888,43.050605714301916
11.329950000000888,43.076371428587684
11.331620000000889,43.10888000002413
11.33329000000089,43.14218857144487
11.33496000000089,43.16144761906051
11.336630000000891,43.1857866666909
11.338300000000892,43.223771428587796
11.339970000000893,43.24410158731455
11.341640000000893,43.265302857159284
11.343310000000894,43.30277333335769
11.344980000000895,43.32675555556858
11.346650000000896,43.3468857143022
11.348320000000896,43.37968000002446
11.349990000000897,43.4094095238226
11.351660000000898,43.42849523810835
11.353330000000899,43.45423428573089
11.3550000000009,43.47777777779894
11.3566700000009,43.51114920636237
11.3583400000009,43.535817142873825
11.360010000000901,43.560431746045
11.361680000000902,43.589155555576795
11.363350000000903,43.617400000016744
11.365020000000904,43.643085714299026
11.366690000000904,43.66713333335469
11.368360000000905,43.698982857159685
11.370030000000906,43.72474857144543
11.371700000000907,43.74511111113255
11.373370000000907,43.7805657143026
11.375040000000908,43.806331428588365
11.376710000000909,43.82747936509283
11.37838000000091,43.847862857159846
11.38005000000091,43.88120000002512
11.38172000000091,43.910133333346856
11.383390000000912,43.92944571430278
11.385060000000912,43.95810666669189
11.386730000000913,43.995262857159965
11.388400000000914,44.02102857144573
11.390070000000915,44.04206984128349
11.391740000000915,44.075093333358694
11.393410000000916,44.10261142858865
11.395080000000917,44.124723809537535
11.396750000000917,44.15200000002547
11.398420000000918,44.18419428573157
11.400090000000919,44.20737777779156
11.40176000000092,44.22646349207729
11.40343000000092,44.252320000025634
11.405100000000921,44.29003174604561
11.406770000000922,44.30911746033134
11.408440000000923,44.333074285731755
11.410110000000923,44.36886666668885
11.411780000000924,44.391771428585365
11.413450000000925,44.41465714287469
11.415120000000925,44.44621333335919
11.416790000000926,44.47442539683939
11.418460000000927,44.49624000001761
11.420130000000928,44.52312000002597
11.421800000000928,44.55707936509342
11.423470000000929,44.57782285716054
11.42514000000093,44.603588571446295
11.42681000000093,44.62544761906178
11.428480000000931,44.65352000002612
11.430150000000932,44.685171428589214
11.431820000000933,44.70810158731581
11.433490000000933,44.730911111133736
11.435160000000934,44.76675428573215
11.436830000000935,44.79075555556983
11.438500000000936,44.80984126985558
11.440170000000936,44.84741333335968
11.441840000000937,44.874102857160835
11.443510000000938,44.8998685714466
11.445180000000938,44.931377777800634
11.44685000000094,44.9560634920779
11.44852000000094,44.98145142858952
11.45019000000094,45.00534603176054
11.451860000000941,45.0260888889119
11.453530000000942,45.06303428573244
11.455200000000943,45.08800000001456
11.456870000000944,45.1070857143003
11.458540000000944,45.14162666669341
11.460210000000945,45.17038285716113
11.461880000000946,45.18973968255432
11.463550000000946,45.218533333360185
11.465220000000947,45.25196571430406
11.466890000000948,45.27239365080837
11.468560000000949,45.29544000002696
11.47023000000095,45.33354857144698
11.47190000000095,45.35504761906239
11.47357000000095,45.37508000001846
11.475240000000952,45.40084571430424
11.476910000000952,45.43264444446791
11.478580000000953,45.45678730160216
11.480250000000954,45.48242857144716
11.481920000000954,45.510622222245786
11.483590000000955,45.539441269856184
11.485260000000956,45.56401142859008
11.486930000000957,45.588723809538806
11.488600000000957,45.62200000002366
11.490270000000958,45.645594285733026
11.491940000000959,45.671360000018765
11.49361000000096,45.699977777801536
11.49528000000096,45.72717714287593
11.496950000000961,45.7529428571617
11.498620000000962,45.77870857144747
11.500290000000962,45.805800000023936
11.501960000000963,45.8366857143009
11.503630000000964,45.860291428590386
11.505300000000965,45.88596825398352
11.506970000000965,45.91717777780181
11.508640000000966,45.941874285733306
11.510310000000967,45.967640000019074
11.511980000000968,45.995155555579686
11.513650000000968,46.023457142876225
11.515320000000969,46.04922285716199
11.51699000000097,46.073133333357575
11.51866000000097,46.10504000001917
11.520330000000971,46.13080571430491
11.522000000000972,46.153015873031364
11.523670000000973,46.184746666694764
11.525340000000973,46.212388571447846
11.527010000000974,46.235669841285386
11.528680000000975,46.25475555557111
11.530350000000976,46.28506666669492
11.532020000000976,46.31832380953942
11.533690000000977,46.337409523825144
11.535360000000978,46.3619733333617
11.537030000000978,46.40097777779344
11.53870000000098,46.42006349207918
11.54037000000098,46.44285142859094
11.54204000000098,46.47896000002848
11.543710000000981,46.502717460333216
11.545380000000982,46.52443428573389
11.547050000000983,46.55586666669525
11.548720000000984,46.58537142858725
11.550390000000984,46.60601714287681
11.552060000000985,46.63178285716255
11.553730000000986,46.65754857144833
11.555400000000986,46.696266666695436
11.557070000000987,46.71730793652388
11.558740000000988,46.73913142859125
11.560410000000989,46.77317333336221
11.56208000000099,46.79996190477793
11.56375000000099,46.82071428573417
11.56542000000099,46.85008000002898
11.567090000000992,46.88261587303195
11.568760000000992,46.90229714287709
11.570430000000993,46.92806285716286
11.572100000000994,46.964222222247486
11.573770000000994,46.984355555571724
11.575440000000995,47.009645714305776
11.577110000000996,47.03363809525435
11.578780000000997,47.05893333335872
11.580450000000997,47.09122857144871
11.582120000000998,47.11629206350838
11.583790000000999,47.13691111113661
11.585460000001,47.17281142859163
11.587130000001,47.19857714287738
11.588800000001001,47.21803174604814
11.590470000001002,47.25128000002948
11.592140000001002,47.2801600000203
11.593810000001003,47.30068571430216
11.595480000001004,47.328186666696254
11.597150000001005,47.36174285716325
11.598820000001005,47.3833396825562
11.600490000001006,47.403274285734724
11.602160000001007,47.42904000002049
11.603830000001008,47.465488888914734
11.605500000001008,47.48507936509597
11.607170000001009,47.51062285716341
11.60884000000101,47.545493333363225
11.61051000000101,47.576440000020625
11.612180000001011,47.59793015874688
11.613850000001012,47.622400000029984
11.615520000001013,47.658022857163544
11.617190000001013,47.68058412700091
11.618860000001014,47.69966984128665
11.620530000001015,47.739386666696774
11.622200000001015,47.76323809525495
11.623870000001016,47.782323809540685
11.625540000001017,47.80690285716372
11.627210000001018,47.83864444447077
11.628880000001018,47.86497777779472
11.63055000000102,47.88848571430664
11.63222000000102,47.91661333336371
11.63389000000102,47.94763174604874
11.635560000001021,47.97006857144956
11.637230000001022,47.99583428573534
11.638900000001023,48.02800000002652
11.640570000001023,48.05165142859249
11.642240000001024,48.07741714287826
11.643910000001025,48.1059777778044
11.645580000001026,48.13323428573541
11.647250000001026,48.15900000002118
11.648920000001027,48.18130793652517
11.650590000001028,48.200826666697424
11.652260000001029,48.2405828571641
11.65393000000103,48.263961904779194
11.65560000000103,48.28304761906493
11.65727000000103,48.317813333364214
11.658940000001031,48.346615873033215
11.660610000001032,48.36570158731895
11.662280000001033,48.394720000030986
11.663950000001034,48.42951428573572
11.665620000001034,48.455280000021475
11.667290000001035,48.47913333336044
11.668960000001036,48.51192380954129
11.670630000001037,48.536862857164394
11.672300000001037,48.56120634922391
11.673970000001038,48.5905111111383
11.675640000001039,48.61844571430733
11.67731000000104,48.643860317477944
11.67898000000104,48.66294603176368
11.680650000001041,48.68893333336473
11.682320000001042,48.725794285736
11.683990000001042,48.74560000001772
11.685660000001043,48.76732571430749
11.687330000001044,48.80592000003149
11.689000000001045,48.82825396827175
11.690670000001045,48.84890857145042
11.692340000001046,48.88282666669828
11.694010000001047,48.910907936525774
11.695680000001047,48.93049142859334
11.697350000001048,48.95973333336504
11.699020000001049,48.993561904779796
11.70069000000105,49.01264761906553
11.70236000000105,49.037840000022044
11.704030000001051,49.06193015874817
11.705700000001052,49.09177777780556
11.707370000001053,49.11942285716496
11.709040000001053,49.14458412700219
11.710710000001054,49.16975555558345
11.712380000001055,49.2010057143079
11.714050000001055,49.226771428593636
11.715720000001056,49.247733333361325
11.717390000001057,49.282588571450816
11.719060000001058,49.308354285736556
11.720730000001058,49.33412000002234
11.722400000001059,49.37022222225035
11.72407000000106,49.39254603176428
11.72574000000106,49.41570285716526
11.727410000001061,49.441468571451026
11.729080000001062,49.4649333333616
11.730750000001063,49.49728571430819
11.732420000001063,49.523051428593945
11.734090000001064,49.54356825398665
11.735760000001065,49.57824000003251
11.737430000001066,49.604634285736864
11.739100000001066,49.6262222222407
11.740770000001067,49.65514666669928
11.742440000001068,49.6862171428798
11.744110000001069,49.70887619049472
11.74578000000107,49.732266666695224
11.74745000000107,49.76780000002272
11.74912000000107,49.79153015874877
11.750790000001071,49.81061587303448
11.752460000001072,49.83509714287996
11.754130000001073,49.871488888917625
11.755800000001074,49.89326984128853
11.757470000001074,49.91668000002291
11.759140000001075,49.94936000003301
11.760810000001076,49.97592380954255
11.762480000001077,49.99826285716583
11.764150000001077,50.02626666669978
11.765820000001078,50.05857777779657
11.767490000001079,50.07984571430876
11.76916000000108,50.105611428594514
11.77083000000108,50.138822222251235
11.77250000000108,50.16142857145168
11.774170000001082,50.187194285737434
11.775840000001082,50.21296000002319
11.777510000001083,50.243573333366726
11.779180000001084,50.273168253987265
11.780850000001085,50.29454285716611
11.782520000001085,50.3204800000335
11.784190000001086,50.3558222222413
11.785860000001087,50.37612571430904
11.787530000001087,50.40189142859481
11.789200000001088,50.434000000029386
11.790870000001089,50.45770857145196
11.79254000000109,50.48347428573773
11.79421000000109,50.511977777807274
11.795880000001091,50.540215873035095
11.797550000001092,50.56505714288066
11.799220000001093,50.5894984127177
11.800890000001093,50.60858412700344
11.802560000001094,50.64477333336724
11.804230000001095,50.67215238097174
11.805900000001095,50.691238095257475
11.807570000001096,50.721680000034
11.809240000001097,50.753988571452254
11.810910000001098,50.77389206351151
11.812580000001098,50.798586666700785
11.814250000001099,50.8355714285952
11.8159200000011,50.85654603176553
11.8175900000011,50.87710285716666
11.819260000001101,50.91557333336756
11.820930000001102,50.93920000001957
11.822600000001103,50.958685714309595
11.824270000001103,50.984451428595364
11.825940000001104,51.01324444447455
11.827610000001105,51.040939682559326
11.829280000001106,51.06603428573827
11.830950000001106,51.09280000003453
11.832620000001107,51.13185142859548
11.834290000001108,51.15379047621025
11.835960000001108,51.17338285716697
11.83763000000111,51.20978666670126
11.83930000000111,51.2364444444643
11.84097000000111,51.255530158750034
11.842640000001111,51.28669333336806
11.844310000001112,51.319098412718304
11.845980000001113,51.33818412700404
11.847650000001114,51.36360000003485
11.849320000001114,51.40175238097237
11.850990000001115,51.42083809525808
11.852660000001116,51.44389714288151
11.854330000001116,51.46966285716728
11.856000000001117,51.49777777780842
11.857670000001118,51.525480000024444
11.859340000001119,51.55124571431021
11.86101000000112,51.57575555558631
11.86268000000112,51.60706285716735
11.86435000000112,51.63282857145312
11.866020000001122,51.65451428573451
11.867690000001122,51.68789333336858
11.869360000001123,51.71441142859605
11.871030000001124,51.73716825398854
11.872700000001124,51.76511111114206
11.874370000001125,51.795994285738956
11.876040000001126,51.81982222224255
11.877710000001127,51.838907936528315
11.879380000001127,51.8651200000355
11.881050000001128,51.9024761904966
11.882720000001129,51.92156190478232
11.88439000000113,51.94487428573915
11.88606000000113,51.98210666670231
11.887730000001131,52.010691428596346
11.889400000001132,52.03441269843326
11.891070000001132,52.06028888892021
11.892740000001133,52.092274285739265
11.894410000001134,52.11706666668728
11.896080000001135,52.1382666666981
11.897750000001135,52.1738571428822
11.899420000001136,52.19962285716795
11.901090000001137,52.21880634922705
11.902760000001138,52.24115428573941
11.904430000001138,52.27632000003601
11.906100000001139,52.30146031748109
11.90777000000114,52.32273714288239
11.90944000000114,52.353226666702795
11.911110000001141,52.38411428573511
11.912780000001142,52.404320000025294
11.914450000001143,52.43013333336958
11.916120000001143,52.466768253989144
11.917790000001144,52.48590285716823
11.919460000001145,52.51166857145397
11.921130000001146,52.5448222222541
11.922800000001146,52.56850793652889
11.924470000001147,52.59325142859693
11.926140000001148,52.617790476211525
11.927810000001148,52.639533333365364
11.92948000000115,52.674834285739834
11.93115000000115,52.70044444446553
11.93282000000115,52.7195301587513
11.934490000001151,52.75442666670328
11.936160000001152,52.78218285716852
11.937830000001153,52.802184127005305
11.939500000001154,52.83133333337004
11.941170000001154,52.86376571431143
11.942840000001155,52.889531428597195
11.944510000001156,52.91797777781014
11.946180000001156,52.94840634922765
11.947850000001157,52.97111428574014
11.949520000001158,52.99688000002587
11.951190000001159,53.01677460319601
11.95286000000116,53.048640000037025
11.95453000000116,53.0784628571688
11.95620000000116,53.099428571450034
11.957870000001162,53.125546666703784
11.959540000001162,53.16004571431175
11.961210000001163,53.18208253970407
11.962880000001164,53.20245333337057
11.964550000001164,53.24162857145467
11.966220000001165,53.26473650795808
11.967890000001166,53.28382222224381
11.969560000001167,53.31944000003736
11.971230000001167,53.34739047621213
11.972900000001168,53.36647619049786
11.974570000001169,53.390508571454845
11.97624000000117,53.4192444444774
11.97791000000117,53.4491301587519
11.979580000001171,53.47209142859778
11.981250000001172,53.49785714288353
11.982920000001172,53.530622222255275
11.984590000001173,53.553674285740684
11.986260000001174,53.57944000002645
11.987930000001175,53.60860000003315
11.989600000001175,53.63525714288362
11.991270000001176,53.661022857169385
11.992940000001177,53.68657777781104
11.994610000001177,53.71684000002652
11.996280000001178,53.742605714312276
11.997950000001179,53.76837142859807
11.99962000000118,53.79413714288384
12.00129000000118,53.75832307689076
12.002960000001181,53.71545494503245
12.004630000001182,53.67379999997483
12.006300000001183,53.6244761904411
12.007970000001183,53.57362857140333
12.009640000001184,53.530685714260414
12.011310000001185,53.48603809520286
12.012980000001185,53.43051428568893
12.014650000001186,53.38757142854604
12.016320000001187,53.34669010986731
12.017990000001188,53.29570769227493
12.019660000001188,53.251599999974516
12.02133000000119,53.2086571428316
12.02300000000119,53.15904761901207
12.02467000000119,53.10848571426013
12.026340000001191,53.06554285711721
12.028010000001192,53.022599999974304
12.029680000001193,52.97965714283137
12.031350000001193,52.9227619047261
12.033020000001194,52.8794857142599
12.034690000001195,52.837028571405355
12.036360000001196,52.78811282047954
12.038030000001196,52.74346373624047
12.039700000001197,52.70057142854549
12.041370000001198,52.65302857139251
12.043040000001199,52.60039999997397
12.0447100000012,52.557457142831055
12.0463800000012,52.51451428568815
12.0480500000012,52.45733333329707
12.049720000001201,52.414342857116665
12.051390000001202,52.37139999997375
12.053060000001203,52.32845714283086
12.054730000001204,52.280517948684164
12.056400000001204,52.233802197778516
12.058070000001205,52.192485714259334
12.059740000001206,52.14700952377294
12.061410000001207,52.09231428568782
12.063080000001207,52.049371428544944
12.064750000001208,52.006428571402026
12.066420000001209,51.95131428567751
12.06809000000121,51.906257142830526
12.06976000000121,51.86331428568761
12.071430000001211,51.81287619043927
12.073100000001212,51.76378021975617
12.074770000001212,51.724140659316575
12.076440000001213,51.68439999997318
12.078110000001214,51.64099047615338
12.079780000001215,51.58422857140171
12.081450000001215,51.54128571425879
12.083120000001216,51.49834285711589
12.084790000001217,51.44529523805794
12.086460000001217,51.39817142854437
12.088130000001218,51.35522857140148
12.089800000001219,51.306857142819695
12.09147000000122,51.25505714283001
12.09314000000122,51.21447912085462
12.094810000001221,51.174087179452286
12.096480000001222,51.119085714258475
12.098150000001223,51.076142857115556
12.099820000001223,51.03319999997265
12.101490000001224,50.99025714282973
12.103160000001225,50.93927619043838
12.104830000001225,50.89008571425825
12.106500000001226,50.84714285711533
12.108170000001227,50.800838095200106
12.109840000001228,50.74697142854386
12.111510000001228,50.70481758239268
12.113180000001229,50.665178021953054
12.11485000000123,50.61228571424759
12.11652000000123,50.568057142829446
12.118190000001231,50.52511428568653
12.119860000001232,50.47384761900935
12.121530000001233,50.42494285711503
12.123200000001233,50.38199999997211
12.124870000001234,50.33905714282919
12.126540000001235,50.29511794868213
12.128210000001236,50.24248791206263
12.129880000001236,50.20284835162306
12.131550000001237,50.160142857114806
12.133220000001238,50.106266666628045
12.134890000001239,50.05997142854329
12.13656000000124,50.017028571400374
12.13823000000124,49.967828571389774
12.13990000000124,49.916857142828874
12.141570000001241,49.873914285685984
12.143240000001242,49.82939047615153
12.144910000001243,49.77374285711447
12.146580000001244,49.73282637360069
12.148250000001244,49.69318681316108
12.149920000001245,49.65205714282865
12.151590000001246,49.60024761900846
12.153260000001247,49.55188571425715
12.154930000001247,49.50894285711426
12.156600000001248,49.461809523770214
12.158270000001249,49.408771428542764
12.15994000000125,49.36582857139983
12.16161000000125,49.32288571425693
12.16328000000125,49.26611428567476
12.164950000001252,49.223164835138704
12.166620000001252,49.183525274699136
12.168290000001253,49.13473333329644
12.169960000001254,49.08674285711395
12.171630000001255,49.04379999997103
12.173300000001255,48.99638095234117
12.174970000001256,48.94362857139953
12.176640000001257,48.90068571425661
12.178310000001257,48.85774285711369
12.179980000001258,48.8147999999708
12.181650000001259,48.760095238055214
12.18332000000126,48.7146285713993
12.18499000000126,48.67386373623715
12.186660000001261,48.62713846150105
12.188330000001262,48.578657142827794
12.190000000001262,48.53571428568489
12.191670000001263,48.490361904721595
12.193340000001264,48.435542857113404
12.195010000001265,48.3925999999705
12.196680000001265,48.34965714282757
12.198350000001266,48.294666666626185
12.200020000001267,48.24948571425607
12.201690000001268,48.20654285711315
12.203360000001268,48.1642021977752
12.205030000001269,48.11954358970567
12.20670000000127,48.070571428541655
12.20837000000127,48.027628571398765
12.210040000001271,47.984342857102035
12.211710000001272,47.92745714282725
12.213380000001273,47.88451428568435
12.215050000001273,47.84157142854143
12.216720000001274,47.78864761900661
12.218390000001275,47.74139999996994
12.220060000001276,47.698457142827024
12.221730000001276,47.65020952376837
12.223400000001277,47.60061538458797
12.225070000001278,47.560975824148386
12.226740000001278,47.51954285711261
12.22841000000128,47.47659999996969
12.23008000000128,47.42106666662529
12.23175000000128,47.37642857139822
12.233420000001281,47.3334857142553
12.235090000001282,47.28262857138705
12.236760000001283,47.233314285683804
12.238430000001284,47.19221098898322
12.240100000001284,47.14933333329445
12.241770000001285,47.09734285711228
12.243440000001286,47.05439999996938
12.245110000001286,47.01145714282647
12.246780000001287,46.95563809519628
12.248450000001288,46.91128571425499
12.250120000001289,46.86834285711208
12.25179000000129,46.825399999969164
12.25346000000129,46.77660952376746
12.25513000000129,46.72522857139765
12.256800000001292,46.682549450521265
12.258470000001292,46.64173846149903
12.260140000001293,46.58898461535641
12.261810000001294,46.54631428568324
12.263480000001294,46.50337142854035
12.265150000001295,46.449619047576704
12.266820000001296,46.403199999968834
12.268490000001297,46.36025714282593
12.270160000001297,46.31118095233843
12.271830000001298,46.260085714254444
12.273500000001299,46.21714285711154
12.2751700000013,46.17419999996861
12.2768400000013,46.13324835161971
12.278510000001301,46.08018974354982
12.280180000001302,46.038228571397084
12.281850000001302,45.99528571425421
12.283520000001303,45.943599999957115
12.285190000001304,45.89511428568272
12.286860000001305,45.852171428539805
12.288530000001305,45.80516190471889
12.290200000001306,45.751999999968305
12.291870000001307,45.70905714282539
12.293540000001308,45.66611428568247
12.295210000001308,45.60988205124164
12.296880000001309,45.569661538432484
12.29855000000131,45.5300219779929
12.30022000000131,45.487199999968055
12.301890000001311,45.43758095233757
12.303560000001312,45.38702857139657
12.305230000001313,45.344085714253666
12.306900000001313,45.2991428570993
12.308570000001314,45.24391428568215
12.310240000001315,45.20097142853926
12.311910000001316,45.15802857139634
12.313580000001316,45.10344761900389
12.315250000001317,45.05999999997053
12.316920000001318,45.02036043953092
12.318590000001318,44.97215238090851
12.32026000000132,44.92188571425335
12.32193000000132,44.87894285711043
12.32360000000132,44.83599999996754
12.325270000001321,44.79305714282464
12.326940000001322,44.73586666662257
12.328610000001323,44.69288571425312
12.330280000001324,44.649942857110204
12.331950000001324,44.5974285713843
12.333620000001325,44.55033846150859
12.335290000001326,44.51069890106898
12.336960000001326,44.46613333328892
12.338630000001327,44.413799999967196
12.340300000001328,44.370857142824306
12.341970000001329,44.32769523805071
12.34364000000133,44.27068571425281
12.34531000000133,44.22774285710989
12.34698000000133,44.18479999996697
12.348650000001332,44.132076923035044
12.350320000001332,44.08800879117857
12.351990000001333,44.04836923073897
12.353660000001334,44.00588571425256
12.355330000001334,43.96011428566936
12.357000000001335,43.90571428568106
12.358670000001336,43.86277142853815
12.360340000001337,43.81982857139525
12.362010000001337,43.764419047573995
12.363680000001338,43.71965714282376
12.365350000001339,43.67671428568086
12.36702000000134,43.62598095233571
12.36869000000134,43.5783472527166
12.370360000001341,43.538707692277015
12.372030000001342,43.49468571424035
12.373700000001342,43.44057142853782
12.375370000001343,43.397628571394904
12.377040000001344,43.354685714252014
12.378710000001345,43.311742857109124
12.380380000001345,43.258399999954406
12.382050000001346,43.211571428537624
12.383720000001347,43.168628571394706
12.385390000001347,43.119961904716135
12.387060000001348,43.06868571425464
12.388730000001349,43.029046153815074
12.39040000000135,42.98835897431596
12.39207000000135,42.9324857142517
12.393740000001351,42.88954285710878
12.395410000001352,42.84659999996586
12.397080000001353,42.79297142852538
12.398750000001353,42.74642857139439
12.400420000001354,42.70348571425147
12.402090000001355,42.66054285710858
12.403760000001355,42.613942857096575
12.405430000001356,42.56037142853707
12.407100000001357,42.51938461535309
12.408770000001358,42.47974505491352
12.410440000001358,42.42539047614403
12.412110000001359,42.38145714282264
12.41378000000136,42.33851428567972
12.41545000000136,42.28695238090579
12.417120000001361,42.23834285710828
12.418790000001362,42.19539999996536
12.420460000001363,42.148514285667545
12.422130000001363,42.09522857139385
12.423800000001364,42.05228571425093
12.425470000001365,42.009723076891134
12.427140000001366,41.97008351645154
12.428810000001366,41.91921538457132
12.430480000001367,41.873371428536515
12.432150000001368,41.8304285713936
12.433820000001369,41.7809333332862
12.43549000000137,41.730257142822126
12.43716000000137,41.68731428567921
12.43883000000137,41.64249523804796
12.440500000001371,41.587142857107736
12.442170000001372,41.5441999999648
12.443840000001373,41.5012571428219
12.445510000001374,41.44890769226316
12.447180000001374,41.406496703264324
12.448850000001375,41.36528571425036
12.450520000001376,41.32234285710746
12.452190000001377,41.27491428566661
12.453860000001377,41.22217142853597
12.455530000001378,41.1792285713931
12.457200000001379,41.136285714250164
12.45887000000138,41.07921904757124
12.46054000000138,41.037731868099186
12.462210000001381,40.998092307659576
12.463880000001382,40.94792380947587
12.465550000001382,40.90014285710714
12.467220000001383,40.85719999996422
12.468890000001384,40.809485714237624
12.470560000001385,40.75702857139274
12.472230000001385,40.71408571424983
12.473900000001386,40.67114285710694
12.475570000001387,40.628199999964025
12.477240000001387,40.573199999951655
12.478910000001388,40.5280703296372
12.480580000001389,40.48843076919762
12.48225000000139,40.44141025636472
12.48392000000139,40.39205714282102
12.485590000001391,40.3491142856781
12.487260000001392,40.303466666618036
12.488930000001393,40.248942857106584
12.490600000001393,40.20599999996368
12.492270000001394,40.16305714282079
12.493940000001395,40.10777142852265
12.495610000001395,40.06288571424932
12.497280000001396,40.0199428571064
12.498950000001397,39.97876923073568
12.500620000001398,39.93381538456934
12.502290000001398,39.88397142853488
12.503960000001399,39.84102857139196
12.5056300000014,39.79744761899846
12.5073000000014,39.740857142820474
12.508970000001401,39.697914285677555
12.510640000001402,39.65497142853465
12.512310000001403,39.601752380903065
12.513980000001403,39.554799999963166
12.515650000001404,39.51185714282025
12.517320000001405,39.46350769226116
12.518990000001406,39.41518241754845
12.520660000001406,39.37554285710884
12.522330000001407,39.332019047569446
12.524000000001408,39.27571428567725
12.525670000001409,39.23277142853432
12.52734000000141,39.189828571391416
12.52901000000141,39.1468857142485
12.53068000000141,39.09573333328349
12.532350000001411,39.04671428567704
12.534020000001412,39.00377142853414
12.535690000001413,38.95729523804523
12.537360000001414,38.90552087908647
12.539030000001414,38.8658813186469
12.540700000001415,38.82485714281968
12.542370000001416,38.768742857092704
12.544040000001417,38.72468571424818
12.545710000001417,38.68174285710529
12.547380000001418,38.63030476185446
12.549050000001419,38.58157142853379
12.55072000000142,38.5386285713909
12.55239000000142,38.49568571424798
12.55406000000142,38.45127619042566
12.555730000001422,38.395859340624526
12.557400000001422,38.356219780184944
12.559070000001423,38.31658021974533
12.560740000001424,38.262723809473144
12.562410000001424,38.21659999996206
12.564080000001425,38.17365714281914
12.565750000001426,38.1242857142349
12.567420000001427,38.07348571424767
12.569090000001427,38.03054285710475
12.570760000001428,37.98584761899666
12.572430000001429,37.933529670294504
12.57410000000143,37.89389010985491
12.57577000000143,37.851628571390336
12.577440000001431,37.80868571424742
12.579110000001432,37.756704761853555
12.580780000001432,37.70851428567592
12.582450000001433,37.665571428533
12.584120000001434,37.61826666661531
12.585790000001435,37.565399999961556
12.587460000001435,37.52245714281864
12.589130000001436,37.47951428567572
12.590800000001437,37.42415384610534
12.592470000001438,37.38422857139295
12.594140000001438,37.3435428571042
12.595810000001439,37.291276190424526
12.59748000000144,37.24337142853268
12.59915000000144,37.20042857138979
12.600820000001441,37.157485714246874
12.602490000001442,37.11224761899574
12.604160000001443,37.0573142856754
12.605830000001443,37.014371428532485
12.607500000001444,36.971428571389566
12.609170000001445,36.91655897430995
12.610840000001446,36.87456703293101
12.612510000001446,36.8349274724914
12.614180000001447,36.78525714280498
12.615850000001448,36.73528571424656
12.617520000001448,36.692342857103654
12.61919000000145,36.646819047566694
12.62086000000145,36.59217142853214
12.62253000000145,36.549228571389264
12.624200000001451,36.50628571424636
12.625870000001452,36.463342857103456
12.627540000001453,36.41053333328077
12.629210000001454,36.364905494469056
12.630880000001454,36.32526593402946
12.632550000001455,36.27923809518539
12.634220000001456,36.22719999996042
12.635890000001456,36.1842571428175
12.637560000001457,36.14079999994715
12.639230000001458,36.08408571424603
12.640900000001459,36.04114285710311
12.64257000000146,35.99819999996022
12.64424000000146,35.94510476185174
12.64591000000146,35.89802857138871
12.647580000001462,35.85524395600707
12.649250000001462,35.815604395567505
12.650920000001463,35.77284102559085
12.652590000001464,35.719114285674294
12.654260000001464,35.67617142853139
12.655930000001465,35.63322857138846
12.657600000001466,35.57752380947039
12.659270000001467,35.53305714281696
12.660940000001467,35.49011428567407
12.662610000001468,35.43908571423218
12.664280000001469,35.3899428571026
12.66595000000147,35.34699999995968
12.66762000000147,35.302533333282696
12.669290000001471,35.252017582380276
12.670960000001472,35.21102857138814
12.672630000001472,35.16808571424524
12.674300000001473,35.11209523804136
12.675970000001474,35.06791428567375
12.677640000001475,35.02497142853085
12.679310000001475,34.98202857138793
12.680980000001476,34.9330666666126
12.682650000001477,34.883252747215124
12.684320000001478,34.843613186775514
12.685990000001478,34.80177142851723
12.687660000001479,34.74588571424492
12.68933000000148,34.702942857102
12.69100000000148,34.65999999995911
12.692670000001481,34.6060761904218
12.694340000001482,34.55982857138761
12.696010000001483,34.516885714244694
12.697680000001483,34.467638095183545
12.699350000001484,34.41671428567321
12.701020000001485,34.37377142853033
12.702690000001486,34.33395164831356
12.704360000001486,34.29431208787396
12.706030000001487,34.2384952380405
12.707700000001488,34.19485714281588
12.709370000001488,34.15191428567297
12.71104000000149,34.10005714280223
12.71271000000149,34.05174285710146
12.71438000000149,34.00879999995857
12.716050000001491,33.961619047563985
12.717720000001492,33.90862857138707
12.719390000001493,33.86568571424418
12.721060000001494,33.82429010985162
12.722730000001494,33.77077435892224
12.724400000001495,33.72971428567266
12.726070000001496,33.68677142852974
12.727740000001496,33.64382857138682
12.729410000001497,33.59403809518267
12.731080000001498,33.543657142815334
12.732750000001499,33.50071428567243
12.7344200000015,33.45559999994441
12.7360900000015,33.400542857100916
12.7377600000015,33.35759999995804
12.739430000001501,33.314657142815136
12.741100000001502,33.26317948712685
12.742770000001503,33.22106373622478
12.744440000001504,33.17868571424361
12.746110000001504,33.12860952375364
12.747780000001505,33.078514285672114
12.749450000001506,33.035571428529195
12.751120000001507,32.99262857138628
12.752790000001507,32.94958095232485
12.754460000001508,32.89245714281479
12.756130000001509,32.84951428567189
12.75780000000151,32.806571428529
12.75947000000151,32.75558461533147
12.761140000001511,32.71140219776284
12.762810000001512,32.670599999957474
12.764480000001512,32.622590476134064
12.766150000001513,32.57042857138596
12.767820000001514,32.52748571424307
12.769490000001515,32.48415238089582
12.771160000001515,32.42731428567157
12.772830000001516,32.38437142852865
12.774500000001517,32.341428571385734
12.776170000001517,32.298485714242844
12.777840000001518,32.24798974353608
12.779510000001519,32.20174065930088
12.78118000000152,32.16210109886127
12.78285000000152,32.116571428514504
12.784520000001521,32.06234285709985
12.786190000001522,32.01939999995692
12.787860000001523,31.976457142814013
12.789530000001523,31.920876190419065
12.791200000001524,31.876285714242528
12.792870000001525,31.833342857099623
12.794540000001525,31.785374358920222
12.796210000001526,31.739410988970846
12.797880000001527,31.69737142852813
12.799550000001528,31.65442857138521
12.801220000001528,31.610552380894916
12.802890000001529,31.554257142813697
12.80456000000153,31.511314285670778
12.80623000000153,31.468371428527888
12.807900000001531,31.41485714279952
12.809570000001532,31.368199999956403
12.811240000001533,31.325257142813484
12.812910000001533,31.277779487124832
12.814580000001534,31.229749450508905
12.816250000001535,31.189285714241976
12.817920000001536,31.1451238094659
12.819590000001536,31.089114285670462
12.821260000001537,31.046171428527572
12.822930000001538,31.003228571384653
12.824600000001539,30.960285714241735
12.82627000000154,30.90883809517993
12.82794000000154,30.86011428567025
12.82961000000154,30.81717142852733
12.831280000001541,30.770399999941674
12.832950000001542,30.72008791204692
12.834620000001543,30.68044835160734
12.836290000001544,30.638257142812932
12.837960000001544,30.581847618989173
12.839630000001545,30.53808571424142
12.841300000001546,30.4951428570985
12.842970000001547,30.443409523750887
12.844640000001547,30.394971428527043
12.846310000001548,30.352028571384125
12.847980000001549,30.30497142851266
12.84965000000155,30.25185714281261
12.85132000000155,30.210426373584966
12.852990000001551,30.170786813145384
12.854660000001552,30.130171428526808
12.856330000001552,30.075828571369584
12.858000000001553,30.029999999955265
12.859670000001554,29.987057142812375
12.861340000001555,29.937390476131327
12.863010000001555,29.88688571424089
12.864680000001556,29.84394285709797
12.866350000001557,29.79895238089307
12.868020000001557,29.743771428526458
12.869690000001558,29.700828571383568
12.871360000001559,29.6611252746834
12.87303000000156,29.60979999994376
12.87470000000156,29.564857142812087
12.876370000001561,29.52191428566917
12.878040000001562,29.47897142852625
12.879710000001563,29.43137142851174
12.881380000001563,29.378799999954737
12.883050000001564,29.335857142811847
12.884720000001565,29.292914285668957
12.886390000001565,29.235685714240333
12.888060000001566,29.192742857097414
12.889730000001567,29.151463736221473
12.891400000001568,29.10220512814837
12.893070000001568,29.056771428525934
12.894740000001569,29.013828571383016
12.89641000000157,28.965942857082723
12.89808000000157,28.91365714281153
12.899750000001571,28.870714285668612
12.901420000001572,28.827771428525722
12.903090000001573,28.784828571382803
12.904760000001573,28.730830769173593
12.906430000001574,28.689134065891437
12.908100000001575,28.648857142811266
12.909770000001576,28.59836190470142
12.911440000001576,28.54868571423978
12.913110000001577,28.50574285709689
12.914780000001578,28.459923809463163
12.916450000001579,28.405571428525377
12.91812000000158,28.362628571382487
12.91979000000158,28.31968571423957
12.92146000000158,28.264228571367767
12.923130000001581,28.219514285668083
12.924800000001582,28.179472527429482
12.926470000001583,28.13983296698987
12.928140000001584,28.09234285708183
12.929810000001584,28.040599999953685
12.931480000001585,27.997657142810766
12.933150000001586,27.953904761843575
12.934820000001586,27.897485714239224
12.936490000001587,27.854542857096362
12.938160000001588,27.811599999953444
12.939830000001589,27.758209523748178
12.94150000000159,27.71142857138193
12.94317000000159,27.669810988967527
12.94484000000159,27.624399999941716
12.946510000001592,27.575457142810393
12.948180000001592,27.53251428566753
12.949850000001593,27.489571428524613
12.951520000001594,27.446628571381694
12.953190000001594,27.390628571366847
12.954860000001595,27.34645714281021
12.956530000001596,27.30351428566729
12.958200000001597,27.25219047612859
12.959870000001597,27.203342857095777
12.961540000001598,27.160399999952887
12.963210000001599,27.116805128146325
12.9648800000016,27.0665846153407
12.9665500000016,27.024428571381378
12.968220000001601,26.981485714238488
12.969890000001602,26.92519999993783
12.971560000001602,26.881314285666974
12.973230000001603,26.838371428524056
12.974900000001604,26.795428571381166
12.976570000001605,26.746171428509058
12.978240000001605,26.69525714280968
12.979910000001606,26.652314285666733
12.981580000001607,26.609210256350963
12.983250000001608,26.556923076878746
12.984920000001608,26.516342857095225
12.986590000001609,26.473399999952335
12.98826000000161,26.419180952318243
12.98993000000161,26.37322857138085
12.991600000001611,26.33028571423793
12.993270000001612,26.280742857080014
12.994940000001613,26.230114285666446
12.996610000001613,26.187171428523527
12.998280000001614,26.14422857138058
12.999950000001615,26.10128571423772
13.001620000001616,26.10373846153925
13.003290000001616,26.107592307693096
13.004960000001617,26.110360439560907
13.006630000001618,26.113663736264243
13.008300000001618,26.120095238099566
13.00997000000162,26.12725238095672
13.01164000000162,26.131265934066448
13.01331000000162,26.134569230769756
13.014980000001621,26.137872527473036
13.016650000001622,26.138461538458557
13.018320000001623,26.14035384615468
13.019990000001624,26.146385714290034
13.021660000001624,26.15163516483568
13.023330000001625,26.154938461539018
13.025000000001626,26.158241758242326
13.026670000001626,26.161545054945634
13.028340000001627,26.165504761909176
13.030010000001628,26.17266190476633
13.031680000001629,26.17914725274784
13.03335000000163,26.18245054945112
13.03502000000163,26.18466153846245
13.03669000000163,26.188515384616295
13.038360000001632,26.192909890110457
13.040030000001632,26.196213186813793
13.041700000001633,26.19951648351713
13.043370000001634,26.20281978022041
13.045040000001634,26.206123076923717
13.046710000001635,26.212090476194987
13.048380000001636,26.21924761905214
13.050050000001637,26.22372527472595
13.051720000001637,26.22702857142923
13.053390000001638,26.23033186813251
13.055060000001639,26.230769230766356
13.05673000000164,26.232197435898456
13.05840000000164,26.238380952385484
13.060070000001641,26.244094505495184
13.061740000001642,26.247397802198492
13.063410000001642,26.25070109890183
13.065080000001643,26.254004395605136
13.066750000001644,26.257500000004597
13.068420000001645,26.26465714286175
13.070090000001645,26.271606593407313
13.071760000001646,26.27490989011062
13.073430000001647,26.27692307692027
13.075100000001648,26.28035897436004
13.076770000001648,26.284966666671295
13.078440000001649,26.288672527473295
13.08011000000165,26.291975824176603
13.08178000000165,26.295279120879883
13.083450000001651,26.29858241758319
13.085120000001652,26.30408571429041
13.086790000001653,26.311242857147562
13.088460000001653,26.316184615385424
13.090130000001654,26.319487912088704
13.091800000001655,26.32279120879201
13.093470000001656,26.323076923074183
13.095140000001656,26.324041025642202
13.096810000001657,26.330376190480905
13.098480000001658,26.336553846154658
13.100150000001658,26.339857142857994
13.10182000000166,26.34351428571904
13.10349000000166,26.35067142857619
13.10516000000166,26.35745934066017
13.106830000001661,26.360762637363507
13.108500000001662,26.364065934066815
13.110170000001663,26.367369230770095
13.111840000001663,26.369230769228096
13.113510000001664,26.372202564103816
13.115180000001665,26.376961904766716
13.116850000001666,26.38113186813277
13.118520000001666,26.384435164836077
13.120190000001667,26.387738461539357
13.121860000001668,26.391041758242693
13.123530000001669,26.39608095238583
13.12520000000167,26.403238095242955
13.12687000000167,26.407692307689672
13.12854000000167,26.407692307689672
13.130210000001671,26.408107692308647
13.131880000001672,26.411410989011955
13.133550000001673,26.415214285719202
13.135220000001674,26.422371428576326
13.136890000001674,26.42901318681416
13.138560000001675,26.432316483517468
13.140230000001676,26.435619780220776
13.141900000001677,26.442666666671613
13.143570000001677,26.449823809528738
13.145240000001678,26.45322197802298
13.146910000001679,26.453846153843614
13.14858000000168,26.453846153843585
13.15025000000168,26.45598901099001
13.151920000001681,26.461800000004985
13.153590000001682,26.468957142862138
13.155260000001682,26.473591208792243
13.156930000001683,26.47689450549555
13.158600000001684,26.48019780219886
13.160270000001685,26.483501098902167
13.161940000001685,26.48807619048125
13.163610000001686,26.495233333338405
13.165280000001687,26.499999999997527
13.166950000001687,26.4999999999975
13.168620000001688,26.501228571433643
13.170290000001689,26.508385714290796
13.17196000000169,26.514865934067018
13.17363000000169,26.518169230770326
13.175300000001691,26.521472527473634
13.176970000001692,26.524775824176942
13.178640000001693,26.52807912088025
13.180310000001693,26.534661904767063
13.181980000001694,26.541819047624188
13.183650000001695,26.545681318682483
13.185320000001695,26.546153846151412
13.186990000001696,26.546153846151384
13.188660000001697,26.548448351649512
13.190330000001698,26.553795238100406
13.192000000001698,26.56095238095756
13.193670000001699,26.566050549451717
13.1953400000017,26.569353846155053
13.1970100000017,26.572657142858333
13.198680000001701,26.57596043956167
13.200350000001702,26.580071428576673
13.202020000001703,26.587228571433826
13.203690000001703,26.592307692305326
13.205360000001704,26.592307692305297
13.207030000001705,26.593223809529064
13.208700000001706,26.60038095238619
13.210370000001706,26.60732527472652
13.212040000001707,26.6106285714298
13.213710000001708,26.613931868133108
13.215380000001709,26.617235164836444
13.21705000000171,26.620538461539752
13.21872000000171,26.626657142862484
13.22039000000171,26.63381428571961
13.222060000001711,26.638140659341957
13.223730000001712,26.63846153845924
13.225400000001713,26.63846153845921
13.227070000001714,26.640907692308986
13.228740000001714,26.645790476195828
13.230410000001715,26.65294761905298
13.232080000001716,26.65850989011122
13.233750000001717,26.661813186814555
13.235420000001717,26.666085714291114
13.237090000001718,26.673242857148267
13.238760000001719,26.676923076920815
13.24043000000172,26.676923076920815
13.24210000000172,26.67887912088048
13.24377000000172,26.68218241758376
13.245440000001722,26.68548571428707
13.247110000001722,26.69237619048161
13.248780000001723,26.699533333338763
13.250450000001724,26.703087912089302
13.252120000001725,26.70639120879261
13.253790000001725,26.709694505495946
13.255460000001726,26.712997802199254
13.257130000001727,26.717735897437763
13.258800000001727,26.721589743591608
13.260470000001728,26.723457142858592
13.262140000001729,26.726760439561872
13.26381000000173,26.73006373626518
13.26548000000173,26.73336703296846
13.267150000001731,26.73778571429125
13.268820000001732,26.744942857148402
13.270490000001733,26.75096923077072
13.272160000001733,26.75427252747403
13.273830000001734,26.758080952386536
13.275500000001735,26.76523809524369
13.277170000001735,26.769230769228614
13.278840000001736,26.769230769228614
13.280510000001737,26.771338461539955
13.282180000001738,26.774641758243263
13.283850000001738,26.77794505494657
13.285520000001739,26.78437142857706
13.28719000000174,26.791528571434213
13.28886000000174,26.795547252748776
13.290530000001741,26.798850549452112
13.292200000001742,26.80215384615542
13.293870000001743,26.805457142858728
13.295540000001743,26.80957948718151
13.297210000001744,26.813433333335354
13.298880000001745,26.815916483518066
13.300550000001746,26.819219780221346
13.302220000001746,26.82380000000569
13.303890000001747,26.830957142862843
13.305560000001748,26.83682197802358
13.307230000001748,26.840125274726887
13.30890000000175,26.843428571430195
13.31057000000175,26.846731868133503
13.31224000000175,26.850076190481957
13.313910000001751,26.85723333333911
13.315580000001752,26.861538461536412
13.317250000001753,26.861538461536412
13.318920000001754,26.863797802199457
13.320590000001754,26.867101098902737
13.322260000001755,26.870404395606073
13.323930000001756,26.87636666667248
13.325600000001756,26.883523809529635
13.327270000001757,26.888006593408278
13.328940000001758,26.891309890111586
13.330610000001759,26.894613186814894
13.33228000000176,26.897916483518202
13.33395000000176,26.901423076925255
13.33562000000176,26.9052769230791
13.337290000001762,26.90837582417754
13.338960000001762,26.911679120880848
13.340630000001763,26.91579523810114
13.342300000001764,26.922952380958264
13.343970000001764,26.929281318683053
13.345640000001765,26.93258461538636
13.347310000001766,26.93588791208967
13.348980000001767,26.93846153845962
13.350650000001767,26.93846153845962
13.352320000001768,26.942085714291665
13.353990000001769,26.94924285714879
13.35566000000177,26.952953846155623
13.35733000000177,26.95625714285896
13.359000000001771,26.95956043956224
13.360670000001772,26.962863736265547
13.362340000001772,26.968361904767903
13.364010000001773,26.975519047625056
13.365680000001774,26.98046593406775
13.367350000001775,26.98376923077106
13.369020000001775,26.9862000000023
13.370690000001776,26.990053846156144
13.372360000001777,26.994228571430398
13.374030000001778,26.997531868133734
13.375700000001778,27.000835164837042
13.377370000001779,27.00413846154035
13.37904000000178,27.00779047619656
13.38071000000178,27.014947619053686
13.382380000001781,27.021740659342527
13.384050000001782,27.025043956045863
13.385720000001783,27.02834725274917
13.387390000001783,27.03076923076742
13.389060000001784,27.03076923076742
13.390730000001785,27.034080952387086
13.392400000001786,27.04123809524424
13.394070000001786,27.045413186815125
13.395740000001787,27.048716483518433
13.397410000001788,27.052019780221713
13.399080000001788,27.05532307692505
13.40075000000179,27.060357142863324
13.40242000000179,27.067514285720478
13.40409000000179,27.072925274727226
13.405760000001791,27.076228571430534
13.407430000001792,27.078043589746045
13.409100000001793,27.08189743589992
13.410770000001794,27.0866879120899
13.412440000001794,27.089991208793208
13.414110000001795,27.093294505496544
13.415780000001796,27.096597802199824
13.417450000001796,27.099901098903132
13.419120000001797,27.106942857149107
13.420790000001798,27.11410000000626
13.422460000001799,27.117503296705337
13.4241300000018,27.120806593408645
13.4258000000018,27.123076923075246
13.4274700000018,27.123076923075246
13.429140000001802,27.126076190482507
13.430810000001802,27.13323333333966
13.432480000001803,27.137872527474627
13.434150000001804,27.141175824177907
13.435820000001804,27.146371428577766
13.437490000001805,27.15352857143489
13.439160000001806,27.158778021980112
13.440830000001807,27.16208131868342
13.442500000001807,27.165384615386728
13.444170000001808,27.168687912090036
13.445840000001809,27.16988717948982
13.44751000000181,27.173741025643665
13.44918000000181,27.179147252749374
13.450850000001811,27.18245054945271
13.452520000001812,27.185753846156018
13.454190000001812,27.189057142859298
13.455860000001813,27.192360439562606
13.457530000001814,27.19893809524453
13.459200000001815,27.206095238101682
13.460870000001815,27.207692307690706
13.462540000001816,27.207692307690706
13.464210000001817,27.20942637362856
13.465880000001818,27.212729670331896
13.467550000001818,27.21807142857793
13.469220000001819,27.225228571435082
13.47089000000182,27.2303318681341
13.47256000000182,27.23363516483741
13.474230000001821,27.23836666667316
13.475900000001822,27.24552380953031
13.477570000001823,27.251237362639614
13.479240000001823,27.25384615384462
13.480910000001824,27.25384615384465
13.482580000001825,27.25400439560667
13.484250000001825,27.257500000006587
13.485920000001826,27.26465714286371
13.487590000001827,27.271606593408876
13.489260000001828,27.274909890112184
13.490930000001828,27.278213186815492
13.49260000000183,27.28151648351877
13.49427000000183,27.284819780222108
13.49594000000183,27.29093333333995
13.497610000001831,27.298090476197103
13.499280000001832,27.299999999998533
13.500950000001833,27.299999999998562
13.502620000001833,27.30408571429237
13.504290000001834,27.311242857149523
13.505960000001835,27.31618461538696
13.507630000001836,27.319487912090267
13.509300000001836,27.322791208793603
13.510970000001837,27.326094505496883
13.512640000001838,27.33036190476861
13.514310000001839,27.33751904762576
13.51598000000184,27.343696703299116
13.51765000000184,27.346153846152447
13.51932000000184,27.346153846152447
13.520990000001841,27.346463736266145
13.522660000001842,27.349767032969453
13.524330000001843,27.356652380959133
13.526000000001844,27.363809523816286
13.527670000001844,27.367369230771658
13.529340000001845,27.370672527474966
13.531010000001846,27.373975824178274
13.532680000001847,27.37727912088161
13.534350000001847,27.3829285714354
13.536020000001848,27.390085714292525
13.537690000001849,27.39230769230636
13.53936000000185,27.39230769230636
13.54103000000185,27.39608095238779
13.542700000001851,27.403238095244944
13.544370000001852,27.40864395604646
13.546040000001852,27.41194725274977
13.547710000001853,27.415250549453077
13.549380000001854,27.418553846156385
13.551050000001855,27.42235714286403
13.552720000001855,27.429514285721183
13.554390000001856,27.43615604395859
13.556060000001857,27.438461538460245
13.557730000001857,27.438461538460245
13.559400000001858,27.438923076925647
13.561070000001859,27.442226373628955
13.56274000000186,27.448647619054583
13.56441000000186,27.455804761911708
13.566080000001861,27.45982857143113
13.567750000001862,27.463131868134468
13.569420000001863,27.46894285714984
13.571090000001863,27.47559230769545
13.572760000001864,27.476923076921793
13.574430000001865,27.47692307692182
13.576100000001865,27.480197802200422
13.577770000001866,27.4835010989037
13.579440000001867,27.488076190483213
13.581110000001868,27.495233333340366
13.582780000001868,27.501103296705935
13.584450000001869,27.504406593409243
13.58612000000187,27.50770989011255
13.58779000000187,27.51101318681583
13.589460000001871,27.51435238095945
13.591130000001872,27.519274358977583
13.592800000001873,27.523076923075706
13.594470000001873,27.524775824178477
13.596140000001874,27.528079120881813
13.597810000001875,27.53138241758512
13.599480000001876,27.53468571428843
13.601150000001876,27.540642857150004
13.602820000001877,27.54780000000713
13.604490000001878,27.552287912090634
13.606160000001879,27.555591208793942
13.60783000000188,27.560938095245263
13.60950000000188,27.567435897439196
13.61117000000188,27.569230769229648
13.612840000001881,27.569353846156588
13.614510000001882,27.572657142859896
13.616180000001883,27.575960439563175
13.617850000001884,27.580071428578634
13.619520000001884,27.587228571435787
13.621190000001885,27.593562637365437
13.622860000001886,27.596865934068717
13.624530000001887,27.600169230772025
13.626200000001887,27.603472527475333
13.627870000001888,27.60677582417864
13.629540000001889,27.61111794872133
13.63121000000189,27.614971794875146
13.63288000000189,27.61723516483798
13.63455000000189,27.620538461541287
13.636220000001892,27.626657142864445
13.637890000001892,27.6338142857216
13.639560000001893,27.63814065934355
13.641230000001894,27.641443956046828
13.642900000001895,27.644747252750108
13.644570000001895,27.648050549453416
13.646240000001896,27.652933333340684
13.647910000001897,27.659279487182943
13.649580000001897,27.661538461537447
13.651250000001898,27.66181318681606
13.652920000001899,27.66511648351937
13.6545900000019,27.668419780222678
13.6562600000019,27.672066666674056
13.657930000001901,27.67922380953121
13.659600000001902,27.68602197802491
13.661270000001903,27.68932527472822
13.662940000001903,27.692628571431527
13.664610000001904,27.695931868134807
13.666280000001905,27.699235164838115
13.667950000001905,27.702961538465075
13.669620000001906,27.70681538461892
13.671290000001907,27.709694505497453
13.672960000001908,27.71299780220079
13.674630000001908,27.718652380959867
13.676300000001909,27.72580952381702
13.67797000000191,27.730600000003022
13.67964000000191,27.733903296706302
13.681310000001911,27.73720659340958
13.682980000001912,27.738461538460598
13.684650000001913,27.739576923080506
13.686320000001913,27.744942857150363
13.687990000001914,27.750969230772228
13.689660000001915,27.754272527475564
13.691330000001916,27.7575758241789
13.693000000001916,27.76087912088221
13.694670000001917,27.764182417585488
13.696340000001918,27.77121904762663
13.698010000001918,27.778376190483783
13.69968000000192,27.781784615387693
13.70135000000192,27.78461538461454
13.70302000000192,27.78773846154209
13.704690000001921,27.791592307695936
13.706360000001922,27.79554725275034
13.708030000001923,27.798850549453647
13.709700000001924,27.802153846156955
13.711370000001924,27.805457142860263
13.713040000001925,27.81064761905529
13.714710000001926,27.81780476191244
13.716380000001926,27.823059340662496
13.718050000001927,27.826362637365776
13.719720000001928,27.829665934069084
13.721390000001929,27.830769230768453
13.72306000000193,27.831420512824252
13.72473000000193,27.836938095245785
13.72640000000193,27.84342857143173
13.728070000001932,27.846731868135066
13.729740000001932,27.850035164838374
13.731410000001933,27.853338461541682
13.733080000001934,27.85664175824496
13.734750000001934,27.86321428572205
13.736420000001935,27.870371428579205
13.738090000001936,27.874243956047167
13.739760000001937,27.87692307692234
13.741430000001937,27.879582051285865
13.743100000001938,27.883523809531596
13.744770000001939,27.88800659340984
13.74644000000194,27.89130989011312
13.74811000000194,27.89461318681643
13.749780000001941,27.897916483519765
13.751450000001942,27.90264285715071
13.753120000001942,27.909800000007863
13.754790000001943,27.91551868132197
13.756460000001944,27.918821978025278
13.758130000001945,27.922125274728558
13.759800000001945,27.92307692307628
13.761470000001946,27.923264102568027
13.763140000001947,27.928933333341206
13.764810000001948,27.935887912091232
13.766480000001948,27.93919120879454
13.768150000001949,27.942494505497848
13.76982000000195,27.94922857143652
13.77149000000195,27.956385714293646
13.773160000001951,27.960096703300053
13.774830000001952,27.96340000000336
13.776500000001953,27.96670329670667
13.778170000001953,27.969230769230165
13.779840000001954,27.97142564102964
13.781510000001955,27.975519047627017
13.783180000001956,27.980465934069315
13.784850000001956,27.983769230772594
13.786520000001957,27.98707252747593
13.788190000001958,27.99037582417924
13.789860000001958,27.99463809524613
13.79153000000196,28.001795238103284
13.79320000000196,28.00769230769174
13.79487000000196,28.00769230769174
13.796540000001961,28.00769230769174
13.798210000001962,28.0107450549485
13.799880000001963,28.01404835165178
13.801550000001964,28.020928571436627
13.803220000001964,28.02808571429378
13.804890000001965,28.031650549454014
13.806560000001966,28.034953846157322
13.808230000001966,28.041223809531942
13.809900000001967,28.04838095238904
13.811570000001968,28.052556043959555
13.813240000001969,28.053846153845654
13.81491000000197,28.053846153845654
13.81658000000197,28.055323076926584
13.81825000000197,28.060357142865286
13.819920000001972,28.06751428572244
13.821590000001972,28.072925274728817
13.823260000001973,28.076228571432125
13.824930000001974,28.079531868135405
13.826600000001974,28.082835164838713
13.828270000001975,28.086633333341553
13.829940000001976,28.093790476198706
13.831610000001977,28.099999999999568
13.833280000001977,28.099999999999568
13.834950000001978,28.09999999999954
13.836620000001979,28.106942857151097
13.83829000000198,28.11410000000822
13.83996000000198,28.11750329670687
13.841630000001981,28.12080659341018
13.843300000001982,28.124109890113488
13.844970000001982,28.127413186816824
13.846640000001983,28.133219047627364
13.848310000001984,28.14037619048449
13.849980000001985,28.14501538461903
13.851650000001985,28.14615384615348
13.853320000001986,28.146153846153453
13.854990000001987,28.147782417586058
13.856660000001987,28.152352380960707
13.858330000001988,28.15950952381786
13.860000000001989,28.16538461538829
13.86167000000199,28.1686879120916
13.86334000000199,28.17199120879488
13.865010000001991,28.175294505498215
13.866680000001992,28.178628571437002
13.868350000001993,28.185785714294155
13.870020000001993,28.192307692307395
13.871690000001994,28.192307692307367
13.873360000001995,28.19236043956417
13.875030000001995,28.19893809524652
13.876700000001996,28.206095238103643
13.878370000001997,28.209962637366345
13.880040000001998,28.213265934069682
13.881710000001998,28.21656923077299
13.883380000002,28.219872527476326
13.885050000002,28.225214285722785
13.886720000002,28.23237142857991
13.888390000002001,28.23747472527853
13.890060000002002,28.23846153846128
13.891730000002003,28.23846153846128
13.893400000002003,28.24024175824553
13.895070000002004,28.24434761905613
13.896740000002005,28.25150476191328
13.898410000002006,28.257843956047765
13.900080000002006,28.2611472527511
13.901750000002007,28.264642857151415
13.903420000002008,28.271800000008568
13.905090000002009,28.276923076922856
13.90676000000201,28.276923076922856
13.90843000000201,28.278213186817027
13.91010000000201,28.281516483520335
13.911770000002011,28.284819780223643
13.913440000002012,28.29093333334194
13.915110000002013,28.298090476199064
13.916780000002014,28.302421978025848
13.918450000002014,28.305725274729184
13.920120000002015,28.309028571432492
13.921790000002016,28.3123318681358
13.923460000002017,28.31695897436356
13.925130000002017,28.320812820517403
13.926800000002018,28.32307692307677
13.928470000002019,28.326094505498418
13.93014000000202,28.329397802201726
13.93181000000202,28.332701098905034
13.933480000002021,28.33634285715155
13.935150000002022,28.343500000008703
13.936820000002022,28.350303296707267
13.938490000002023,28.353606593410603
13.940160000002024,28.356909890113883
13.941830000002025,28.36379523810399
13.943500000002025,28.368974358979017
13.945170000002026,28.369230769230654
13.946840000002027,28.37067252747653
13.948510000002027,28.37397582417981
13.950180000002028,28.377279120883117
13.951850000002029,28.38292857143736
13.95352000000203,28.390085714294514
13.95519000000203,28.39488131868535
13.956860000002031,28.398184615388658
13.958530000002032,28.401487912091966
13.960200000002033,28.404791208795274
13.961870000002033,28.408802564107305
13.963540000002034,28.41265641026115
13.965210000002035,28.415384615384568
13.966880000002035,28.41855384615789
13.968550000002036,28.42235714286602
13.970220000002037,28.429514285723144
13.971890000002038,28.436156043960125
13.973560000002038,28.439459340663433
13.975230000002039,28.44276263736677
13.97690000000204,28.446065934070077
13.97857000000204,28.449369230773357
13.980240000002041,28.45579047619941
13.981910000002042,28.460817948722763
13.983580000002043,28.46153846153848
13.985250000002043,28.463131868136003
13.986920000002044,28.466435164839282
13.988590000002045,28.46973846154262
13.990260000002046,28.47492380953281
13.991930000002046,28.482080952389936
13.993600000002047,28.487340659344824
13.995270000002048,28.49064395604813
13.996940000002049,28.493947252751468
13.99861000000205,28.497250549454776
14.00028000000205,28.495799999968796
14.00195000000205,28.470749999968774
14.003620000002051,28.446361538435127
14.005290000002052,28.42516538458895
14.006960000002053,28.403933333302035
14.008630000002054,28.37888333330207
14.010300000002054,28.35388461535817
14.011970000002055,28.33268846151202
14.013640000002056,28.311492307665873
14.015310000002057,28.290296153819696
14.016980000002057,28.26909999997352
14.018650000002058,28.245249999968706
14.020320000002059,28.220199999968713
14.02199000000206,28.197819230742738
14.02366000000206,28.17662307689656
14.02533000000206,28.155426923050413
14.027000000002062,28.134230769204237
14.028670000002062,28.111616666635285
14.030340000002063,28.086566666635292
14.032010000002064,28.062949999973455
14.033680000002065,28.041753846127307
14.035350000002065,28.01974999996861
14.037020000002066,27.99469999996859
14.038690000002067,27.970473076896525
14.040360000002067,27.94927692305035
14.042030000002068,27.9280807692042
14.043700000002069,27.906884615358052
14.04537000000207,27.885688461511876
14.04704000000207,27.861066666635224
14.048710000002071,27.83601666663523
14.050380000002072,27.814407692281122
14.052050000002072,27.793211538434917
14.053720000002073,27.77201538458877
14.055390000002074,27.75081923074262
14.057060000002075,27.727433333301832
14.058730000002075,27.70238333330181
14.060400000002076,27.67953846151181
14.062070000002077,27.658342307665635
14.063740000002078,27.637146153819486
14.065410000002078,27.61594999997334
14.067080000002079,27.59379999996844
14.06875000000208,27.568749999968418
14.07042000000208,27.544669230742556
14.072090000002081,27.52347307689641
14.073760000002082,27.501933333301736
14.075430000002083,27.476883333301743
14.077100000002083,27.452192307665598
14.078770000002084,27.43099615381945
14.080440000002085,27.409799999973274
14.082110000002086,27.388603846127126
14.083780000002086,27.36740769228095
14.085450000002087,27.34324999996838
14.087120000002088,27.318199999968385
14.088790000002088,27.296126923050167
14.09046000000209,27.27493076920402
14.09213000000209,27.25373461535787
14.09380000000209,27.232538461511666
14.095470000002091,27.209616666634957
14.097140000002092,27.184566666634964
14.098810000002093,27.161257692280884
14.100480000002094,27.140061538434736
14.102150000002094,27.117749999968282
14.103820000002095,27.09269999996826
14.105490000002096,27.068780769203954
14.107160000002096,27.047584615357806
14.108830000002097,27.026388461511658
14.110500000002098,27.00519230766548
14.112170000002099,26.983996153819277
14.1138400000021,26.959066666634868
14.1155100000021,26.934016666634875
14.1171800000021,26.912715384588523
14.118850000002102,26.891519230742347
14.120520000002102,26.8703230768962
14.122190000002103,26.84912692305005
14.123860000002104,26.825433333301504
14.125530000002104,26.80038333330151
14.127200000002105,26.77784615381927
14.128870000002106,26.756649999973064
14.130540000002107,26.735453846126916
14.132210000002107,26.71425769228074
14.133880000002108,26.691799999968083
14.135550000002109,26.66674999996809
14.13722000000211,26.642976923049986
14.13889000000211,26.62178076920378
14.140560000002111,26.599933333301408
14.142230000002112,26.574883333301415
14.143900000002112,26.550499999973056
14.145570000002113,26.52930384612688
14.147240000002114,26.508107692280703
14.148910000002115,26.486911538434526
14.150580000002115,26.46571538458838
14.152250000002116,26.441249999968022
14.153920000002117,26.41619999996803
14.155590000002118,26.394434615357596
14.157260000002118,26.37323846151145
14.158930000002119,26.352042307665272
14.16060000000212,26.330846153819124
14.16227000000212,26.307616666634658
14.163940000002121,26.282566666634608
14.165610000002122,26.259565384588313
14.167280000002123,26.238369230742165
14.168950000002123,26.215749999967954
14.170620000002124,26.190699999967933
14.172290000002125,26.167088461511383
14.173960000002126,26.145892307665235
14.175630000002126,26.12469615381906
14.177300000002127,26.103499999972883
14.178970000002128,26.082116666634562
14.180640000002128,26.05706666663457
14.18231000000213,26.0322192307421
14.18398000000213,26.011023076895952
14.18565000000213,25.989826923049776
14.187320000002131,25.968630769203628
14.188990000002132,25.94743461535748
14.190660000002133,25.923433333301176
14.192330000002134,25.898383333301183
14.194000000002134,25.876153846126698
14.195670000002135,25.85495769228052
14.197340000002136,25.833761538434345
14.199010000002136,25.812565384588197
14.200680000002137,25.789799999967755
14.202350000002138,25.764749999967762
14.204020000002139,25.741284615357415
14.20569000000214,25.72008846151121
14.20736000000214,25.69793333330108
14.20903000000214,25.672883333301087
14.210700000002142,25.648807692280485
14.212370000002142,25.62761153843431
14.214040000002143,25.60641538458816
14.215710000002144,25.585219230741956
14.217380000002144,25.564023076895808
14.219050000002145,25.539249999967694
14.220720000002146,25.514199999967673
14.222390000002147,25.492742307665026
14.224060000002147,25.471546153818878
14.225730000002148,25.4503499999727
14.227400000002149,25.429153846126525
14.22907000000215,25.40561666663433
14.23074000000215,25.38056666663431
14.232410000002151,25.357873076895743
14.234080000002152,25.336676923049595
14.235750000002152,25.31374999996757
14.237420000002153,25.288699999967605
14.239090000002154,25.265396153818813
14.240760000002155,25.244199999972636
14.242430000002155,25.22300384612646
14.244100000002156,25.201807692280312
14.245770000002157,25.180116666634234
14.247440000002157,25.15506666663424
14.249110000002158,25.13052692304956
14.250780000002159,25.109330769203382
14.25245000000216,25.088134615357205
14.25412000000216,25.066938461511057
14.255790000002161,25.045742307664852
14.257460000002162,25.02143333330082
14.259130000002163,24.996383333300827
14.260800000002163,24.9744615384341
14.262470000002164,24.95326538458795
14.264140000002165,24.932069230741774
14.265810000002165,24.910873076895598
14.267480000002166,24.887799999967427
14.269150000002167,24.862749999967434
14.270820000002168,24.839592307664788
14.272490000002168,24.81839615381864
14.27416000000217,24.795933333300724
14.27583000000217,24.77088333330076
14.27750000000217,24.747115384587886
14.279170000002171,24.725919230741738
14.280840000002172,24.70472307689559
14.282510000002173,24.683526923049413
14.284180000002173,24.662299999967388
14.285850000002174,24.637249999967366
14.287520000002175,24.612246153818603
14.289190000002176,24.591049999972455
14.290860000002176,24.569853846126307
14.292530000002177,24.548657692280102
14.294200000002178,24.527461538433954
14.295870000002179,24.503616666633974
14.29754000000218,24.47856666663398
14.29921000000218,24.456180769203172
14.30088000000218,24.434984615357024
14.302550000002181,24.41174999996727
14.304220000002182,24.386699999967277
14.305890000002183,24.363703846126242
14.307560000002184,24.342507692280037
14.309230000002184,24.32131153843389
14.310900000002185,24.30011538458774
14.312570000002186,24.278116666633906
14.314240000002187,24.253066666633913
14.315910000002187,24.228834615356988
14.317580000002188,24.20763846151081
14.319250000002189,24.186442307664663
14.32092000000219,24.165246153818487
14.32259000000219,24.14404999997228
14.324260000002191,24.119433333300492
14.325930000002192,24.0943833333005
14.327600000002192,24.072769230741528
14.329270000002193,24.05157307689535
14.330940000002194,24.030376923049204
14.332610000002195,24.009180769203027
14.334280000002195,23.9857999999671
14.335950000002196,23.960749999967135
14.337620000002197,23.937899999972245
14.339290000002197,23.91670384612607
14.340960000002198,23.893933333300396
14.342630000002199,23.868883333300403
14.3443000000022,23.845423076895315
14.3459700000022,23.824226923049167
14.347640000002201,23.80303076920299
14.349310000002202,23.781834615356843
14.350980000002203,23.76029999996706
14.352650000002203,23.73524999996704
14.354320000002204,23.71055384612606
14.355990000002205,23.689357692279884
14.357660000002205,23.66816153843368
14.359330000002206,23.64696538458753
14.361000000002207,23.625769230741383
14.362670000002208,23.601616666633618
14.364340000002208,23.576566666633624
14.366010000002209,23.5544884615106
14.36768000000221,23.533292307664425
14.36935000000221,23.509749999966942
14.371020000002211,23.48469999996695
14.372690000002212,23.462011538433643
14.374360000002213,23.440815384587466
14.376030000002213,23.41961923074132
14.377700000002214,23.39842307689517
14.379370000002215,23.37611666663355
14.381040000002216,23.351066666633557
14.382710000002216,23.327142307664417
14.384380000002217,23.30594615381824
14.386050000002218,23.284749999972092
14.387720000002219,23.263553846125916
14.38939000000222,23.24235769227974
14.39106000000222,23.217433333300164
14.39273000000222,23.19238333330017
14.394400000002221,23.17107692304893
14.396070000002222,23.14988076920278
14.397740000002223,23.128684615356633
14.399410000002224,23.107488461510457
14.401080000002224,23.08379999996677
14.402750000002225,23.05874999996678
14.404420000002226,23.036207692279675
14.406090000002227,23.015011538433527
14.407760000002227,22.991933333300096
14.409430000002228,22.966883333300075
14.411100000002229,22.943730769202745
14.41277000000223,22.922534615356597
14.41444000000223,22.90133846151042
14.41611000000223,22.880142307664244
14.417780000002232,22.858299999966704
14.419450000002232,22.83324999996671
14.421120000002233,22.80886153843349
14.422790000002234,22.787665384587342
14.424460000002234,22.766469230741137
14.426130000002235,22.74527307689499
14.427800000002236,22.724076923048813
14.429470000002237,22.69961666663329
14.431140000002237,22.674566666633297
14.432810000002238,22.65279615381803
14.434480000002239,22.631599999971854
14.43615000000224,22.607749999966614
14.43782000000224,22.58269999996662
14.439490000002241,22.560319230741072
14.441160000002242,22.539123076894924
14.442830000002242,22.517926923048776
14.444500000002243,22.4967307692026
14.446170000002244,22.474116666633222
14.447840000002245,22.44906666663323
14.449510000002245,22.425449999971818
14.451180000002246,22.40425384612567
14.452850000002247,22.383057692279493
14.454520000002248,22.361861538433317
14.456190000002248,22.340483333299858
14.457860000002249,22.315433333299865
14.45953000000225,22.290580769202535
14.46120000000225,22.269384615356387
14.462870000002251,22.24818846151021
14.464540000002252,22.226992307664034
14.466210000002253,22.205796153817886
14.467880000002253,22.181799999966444
14.469550000002254,22.156749999966422
14.471220000002255,22.134515384587104
14.472890000002256,22.113319230740956
14.474560000002256,22.08993333329977
14.476230000002257,22.064883333299775
14.477900000002258,22.042038461510202
14.479570000002258,22.020842307663997
14.48124000000226,21.99964615381785
14.48291000000226,21.978449999971673
14.48458000000226,21.956299999966376
14.486250000002261,21.931249999966354
14.487920000002262,21.90716923074092
14.489590000002263,21.885973076894743
14.491260000002264,21.864776923048566
14.492930000002264,21.84358076920242
14.494600000002265,21.82238461535627
14.496270000002266,21.797616666632962
14.497940000002266,21.77256666663297
14.499610000002267,21.75110384612546
14.501280000002268,21.729907692279284
14.502950000002269,21.705749999966287
14.50462000000227,21.680699999966293
14.50629000000227,21.6586269230485
14.50796000000227,21.637430769202354
14.509630000002272,21.616234615356205
14.511300000002272,21.59503846151003
14.512970000002273,21.572116666632922
14.514640000002274,21.5470666666329
14.516310000002274,21.523757692279247
14.517980000002275,21.50256153843307
14.519650000002276,21.481365384586923
14.521320000002277,21.460169230740746
14.522990000002277,21.4384833332995
14.524660000002278,21.41343333329951
14.526330000002279,21.388888461509964
14.52800000000228,21.367692307663816
14.52967000000228,21.346496153817668
14.531340000002281,21.325299999971463
14.533010000002282,21.304103846125315
14.534680000002282,21.279799999966116
14.536350000002283,21.254749999966094
14.538020000002284,21.232823076894533
14.539690000002285,21.211626923048385
14.541360000002285,21.18793333329944
14.543030000002286,21.16288333329942
14.544700000002287,21.140346153817603
14.546370000002288,21.119149999971455
14.548040000002288,21.09795384612528
14.549710000002289,21.076757692279102
14.55138000000229,21.05429999996602
14.55305000000229,21.029249999966027
14.554720000002291,21.00547692304832
14.556390000002292,20.984280769202144
14.558060000002293,20.963084615355996
14.559730000002293,20.941888461509848
14.561400000002294,20.920666666632627
14.563070000002295,20.895616666632662
14.564740000002296,20.870607692279066
14.566410000002296,20.84941153843286
14.568080000002297,20.828215384586713
14.569750000002298,20.80374999996593
14.571420000002298,20.77869999996591
14.5730900000023,20.75693461535593
14.5747600000023,20.735738461509783
14.5764300000023,20.714542307663606
14.578100000002301,20.69334615381746
14.579770000002302,20.670116666632595
14.581440000002303,20.645066666632573
14.583110000002304,20.622065384586676
14.584780000002304,20.60086923074053
14.586450000002305,20.579673076894323
14.588120000002306,20.558476923048175
14.589790000002306,20.536483333299174
14.591460000002307,20.51143333329918
14.593130000002308,20.487196153817393
14.594800000002309,20.465999999971245
14.59647000000231,20.444803846125097
14.59814000000231,20.42360769227892
14.59981000000231,20.402411538432744
14.601480000002311,20.377799999965788
14.603150000002312,20.352749999965766
14.604820000002313,20.331130769201962
14.606490000002314,20.309934615355786
14.608160000002314,20.285933333299056
14.609830000002315,20.26088333329909
14.611500000002316,20.238653846125032
14.613170000002317,20.217457692278856
14.614840000002317,20.196261538432708
14.616510000002318,20.17506538458656
14.618180000002319,20.15229999996572
14.61985000000232,20.1272499999657
14.62152000000232,20.10378461535575
14.623190000002321,20.082588461509573
14.624860000002322,20.061392307663425
14.626530000002322,20.040196153817277
14.628200000002323,20.0186666666323
14.629870000002324,19.993616666632306
14.631540000002325,19.968915384586495
14.633210000002325,19.94771923074032
14.634880000002326,19.926523076894142
14.636550000002327,19.90174999996563
14.638220000002327,19.87669999996558
14.639890000002328,19.85524230766336
14.641560000002329,19.834046153817212
14.64323000000233,19.812849999971036
14.64490000000233,19.791653846124888
14.646570000002331,19.76811666663224
14.648240000002332,19.743066666632245
14.649910000002333,19.720373076894106
14.651580000002333,19.699176923047958
14.653250000002334,19.67798076920178
14.654920000002335,19.656784615355605
14.656590000002335,19.634483333298846
14.658260000002336,19.609433333298824
14.659930000002337,19.585503846124823
14.661600000002338,19.564307692278675
14.663270000002338,19.5431115384325
14.664940000002339,19.521915384586322
14.66661000000234,19.500719230740174
14.66828000000234,19.47579999996543
14.669950000002341,19.45074999996544
14.671620000002342,19.429438461509392
14.673290000002343,19.408242307663187
14.674960000002343,19.383933333298728
14.676630000002344,19.358883333298735
14.678300000002345,19.336961538432433
14.679970000002346,19.315765384586285
14.681640000002346,19.294569230740137
14.683310000002347,19.27337307689396
14.684980000002348,19.250299999965392
14.686650000002349,19.2252499999654
14.68832000000235,19.20209230766318
14.68999000000235,19.180896153817002
14.69166000000235,19.159699999970854
14.693330000002351,19.13850384612465
14.695000000002352,19.11666666663197
14.696670000002353,19.091616666631978
14.698340000002354,19.067223076893924
14.700010000002354,19.046026923047748
14.701680000002355,19.024799999965296
14.703350000002356,18.999749999965303
14.705020000002357,18.974746153816966
14.706690000002357,18.95354999997079
14.708360000002358,18.932353846124613
14.710030000002359,18.911157692278465
14.71170000000236,18.889961538432317
14.71337000000236,18.86611666663191
14.715040000002361,18.84106666663189
14.716710000002362,18.818680769201535
14.718380000002362,18.797484615355387
14.720050000002363,18.77628846150921
14.721720000002364,18.755092307663062
14.723390000002365,18.732483333298518
14.725060000002365,18.707433333298496
14.726730000002366,18.683811538432252
14.728400000002367,18.662615384586104
14.730070000002367,18.6414192307399
14.731740000002368,18.62022307689375
14.733410000002369,18.598849999965125
14.73508000000237,18.573799999965104
14.73675000000237,18.54894230766297
14.738420000002371,18.52774615381682
14.740090000002372,18.506549999970645
14.741760000002373,18.48193333329843
14.743430000002373,18.456883333298407
14.745100000002374,18.435269230739863
14.746770000002375,18.414073076893715
14.748440000002375,18.392876923047567
14.750110000002376,18.37168076920139
14.751780000002377,18.348299999965036
14.753450000002378,18.323249999965043
14.755120000002378,18.300399999970608
14.756790000002379,18.27920384612446
14.75846000000238,18.258007692278284
14.76013000000238,18.236811538432107
14.761800000002381,18.214666666631643
14.763470000002382,18.18961666663165
14.765140000002383,18.165530769201325
14.766810000002383,18.14433461535515
14.768480000002384,18.12279999996497
14.770150000002385,18.097749999964947
14.771820000002386,18.073053846124395
14.773490000002386,18.05185769227822
14.775160000002387,18.03066153843207
14.776830000002388,18.009465384585923
14.778500000002389,17.988269230739746
14.78017000000239,17.964116666631554
14.78184000000239,17.93906666663156
14.78351000000239,17.916988461508964
14.785180000002391,17.895792307662788
14.786850000002392,17.87459615381664
14.788520000002393,17.853399999970463
14.790190000002394,17.83048333329816
14.791860000002394,17.805433333298197
14.793530000002395,17.78211923073968
14.795200000002396,17.760923076893505
14.796870000002396,17.73972692304733
14.798540000002397,17.71853076920118
14.800210000002398,17.696849999964797
14.801880000002399,17.671799999964776
14.8035500000024,17.6472499999704
14.8052200000024,17.62605384612425
14.8068900000024,17.604857692278074
14.808560000002402,17.5799333332981
14.810230000002402,17.554883333298108
14.811900000002403,17.53357692304732
14.813570000002404,17.512380769201144
14.815240000002404,17.491184615354996
14.816910000002405,17.46998846150882
14.818580000002406,17.446299999964708
14.820250000002407,17.421249999964715
14.821920000002407,17.398707692278037
14.823590000002408,17.37751153843189
14.825260000002409,17.356315384585713
14.82693000000241,17.335119230739537
14.82860000000241,17.312666666631316
14.830270000002411,17.287616666631322
14.831940000002412,17.263838461508726
14.833610000002412,17.242642307662578
14.835280000002413,17.220799999964612
14.836950000002414,17.19574999996459
14.838620000002415,17.171361538431796
14.840290000002415,17.150165384585648
14.841960000002416,17.1289692307395
14.843630000002417,17.107773076893352
14.845300000002418,17.086576923047176
14.846970000002418,17.062116666631226
14.848640000002419,17.037066666631233
14.85031000000242,17.015296153816394
14.85198000000242,16.994099999970217
14.853650000002421,16.97290384612404
14.855320000002422,16.951707692277893
14.856990000002423,16.928483333297834
14.858660000002423,16.90343333329784
14.860330000002424,16.88042692304714
14.862000000002425,16.859230769200934
14.863670000002426,16.838034615354786
14.865340000002426,16.81683846150861
14.867010000002427,16.79484999996444
14.868680000002428,16.769799999964448
14.870350000002428,16.745557692277828
14.87202000000243,16.72436153843165
14.87369000000243,16.702983333297738
14.87536000000243,16.677933333297773
14.877030000002431,16.653080769200898
14.878700000002432,16.63188461535475
14.880370000002433,16.6106884615086
14.882040000002434,16.589492307662397
14.883710000002434,16.56829615381622
14.885380000002435,16.54429999996438
14.887050000002436,16.51924999996436
14.888720000002436,16.497015384585467
14.890390000002437,16.47581923073929
14.892060000002438,16.454623076893114
14.893730000002439,16.433426923046966
14.89540000000244,16.410666666630988
14.89707000000244,16.385616666630966
14.89874000000244,16.362146153816184
14.900410000002442,16.340949999970007
14.902080000002442,16.318799999964256
14.903750000002443,16.293749999964263
14.905420000002444,16.269669230739225
14.907090000002444,16.248473076893077
14.908760000002445,16.2272769230469
14.910430000002446,16.206080769200753
14.912100000002447,16.184884615354576
14.913770000002447,16.160116666630927
14.915440000002448,16.135066666630934
14.917110000002449,16.113603846123823
14.91878000000245,16.092407692277646
14.92045000000245,16.07121153843147
14.922120000002451,16.050015384585322
14.923790000002452,16.026483333297506
14.925460000002452,16.001433333297513
14.927130000002453,15.97873461535454
14.928800000002454,15.957538461508364
14.930470000002455,15.936342307662215
14.932140000002455,15.915146153816067
14.933810000002456,15.892849999964113
14.935480000002457,15.86779999996412
14.937150000002458,15.843865384585257
14.938820000002458,15.82266923073908
14.940490000002459,15.80098333329741
14.94216000000246,15.775933333297417
14.94383000000246,15.751388461508327
14.945500000002461,15.730192307662179
14.947170000002462,15.708996153816031
14.948840000002463,15.687799999969826
14.950510000002463,15.666603846123678
14.952180000002464,15.642299999964052
14.953850000002465,15.61724999996403
14.955520000002466,15.595323076892868
14.957190000002466,15.57412692304672
14.958860000002467,15.552930769200543
14.960530000002468,15.531734615354395
14.962200000002468,15.50866666663066
14.96387000000247,15.483616666630638
14.96554000000247,15.460453846123613
14.96721000000247,15.439257692277465
14.968880000002471,15.416799999963956
14.970550000002472,15.391749999963935
14.972220000002473,15.367976923046655
14.973890000002473,15.346780769200478
14.975560000002474,15.32558461535433
14.977230000002475,15.304388461508182
14.978900000002476,15.283166666630564
14.980570000002476,15.25811666663057
14.982240000002477,15.233107692277429
14.983910000002478,15.211911538431252
14.985580000002479,15.190715384585076
14.98725000000248,15.169519230738928
14.98892000000248,15.148323076892723
14.99059000000248,15.124483333297178
14.992260000002481,15.099433333297185
14.993930000002482,15.07704230766194
14.995600000002483,15.055846153815793
14.997270000002484,15.034649999969645
14.998940000002484,15.013453846123468
15.000610000002485,14.997504545445423
15.002280000002486,14.990672727263586
15.003950000002487,14.983840909081778
15.005620000002487,14.97700909089994
15.007290000002488,14.970177272718104
15.008960000002489,14.963345454536267
15.01063000000249,14.95604411763702
15.01230000000249,14.948676470578192
15.013970000002491,14.941308823519392
15.015640000002492,14.933941176460564
15.017310000002492,14.926573529401736
15.018980000002493,14.919205882342908
15.020650000002494,14.91183823528408
15.022320000002495,14.904470588225252
15.023990000002495,14.897102941166423
15.025660000002496,14.889735294107595
15.027330000002497,14.882367647048767
15.029000000002497,14.874999999989939
15.030670000002498,14.86763235293111
15.032340000002499,14.860264705872282
15.0340100000025,14.852897058813454
15.0356800000025,14.845529411754626
15.037350000002501,14.838161764695798
15.039020000002502,14.83079411763697
15.040690000002503,14.823426470578141
15.042360000002503,14.816058823519313
15.044030000002504,14.808691176460457
15.045700000002505,14.801323529401628
15.047370000002505,14.7939558823428
15.049040000002506,14.786588235283944
15.050710000002507,14.779220588225144
15.052380000002508,14.771852941166316
15.054050000002508,14.764485294107459
15.055720000002509,14.75711764704866
15.05739000000251,14.749749999989831
15.05906000000251,14.742382352931003
15.060730000002511,14.735014705872175
15.062400000002512,14.727647058813346
15.064070000002513,14.720279411754518
15.065740000002513,14.712911764695718
15.067410000002514,14.70554411763689
15.069080000002515,14.698176470578034
15.070750000002516,14.690808823519234
15.072420000002516,14.683441176460406
15.074090000002517,14.676073529401549
15.075760000002518,14.66870588234272
15.077430000002519,14.661338235283864
15.07910000000252,14.653970588225064
15.08077000000252,14.646602941166236
15.08244000000252,14.63923529410738
15.084110000002521,14.631867647048551
15.085780000002522,14.624499999989752
15.087450000002523,14.617132352930895
15.089120000002524,14.609764705872067
15.090790000002524,14.602397058813267
15.092460000002525,14.59502941175441
15.094130000002526,14.587661764695582
15.095800000002527,14.580294117636782
15.097470000002527,14.572926470577926
15.099140000002528,14.565558823519098
15.100810000002529,14.558191176460298
15.10248000000253,14.550823529401441
15.10415000000253,14.543455882342613
15.105820000002531,14.536088235283813
15.107490000002532,14.528720588224985
15.109160000002532,14.521352941166157
15.110830000002533,14.5139852941073
15.112500000002534,14.506617647048472
15.114170000002535,14.499249999989644
15.115840000002535,14.491882352930844
15.117510000002536,14.484514705871987
15.119180000002537,14.47714705881316
15.120850000002537,14.46977941175436
15.122520000002538,14.462411764695503
15.124190000002539,14.455044117636675
15.12586000000254,14.447676470577875
15.12753000000254,14.440308823519018
15.129200000002541,14.43294117646019
15.130870000002542,14.42557352940139
15.132540000002543,14.418205882342534
15.134210000002543,14.410838235283705
15.135880000002544,14.403470588224906
15.137550000002545,14.396102941166049
15.139220000002545,14.38873529410722
15.140890000002546,14.381367647048393
15.142560000002547,14.373999999989536
15.144230000002548,14.366632352930736
15.145900000002548,14.359264705871908
15.147570000002549,14.351897058813051
15.14924000000255,14.344529411754223
15.15091000000255,14.337161764695423
15.152580000002551,14.329794117636567
15.154250000002552,14.322426470577739
15.155920000002553,14.31505882351891
15.157590000002553,14.30769117646011
15.159260000002554,14.300323529401282
15.160930000002555,14.292955882342454
15.162600000002556,14.285588235283626
15.164270000002556,14.278220588224798
15.165940000002557,14.27085294116597
15.167610000002558,14.263485294107141
15.169280000002558,14.256117647048313
15.17095000000256,14.248749999989485
15.17262000000256,14.241382352930657
15.17429000000256,14.234014705871829
15.175960000002561,14.226647058812972
15.177630000002562,14.219279411754144
15.179300000002563,14.211911764695316
15.180970000002564,14.204544117636459
15.182640000002564,14.19717647057766
15.184310000002565,14.189808823518831
15.185980000002566,14.182441176459974
15.187650000002566,14.175073529401175
15.189320000002567,14.167705882342347
15.190990000002568,14.16033823528349
15.192660000002569,14.15297058822469
15.19433000000257,14.145602941165862
15.19600000000257,14.138235294107005
15.19767000000257,14.130867647048206
15.199340000002572,14.123499999989377
15.201010000002572,14.11613235293055
15.202680000002573,14.10876470587175
15.204350000002574,14.101397058812893
15.206020000002574,14.094029411754065
15.207690000002575,14.086661764695265
15.209360000002576,14.079294117636437
15.211030000002577,14.07192647057758
15.212700000002577,14.064558823518752
15.214370000002578,14.057191176459924
15.216040000002579,14.049823529401067
15.21771000000258,14.042455882342267
15.21938000000258,14.035088235283439
15.221050000002581,14.027720588224582
15.222720000002582,14.020352941165783
15.224390000002582,14.012985294106954
15.226060000002583,14.005617647048098
15.227730000002584,13.998249999989298
15.229400000002585,13.99088235293047
15.231070000002585,13.983514705871613
15.232740000002586,13.976147058812813
15.234410000002587,13.968779411753985
15.236080000002588,13.961411764695129
15.237750000002588,13.954044117636329
15.239420000002589,13.9466764705775
15.24109000000259,13.939308823518644
15.24276000000259,13.931941176459816
15.244430000002591,13.924573529400988
15.246100000002592,13.917469696959785
15.247770000002593,13.910637878777976
15.249440000002593,13.903806060596139
15.251110000002594,13.89697424241433
15.252780000002595,13.890142424232522
15.254450000002596,13.883308823518604
15.256120000002596,13.875941176459776
15.257790000002597,13.868573529400948
15.259460000002598,13.86120588234212
15.261130000002598,13.853838235283291
15.2628000000026,13.846470588224463
15.2644700000026,13.839102941165635
15.2661400000026,13.831735294106807
15.267810000002601,13.824367647047978
15.269480000002602,13.81699999998915
15.271150000002603,13.809632352930322
15.272820000002604,13.802264705871494
15.274490000002604,13.794897058812666
15.276160000002605,13.787529411753837
15.277830000002606,13.78016176469501
15.279500000002606,13.772794117636153
15.281170000002607,13.765426470577324
15.282840000002608,13.758058823518496
15.284510000002609,13.750691176459668
15.28618000000261,13.74332352940084
15.28785000000261,13.735955882342012
15.28952000000261,13.728588235283183
15.291190000002612,13.721220588224355
15.292860000002612,13.713852941165527
15.294530000002613,13.706485294106699
15.296200000002614,13.69911764704787
15.297870000002614,13.691749999989042
15.299540000002615,13.684382352930243
15.301210000002616,13.677014705871414
15.302880000002617,13.669647058812558
15.304550000002617,13.662279411753758
15.306220000002618,13.65491176469493
15.307890000002619,13.647544117636073
15.30956000000262,13.640176470577245
15.31123000000262,13.632808823518417
15.312900000002621,13.62544117645956
15.314570000002622,13.61807352940076
15.316240000002622,13.610705882341932
15.317910000002623,13.603338235283076
15.319580000002624,13.595970588224276
15.321250000002625,13.588602941165448
15.322920000002625,13.581235294106591
15.324590000002626,13.573867647047791
15.326260000002627,13.566499999988963
15.327930000002628,13.559132352930106
15.329600000002628,13.551764705871307
15.331270000002629,13.544397058812478
15.33294000000263,13.537029411753622
15.33461000000263,13.529661764694822
15.336280000002631,13.522294117635994
15.337950000002632,13.514926470577137
15.339620000002633,13.507558823518337
15.341290000002633,13.50019117645951
15.342960000002634,13.492823529400681
15.344630000002635,13.485455882341853
15.346300000002635,13.478088235282996
15.347970000002636,13.470720588224168
15.349640000002637,13.463352941165368
15.351310000002638,13.45598529410654
15.352980000002638,13.448617647047683
15.35465000000264,13.441249999988884
15.35632000000264,13.433882352930056
15.35799000000264,13.426514705871199
15.359660000002641,13.419147058812399
15.361330000002642,13.411779411753571
15.363000000002643,13.404411764694714
15.364670000002643,13.397044117635886
15.366340000002644,13.389676470577086
15.368010000002645,13.38230882351823
15.369680000002646,13.374941176459402
15.371350000002646,13.367573529400602
15.373020000002647,13.360205882341745
15.374690000002648,13.352838235282917
15.376360000002649,13.345470588224089
15.37803000000265,13.338102941165232
15.37970000000265,13.330735294106404
15.38137000000265,13.323367647047604
15.383040000002651,13.315999999988748
15.384710000002652,13.30863235292992
15.386380000002653,13.30126470587112
15.388050000002654,13.293897058812263
15.389720000002654,13.286529411753435
15.391390000002655,13.279161764694635
15.393060000002656,13.271794117635807
15.394730000002657,13.264426470576979
15.396400000002657,13.25705882351815
15.398070000002658,13.249691176459322
15.399740000002659,13.242323529400494
15.40141000000266,13.234955882341666
15.40308000000266,13.227588235282838
15.404750000002661,13.22022058822401
15.406420000002662,13.212852941165181
15.408090000002662,13.205485294106353
15.409760000002663,13.198117647047525
15.411430000002664,13.190749999988668
15.413100000002665,13.18338235292984
15.414770000002665,13.176014705871012
15.416440000002666,13.168647058812184
15.418110000002667,13.161279411753355
15.419780000002667,13.153911764694527
15.421450000002668,13.146544117635699
15.423120000002669,13.13917647057687
15.42479000000267,13.131808823518043
15.42646000000267,13.124441176459214
15.428130000002671,13.117073529400386
15.429800000002672,13.109705882341558
15.431470000002673,13.10233823528273
15.433140000002673,13.094970588223902
15.434810000002674,13.087602941165073
15.436480000002675,13.080235294106274
15.438150000002675,13.072867647047417
15.439820000002676,13.065499999988589
15.441490000002677,13.05813235292976
15.443160000002678,13.050764705870932
15.444830000002678,13.043397058812133
15.446500000002679,13.036029411753276
15.44817000000268,13.028661764694448
15.44984000000268,13.02129411763562
15.451510000002681,13.013926470576791
15.453180000002682,13.006558823517963
15.454850000002683,12.999191176459135
15.456520000002683,12.991823529400307
15.458190000002684,12.984455882341479
15.459860000002685,12.97708823528265
15.461530000002686,12.969720588223822
15.463200000002686,12.962352941164994
15.464870000002687,12.954985294106166
15.466540000002688,12.947617647047338
15.468210000002689,12.94024999998851
15.46988000000269,12.932882352929681
15.47155000000269,12.925514705870825
15.47322000000269,12.918147058812025
15.474890000002691,12.910779411753197
15.476560000002692,12.90341176469434
15.478230000002693,12.896044117635512
15.479900000002694,12.888676470576684
15.481570000002694,12.881308823517827
15.483240000002695,12.873941176459027
15.484910000002696,12.866573529400199
15.486580000002697,12.85920588234137
15.488250000002697,12.851838235282571
15.489920000002698,12.844470588223714
15.491590000002699,12.837102941164886
15.4932600000027,12.829735294106086
15.4949300000027,12.82236764704723
15.4966000000027,12.814999999988402
15.498270000002702,12.807632352929602
15.499940000002702,12.800264705870745
15.501610000002703,12.793413636352938
15.503280000002704,12.786581818171157
15.504950000002705,12.77974999998932
15.506620000002705,12.772918181807484
15.508290000002706,12.766086363625647
15.509960000002707,12.75899999998839
15.511630000002707,12.751632352929562
15.513300000002708,12.744264705870705
15.514970000002709,12.736897058811877
15.51664000000271,12.729529411753049
15.51831000000271,12.72216176469422
15.519980000002711,12.714794117635392
15.521650000002712,12.707426470576564
15.523320000002713,12.700058823517736
15.524990000002713,12.692691176458908
15.526660000002714,12.685323529400051
15.528330000002715,12.677955882341251
15.530000000002715,12.670588235282423
15.531670000002716,12.663220588223595
15.533340000002717,12.655852941164795
15.535010000002718,12.648485294105967
15.536680000002718,12.64111764704711
15.538350000002719,12.63374999998831
15.54002000000272,12.626382352929483
15.54169000000272,12.619014705870626
15.543360000002721,12.611647058811798
15.545030000002722,12.60427941175297
15.546700000002723,12.596911764694113
15.548370000002723,12.589544117635313
15.550040000002724,12.582176470576485
15.551710000002725,12.574808823517628
15.553380000002726,12.567441176458829
15.555050000002726,12.5600735294
15.556720000002727,12.552705882341144
15.558390000002728,12.545338235282344
15.560060000002728,12.537970588223516
15.56173000000273,12.53060294116466
15.56340000000273,12.52323529410586
15.56507000000273,12.515867647047031
15.566740000002731,12.508499999988175
15.568410000002732,12.501132352929375
15.570080000002733,12.493764705870547
15.571750000002734,12.48639705881169
15.573420000002734,12.479029411752862
15.575090000002735,12.471661764694062
15.576760000002736,12.464294117635205
15.578430000002736,12.456926470576377
15.580100000002737,12.449558823517549
15.581770000002738,12.44219117645872
15.583440000002739,12.434823529399893
15.58511000000274,12.427455882341093
15.58678000000274,12.420088235282236
15.58845000000274,12.412720588223408
15.590120000002742,12.405352941164608
15.591790000002742,12.397985294105752
15.593460000002743,12.390617647046923
15.595130000002744,12.383249999988124
15.596800000002744,12.375882352929267
15.598470000002745,12.368514705870439
15.600140000002746,12.361147058811639
15.601810000002747,12.353779411752782
15.603480000002747,12.346411764693954
15.605150000002748,12.339044117635154
15.606820000002749,12.331676470576298
15.60849000000275,12.32430882351747
15.61016000000275,12.316941176458641
15.611830000002751,12.309573529399785
15.613500000002752,12.302205882340957
15.615170000002752,12.294838235282157
15.616840000002753,12.2874705882233
15.618510000002754,12.280102941164472
15.620180000002755,12.272735294105644
15.621850000002755,12.265367647046816
15.623520000002756,12.257999999987987
15.625190000002757,12.250632352929188
15.626860000002758,12.24326470587036
15.628530000002758,12.235897058811503
15.630200000002759,12.228529411752703
15.63187000000276,12.221161764693875
15.63354000000276,12.213794117635047
15.635210000002761,12.206426470576218
15.636880000002762,12.19905882351739
15.638550000002763,12.191691176458562
15.640220000002763,12.184323529399734
15.641890000002764,12.176955882340906
15.643560000002765,12.169588235282077
15.645230000002766,12.16222058822322
15.646900000002766,12.154852941164393
15.648570000002767,12.147485294105564
15.650240000002768,12.140117647046736
15.651910000002768,12.132749999987908
15.65358000000277,12.12538235292908
15.65525000000277,12.118014705870252
15.65692000000277,12.110647058811423
15.658590000002771,12.103279411752595
15.660260000002772,12.095911764693767
15.661930000002773,12.088544117634939
15.663600000002774,12.08117647057611
15.665270000002774,12.073808823517282
15.666940000002775,12.066441176458454
15.668610000002776,12.059073529399626
15.670280000002776,12.051705882340798
15.671950000002777,12.04433823528197
15.673620000002778,12.036970588223141
15.675290000002779,12.029602941164313
15.67696000000278,12.022235294105485
15.67863000000278,12.014867647046657
15.68030000000278,12.0074999999878
15.681970000002782,12.000132352929
15.683640000002782,11.992764705870172
15.685310000002783,11.985397058811316
15.686980000002784,11.978029411752516
15.688650000002784,11.970661764693688
15.690320000002785,11.963294117634831
15.691990000002786,11.955926470576031
15.693660000002787,11.948558823517203
15.695330000002787,11.941191176458346
15.697000000002788,11.933823529399547
15.698670000002789,11.926455882340719
15.70034000000279,11.919088235281862
15.70201000000279,11.911720588223062
15.703680000002791,11.904352941164234
15.705350000002792,11.896985294105377
15.707020000002792,11.889617647046578
15.708690000002793,11.88224999998775
15.710360000002794,11.874882352928893
15.712030000002795,11.867514705870065
15.713700000002795,11.860147058811236
15.715370000002796,11.85277941175238
15.717040000002797,11.84541176469358
15.718710000002797,11.838044117634752
15.720380000002798,11.830676470575924
15.722050000002799,11.823308823517095
15.7237200000028,11.815941176458267
15.7253900000028,11.808573529399439
15.727060000002801,11.80120588234064
15.728730000002802,11.793838235281783
15.730400000002803,11.786470588222954
15.732070000002803,11.779102941164155
15.733740000002804,11.771735294105298
15.735410000002805,11.76436764704647
15.737080000002805,11.75699999998767
15.738750000002806,11.749632352928813
15.740420000002807,11.742264705869985
15.742090000002808,11.734897058811157
15.743760000002808,11.7275294117523
15.74543000000281,11.720210606049164
15.74710000000281,11.713378787867356
15.74877000000281,11.706546969685519
15.750440000002811,11.699715151503682
15.752110000002812,11.692883333321902
15.753780000002813,11.686051515140065
15.755450000002813,11.678897058811089
15.757120000002814,11.671529411752289
15.758790000002815,11.66416176469346
15.760460000002816,11.656794117634604
15.762130000002816,11.649426470575804
15.763800000002817,11.642058823516976
15.765470000002818,11.634691176458148
15.767140000002819,11.62732352939932
15.76881000000282,11.619955882340491
15.77048000000282,11.612588235281663
15.77215000000282,11.605220588222863
15.773820000002821,11.597852941164035
15.775490000002822,11.590485294105179
15.777160000002823,11.58311764704635
15.778830000002824,11.575749999987522
15.780500000002824,11.568382352928666
15.782170000002825,11.561014705869866
15.783840000002826,11.553647058811038
15.785510000002827,11.546279411752181
15.787180000002827,11.538911764693353
15.788850000002828,11.531544117634553
15.790520000002829,11.524176470575696
15.79219000000283,11.516808823516868
15.79386000000283,11.509441176458068
15.795530000002831,11.502073529399212
15.797200000002832,11.494705882340384
15.798870000002832,11.487338235281584
15.800540000002833,11.479970588222727
15.802210000002834,11.472602941163899
15.803880000002835,11.4652352941051
15.805550000002835,11.457867647046243
15.807220000002836,11.450499999987414
15.808890000002837,11.443132352928586
15.810560000002837,11.43576470586973
15.812230000002838,11.42839705881093
15.813900000002839,11.421029411752102
15.81557000000284,11.413661764693273
15.81724000000284,11.406294117634445
15.818910000002841,11.398926470575617
15.820580000002842,11.391558823516789
15.822250000002843,11.38419117645796
15.823920000002843,11.37682352939916
15.825590000002844,11.369455882340304
15.827260000002845,11.362088235281476
15.828930000002845,11.354720588222676
15.830600000002846,11.34735294116382
15.832270000002847,11.339985294104991
15.833940000002848,11.332617647046192
15.835610000002848,11.325249999987335
15.837280000002849,11.317882352928507
15.83895000000285,11.310514705869707
15.84062000000285,11.30314705881085
15.842290000002851,11.295779411752022
15.843960000002852,11.288411764693166
15.845630000002853,11.281044117634337
15.847300000002853,11.27367647057551
15.848970000002854,11.266308823516681
15.850640000002855,11.258941176457853
15.852310000002856,11.251573529399025
15.853980000002856,11.244205882340196
15.855650000002857,11.236838235281368
15.857320000002858,11.22947058822254
15.858990000002859,11.22210294116374
15.86066000000286,11.214735294104884
15.86233000000286,11.207367647046055
15.86400000000286,11.199999999987256
15.865670000002861,11.192632352928428
15.867340000002862,11.1852647058696
15.869010000002863,11.177897058810771
15.870680000002864,11.170529411751943
15.872350000002864,11.163161764693115
15.874020000002865,11.155794117634258
15.875690000002866,11.148426470575458
15.877360000002867,11.14105882351663
15.879030000002867,11.133691176457774
15.880700000002868,11.126323529398945
15.882370000002869,11.118955882340117
15.88404000000287,11.111588235281289
15.88571000000287,11.10422058822246
15.88738000000287,11.096852941163633
15.889050000002872,11.089485294104776
15.890720000002872,11.082117647045976
15.892390000002873,11.074749999987148
15.894060000002874,11.067382352928291
15.895730000002875,11.060014705869492
15.897400000002875,11.052647058810663
15.899070000002876,11.045279411751807
15.900740000002877,11.037911764693007
15.902410000002877,11.030544117634179
15.904080000002878,11.023176470575322
15.905750000002879,11.015808823516522
15.90742000000288,11.008441176457694
15.90909000000288,11.001073529398866
15.910760000002881,10.99370588234001
15.912430000002882,10.986338235281181
15.914100000002882,10.978970588222353
15.915770000002883,10.971602941163553
15.917440000002884,10.964235294104725
15.919110000002885,10.956867647045868
15.920780000002885,10.949499999987069
15.922450000002886,10.94213235292824
15.924120000002887,10.934764705869384
15.925790000002888,10.927397058810584
15.927460000002888,10.920029411751756
15.929130000002889,10.9126617646929
15.93080000000289,10.9052941176341
15.93247000000289,10.897926470575271
15.934140000002891,10.890558823516415
15.935810000002892,10.883191176457615
15.937480000002893,10.875823529398758
15.939150000002893,10.86845588233993
15.940820000002894,10.86108823528113
15.942490000002895,10.853720588222274
15.944160000002896,10.846352941163445
15.945830000002896,10.838985294104617
15.947500000002897,10.83161764704576
15.949170000002898,10.824249999986932
15.950840000002898,10.816882352928133
15.9525100000029,10.809514705869276
15.9541800000029,10.802147058810448
15.9558500000029,10.794779411751648
15.957520000002901,10.78741176469282
15.959190000002902,10.780044117633992
15.960860000002903,10.772676470575192
15.962530000002904,10.765308823516335
15.964200000002904,10.757941176457507
15.965870000002905,10.750573529398707
15.967540000002906,10.74320588233985
15.969210000002906,10.735838235281022
15.970880000002907,10.728470588222223
15.972550000002908,10.721102941163366
15.974220000002909,10.713735294104538
15.97589000000291,10.70636764704571
15.97756000000291,10.698999999986853
15.97923000000291,10.691632352928025
15.980900000002912,10.684264705869225
15.982570000002912,10.676897058810368
15.984240000002913,10.66952941175154
15.985910000002914,10.66216176469274
15.987580000002914,10.654794117633884
15.989250000002915,10.647426470575056
15.990920000002916,10.640058823516256
15.992590000002917,10.6326911764574
15.994260000002917,10.625323529398571
15.995930000002918,10.617955882339743
15.997600000002919,10.610588235280915
15.99927000000292,10.603220588222086
16.00094000000292,10.595682296636795
16.00261000000292,10.588011483239683
16.00428000000292,10.58034066984257
16.005950000002922,10.57266985644543
16.007620000002923,10.564999043048317
16.009290000002924,10.557367801844663
16.010960000002925,10.550232817324542
16.012630000002925,10.54309783280442
16.014300000002926,10.5359628482843
16.015970000002927,10.528827863764178
16.017640000002928,10.521692879244029
16.01931000000293,10.514557894723879
16.02098000000293,10.507422910203786
16.02265000000293,10.500287925683637
16.02432000000293,10.493152941163515
16.02599000000293,10.486017956643394
16.027660000002932,10.478882972123273
16.029330000002933,10.471747987603123
16.031000000002933,10.46461300308303
16.032670000002934,10.457478018562881
16.034340000002935,10.45034303404276
16.036010000002936,10.443208049522639
16.037680000002936,10.436073065002489
16.039350000002937,10.428938080482368
16.041020000002938,10.421803095962247
16.04269000000294,10.414668111442126
16.04436000000294,10.407533126921976
16.04603000000294,10.400398142401883
16.04770000000294,10.393263157881734
16.04937000000294,10.386128173361612
16.051040000002942,10.378993188841491
16.052710000002943,10.37185820432137
16.054380000002944,10.36472321980122
16.056050000002944,10.3575882352811
16.057720000002945,10.350453250760978
16.059390000002946,10.343318266240829
16.061060000002946,10.336183281720707
16.062730000002947,10.329048297200558
16.064400000002948,10.321913312680465
16.06607000000295,10.314778328160315
16.06774000000295,10.307643343640194
16.06941000000295,10.300508359120045
16.07108000000295,10.293373374599952
16.07275000000295,10.286238390079802
16.074420000002952,10.279103405559681
16.076090000002953,10.27196842103956
16.077760000002954,10.26483343651941
16.079430000002954,10.257698451999289
16.081100000002955,10.250563467479168
16.082770000002956,10.243428482959047
16.084440000002957,10.236293498438926
16.086110000002957,10.229158513918804
16.087780000002958,10.222023529398683
16.08945000000296,10.214888544878534
16.09112000000296,10.20775356035844
16.09279000000296,10.200618575838291
16.09446000000296,10.193483591318198
16.09613000000296,10.186225557795893
16.097800000002962,10.178908722096082
16.099470000002963,10.1715918863963
16.101140000002964,10.164275050696489
16.102810000002965,10.156958214996678
16.104480000002965,10.149641379296867
16.106150000002966,10.142324543597084
16.107820000002967,10.135007707897273
16.109490000002967,10.12769087219749
16.111160000002968,10.120379360151958
16.11283000000297,10.113244375631837
16.11450000000297,10.106109391111715
16.11617000000297,10.098974406591594
16.11784000000297,10.091839422071445
16.119510000002972,10.084704437551352
16.121180000002973,10.077569453031202
16.122850000002973,10.070434468511081
16.124520000002974,10.06329948399096
16.126190000002975,10.056164499470839
16.127860000002975,10.04902951495069
16.129530000002976,10.041894530430596
16.131200000002977,10.034759545910447
16.132870000002978,10.027624561390297
16.13454000000298,10.020489576870204
16.13621000000298,10.013354592350055
16.13788000000298,10.006219607829934
16.13955000000298,9.999084623309813
16.14122000000298,9.991949638789691
16.142890000002982,9.984814654269542
16.144560000002983,9.977679669749449
16.146230000002983,9.9705446852293
16.147900000002984,9.963409700709178
16.149570000002985,9.956274716189057
16.151240000002986,9.949139731668907
16.152910000002986,9.942004747148786
16.154580000002987,9.934869762628637
16.156250000002988,9.927734778108515
16.15792000000299,9.920599793588394
16.15959000000299,9.913464809068273
16.16126000000299,9.906329824548123
16.16293000000299,9.899194840028002
16.16460000000299,9.892059855507881
16.166270000002992,9.88492487098776
16.167940000002993,9.877789886467639
16.169610000002994,9.870654901947518
16.171280000002994,9.863519917427396
16.172950000002995,9.856384932907247
16.174620000002996,9.849249948387154
16.176290000002997,9.842114963867004
16.177960000002997,9.834979979346883
16.179630000002998,9.827844994826762
16.181300000003,9.820710010306641
16.182970000003,9.813575025786491
16.184640000003,9.806440041266399
16.186310000003,9.799305056746249
16.187980000003,9.792170072226128
16.189650000003002,9.785035087706007
16.191320000003003,9.777900103185857
16.192990000003004,9.770765118665764
16.194660000003005,9.763630134145615
16.196330000003005,9.756495149625493
16.198000000003006,9.749360165105372
16.199670000003007,9.742225180585251
16.201340000003007,9.735090196065102
16.203010000003008,9.72795521154498
16.20468000000301,9.72082022702483
16.20635000000301,9.713659229195201
16.20802000000301,9.706342393495419
16.20969000000301,9.699025557795608
16.211360000003012,9.691708722095797
16.213030000003013,9.684391886396014
16.214700000003013,9.677075050696203
16.216370000003014,9.66975821499642
16.218040000003015,9.662441379296638
16.219710000003015,9.655124543596827
16.221380000003016,9.647807707897016
16.223050000003017,9.640581011338526
16.224720000003018,9.633446026818376
16.22639000000302,9.626311042298255
16.22806000000302,9.619176057778134
16.22973000000302,9.612041073258013
16.23140000000302,9.604906088737863
16.23307000000302,9.59777110421777
16.234740000003022,9.59063611969762
16.236410000003023,9.5835011351775
16.238080000003023,9.576366150657378
16.239750000003024,9.569231166137257
16.241420000003025,9.562096181617108
16.243090000003026,9.554961197097015
16.244760000003026,9.547826212576865
16.246430000003027,9.540321531086022
16.248100000003028,9.532650717688881
16.24977000000303,9.524979904291769
16.25144000000303,9.517309090894656
16.25311000000303,9.509638277497487
16.25478000000303,9.502075128985524
16.25645000000303,9.494940144465403
16.258120000003032,9.487805159945282
16.259790000003033,9.480670175425132
16.261460000003034,9.47353519090504
16.263130000003034,9.46640020638489
16.264800000003035,9.45926522186474
16.266470000003036,9.452130237344647
16.268140000003037,9.444995252824498
16.269810000003037,9.437860268304377
16.271480000003038,9.430725283784255
16.27315000000304,9.423590299264134
16.27482000000304,9.416455314743985
16.27649000000304,9.409320330223892
16.27816000000304,9.402185345703742
16.27983000000304,9.395050361183621
16.281500000003042,9.3879153766635
16.283170000003043,9.38078039214335
16.284840000003044,9.37364540762323
16.286510000003044,9.366510423103108
16.288180000003045,9.359375438582987
16.289850000003046,9.352240454062837
16.291520000003047,9.345105469542744
16.293190000003047,9.337970485022595
16.294860000003048,9.330835500502474
16.29653000000305,9.323700515982324
16.29820000000305,9.316565531462203
16.29987000000305,9.309430546942082
16.30154000000305,9.302295562421932
16.30321000000305,9.295160577901811
16.304880000003052,9.288025593381661
16.306550000003053,9.280890608861569
16.308220000003054,9.273755624341419
16.309890000003055,9.266620639821298
16.311560000003055,9.259485655301177
16.313230000003056,9.252350670781055
16.314900000003057,9.245215686260934
16.316570000003058,9.238080701740813
16.31824000000306,9.230834888424198
16.31991000000306,9.223518052724415
16.32158000000306,9.216201217024604
16.32325000000306,9.208884381324793
16.32492000000306,9.20156754562501
16.326590000003062,9.1942507099252
16.328260000003063,9.186933874225389
16.329930000003063,9.179617038525606
16.331600000003064,9.172300202825795
16.333270000003065,9.164983367126013
16.334940000003066,9.157841486054537
16.336610000003066,9.150706501534387
16.338280000003067,9.143571517014237
16.339950000003068,9.136436532494145
16.34162000000307,9.129301547973995
16.34329000000307,9.122166563453874
16.34496000000307,9.115031578933724
16.34663000000307,9.107896594413603
16.34830000000307,9.100761609893453
16.349970000003072,9.09362662537336
16.351640000003073,9.086491640853211
16.353310000003074,9.07935665633309
16.354980000003074,9.072221671812969
16.356650000003075,9.065086687292819
16.358320000003076,9.057951702772698
16.359990000003076,9.050816718252577
16.361660000003077,9.043681733732456
16.363330000003078,9.036546749212306
16.36500000000308,9.029411764692213
16.36667000000308,9.022276780172064
16.36834000000308,9.015141795651942
16.37001000000308,9.008006811131821
16.37168000000308,9.0008718266117
16.373350000003082,8.99373684209155
16.375020000003083,8.98660185757143
16.376690000003084,8.979466873051308
16.378360000003084,8.972331888531158
16.380030000003085,8.965196904011066
16.381700000003086,8.958061919490916
16.383370000003087,8.950926934970795
16.385040000003087,8.943791950450674
16.386710000003088,8.936656965930553
16.38838000000309,8.929521981410403
16.39005000000309,8.922386996890282
16.39172000000309,8.91525201237016
16.39339000000309,8.90811702785004
16.39506000000309,8.90098204332989
16.396730000003092,8.89384705880974
16.398400000003093,8.886712074289619
16.400070000003094,8.879577089769526
16.401740000003095,8.872442105249377
16.403410000003095,8.865307120729256
16.405080000003096,8.858172136209134
16.406750000003097,8.851037151689013
16.408420000003098,8.843902167168864
16.4100900000031,8.83676718264877
16.4117600000031,8.829632198128621
16.4134300000031,8.822497213608528
16.4151000000031,8.815362229088379
16.4167700000031,8.808227244568258
16.418440000003102,8.801092260048136
16.420110000003103,8.793957275528015
16.421780000003103,8.786822291007866
16.423450000003104,8.779687306487773
16.425120000003105,8.772552321967623
16.426790000003106,8.765417337447502
16.428460000003106,8.758268559823591
16.430130000003107,8.75095172412378
16.431800000003108,8.74363488842397
16.43347000000311,8.736318052724187
16.43514000000311,8.729001217024376
16.43681000000311,8.721684381324565
16.43848000000311,8.714367545624754
16.44015000000311,8.707050709924943
16.441820000003112,8.699733874225132
16.443490000003113,8.692417038525349
16.445160000003114,8.685178121761169
16.446830000003114,8.67804313724102
16.448500000003115,8.670908152720898
16.450170000003116,8.663773168200777
16.451840000003116,8.656638183680627
16.453510000003117,8.649503199160534
16.455180000003118,8.642368214640385
16.45685000000312,8.635233230120264
16.45852000000312,8.628098245600142
16.46019000000312,8.620963261080021
16.46186000000312,8.613828276559872
16.46353000000312,8.606693292039779
16.465200000003122,8.59955830751963
16.466870000003123,8.592423322999508
16.468540000003124,8.585288338479387
16.470210000003124,8.578153353959237
16.471880000003125,8.571018369439116
16.473550000003126,8.563883384918995
16.475220000003127,8.556748400398874
16.476890000003127,8.549613415878724
16.478560000003128,8.542478431358631
16.48023000000313,8.535343446838482
16.48190000000313,8.52820846231836
16.48357000000313,8.52107347779824
16.48524000000313,8.513938493278118
16.48691000000313,8.506803508757997
16.488580000003132,8.499668524237848
16.490250000003133,8.492533539717726
16.491920000003134,8.485398555197577
16.493590000003135,8.478263570677484
16.495260000003135,8.471128586157334
16.496930000003136,8.463993601637213
16.498600000003137,8.456858617117092
16.500270000003137,8.449637001579873
16.501940000003138,8.441966188182732
16.50361000000314,8.43429537478562
16.50528000000314,8.42662456138845
16.50695000000314,8.41895374799131
16.50862000000314,8.411282934594198
16.510290000003142,8.403972549005601
16.511960000003143,8.39683756448548
16.513630000003143,8.38970257996533
16.515300000003144,8.382567595445238
16.516970000003145,8.375432610925088
16.518640000003145,8.368297626404967
16.520310000003146,8.361162641884846
16.521980000003147,8.354027657364725
16.523650000003148,8.346892672844575
16.52532000000315,8.339757688324482
16.52699000000315,8.332622703804333
16.52866000000315,8.325487719284183
16.53033000000315,8.31835273476409
16.53200000000315,8.31121775024394
16.533670000003152,8.30408276572382
16.535340000003153,8.29694778120367
16.537010000003153,8.289812796683549
16.538680000003154,8.282677812163428
16.540350000003155,8.275444219052503
16.542020000003156,8.268127383352692
16.543690000003156,8.260810547652909
16.545360000003157,8.253493711953098
16.547030000003158,8.246176876253287
16.54870000000316,8.238860040553504
16.55037000000316,8.231543204853693
16.55204000000316,8.224226369153882
16.55371000000316,8.2169095334541
16.55538000000316,8.209592697754289
16.557050000003162,8.202438596477094
16.558720000003163,8.195303611957002
16.560390000003164,8.188168627436852
16.562060000003164,8.18103364291673
16.563730000003165,8.17389865839661
16.565400000003166,8.166763673876488
16.567070000003167,8.159628689356367
16.568740000003167,8.152493704836246
16.570410000003168,8.145358720316125
16.57208000000317,8.138223735795975
16.57375000000317,8.131088751275882
16.57542000000317,8.123953766755733
16.57709000000317,8.116818782235612
16.57876000000317,8.109683797715462
16.580430000003172,8.102548813195313
16.582100000003173,8.09541382867522
16.583770000003174,8.08827884415507
16.585440000003175,8.081143859634949
16.587110000003175,8.0740088751148
16.588780000003176,8.066873890594707
16.590450000003177,8.059738906074557
16.592120000003177,8.052603921554436
16.593790000003178,8.045468937034315
16.59546000000318,8.038333952514193
16.59713000000318,8.031198967994044
16.59880000000318,8.024063983473951
16.60047000000318,8.016928998953802
16.602140000003182,8.009794014433652
16.603810000003183,8.00265902991356
16.605480000003183,7.9955240453934096
16.607150000003184,7.988389060873288
16.608820000003185,7.981254076353167
16.610490000003185,7.974119091833046
16.612160000003186,7.966984107312896
16.613830000003187,7.959849122792804
16.615500000003188,7.952714138272654
16.61717000000319,7.945579153752533
16.61884000000319,7.938444169232412
16.62051000000319,7.931309184712262
16.62218000000319,7.924174200192141
16.62385000000319,7.91703921567202
16.625520000003192,7.909904231151899
16.627190000003193,7.902769246631749
16.628860000003193,7.895634262111628
16.630530000003194,7.888499277591478
16.632200000003195,7.881364293071385
16.633870000003196,7.874229308551236
16.635540000003196,7.867094324031115
16.637210000003197,7.8599593395109935
16.638880000003198,7.852824354990872
16.6405500000032,7.845689370470723
16.6422200000032,7.83855438595063
16.6438900000032,7.83141940143048
16.6455600000032,7.824284416910359
16.6472300000032,7.817149432390266
16.648900000003202,7.810014447870117
16.650570000003203,7.802877890451867
16.652240000003204,7.795561054752085
16.653910000003204,7.788244219052274
16.655580000003205,7.780927383352463
16.657250000003206,7.77361054765268
16.658920000003206,7.766293711952869
16.660590000003207,7.758976876253058
16.662260000003208,7.751660040553276
16.66393000000321,7.744343204853465
16.66560000000321,7.737026369153654
16.66727000000321,7.729775232183812
16.66894000000321,7.722640247663691
16.67061000000321,7.715505263143541
16.672280000003212,7.70837027862342
16.673950000003213,7.701235294103299
16.675620000003214,7.694100309583149
16.677290000003214,7.686965325063028
16.678960000003215,7.679830340542878
16.680630000003216,7.672695356022757
16.682300000003217,7.665560371502636
16.683970000003217,7.658425386982515
16.685640000003218,7.651290402462365
16.68731000000322,7.644155417942272
16.68898000000322,7.637020433422123
16.69065000000322,7.629885448902002
16.69232000000322,7.62275046438188
16.69399000000322,7.615615479861731
16.695660000003222,7.60848049534161
16.697330000003223,7.6013455108214885
16.699000000003224,7.594210526301367
16.700670000003225,7.587075541781218
16.702340000003225,7.579940557261125
16.704010000003226,7.572805572740975
16.705680000003227,7.565670588220854
16.707350000003228,7.558535603700733
16.70902000000323,7.551400619180612
16.71069000000323,7.544265634660462
16.71236000000323,7.537130650140341
16.71403000000323,7.52999566562022
16.71570000000323,7.522860681100099
16.717370000003232,7.5157256965799775
16.719040000003233,7.508590712059856
16.720710000003233,7.501455727539707
16.722380000003234,7.4943207430195855
16.724050000003235,7.487185758499436
16.725720000003236,7.480050773979343
16.727390000003236,7.4729157894591935
16.729060000003237,7.465780804939072
16.730730000003238,7.45864582041898
16.73240000000324,7.45151083589883
16.73407000000324,7.44437585137868
16.73574000000324,7.437240866858588
16.73741000000324,7.430105882338438
16.73908000000324,7.422970897818317
16.740750000003242,7.415835913298196
16.742420000003243,7.4087009287780745
16.744090000003244,7.401565944257925
16.745760000003244,7.3942762360290715
16.747430000003245,7.386605422631902
16.749100000003246,7.37893460923479
16.750770000003246,7.371263795837649
16.752440000003247,7.363592982440508
16.754110000003248,7.355922169043367
16.75578000000325,7.348679876146434
16.75745000000325,7.341544891626313
16.75912000000325,7.334409907106192
16.76079000000325,7.327274922586071
16.76246000000325,7.320053549680836
16.764130000003252,7.312736713981025
16.765800000003253,7.305419878281214
16.767470000003254,7.298103042581403
16.769140000003254,7.290786206881592
16.770810000003255,7.283469371181781
16.772480000003256,7.276152535481998
16.774150000003257,7.268835699782187
16.775820000003257,7.261518864082376
16.777490000003258,7.254202028382593
16.77916000000326,7.247035706899737
16.78083000000326,7.239900722379588
16.78250000000326,7.232765737859495
16.78417000000326,7.225630753339345
16.78584000000326,7.218495768819196
16.787510000003262,7.211360784299103
16.789180000003263,7.204225799778953
16.790850000003264,7.197090815258832
16.792520000003265,7.189955830738711
16.794190000003265,7.18282084621859
16.795860000003266,7.17568586169844
16.797530000003267,7.1685508771783475
16.799200000003268,7.161415892658226
16.80087000000327,7.154280908138077
16.80254000000327,7.147145923617984
16.80421000000327,7.140010939097834
16.80588000000327,7.132875954577713
16.80755000000327,7.125740970057592
16.809220000003272,7.118605985537471
16.810890000003273,7.111471001017321
16.812560000003273,7.1043360164972285
16.814230000003274,7.097201031977079
16.815900000003275,7.090066047456958
16.817570000003276,7.082931062936808
16.819240000003276,7.075796078416687
16.820910000003277,7.068661093896537
16.822580000003278,7.0615261093764445
16.82425000000328,7.054391124856295
16.82592000000328,7.047256140336145
16.82759000000328,7.040121155816053
16.82926000000328,7.032986171295903
16.83093000000328,7.025851186775782
16.832600000003282,7.018716202255661
16.834270000003283,7.011581217735539
16.835940000003284,7.00444623321539
16.837610000003284,6.997311248695297
16.839280000003285,6.9901762641751475
16.840950000003286,6.983041279655026
16.842620000003286,6.975906295134905
16.844290000003287,6.9687713106147555
16.845960000003288,6.961636326094634
16.84763000000329,6.954501341574513
16.84930000000329,6.947366357054392
16.85097000000329,6.940231372534242
16.85264000000329,6.93309638801415
16.85431000000329,6.925961403494
16.855980000003292,6.918826418973907
16.857650000003293,6.911691434453758
16.859320000003294,6.9045564499336365
16.860990000003294,6.897421465413487
16.862660000003295,6.890286480893366
16.864330000003296,6.8831514963732445
16.866000000003297,6.876016511853095
16.867670000003297,6.868881527332974
16.869340000003298,6.861746542812824
16.8710100000033,6.854611558292731
16.8726800000033,6.847476573772582
16.8743500000033,6.840170385380333
16.8760200000033,6.83285354968055
16.8776900000033,6.825536713980739
16.879360000003302,6.818219878280928
16.881030000003303,6.810903042581145
16.882700000003304,6.803586206881334
16.884370000003305,6.796269371181552
16.886040000003305,6.788952535481769
16.887710000003306,6.781635699781958
16.889380000003307,6.774372342606426
16.891050000003307,6.767237358086305
16.892720000003308,6.760102373566184
16.89439000000331,6.752967389046034
16.89606000000331,6.745832404525942
16.89773000000331,6.738697420005792
16.89940000000331,6.7315624354856425
16.901070000003312,6.72442745096555
16.902740000003313,6.7172924664454
16.904410000003313,6.710157481925279
16.906080000003314,6.703022497405158
16.907750000003315,6.695887512885037
16.909420000003315,6.688752528364887
16.911090000003316,6.681617543844766
16.912760000003317,6.674482559324616
16.914430000003318,6.667347574804495
16.91610000000332,6.660212590284374
16.91777000000332,6.653077605764253
16.91944000000332,6.645942621244103
16.92111000000332,6.638807636723982
16.92278000000332,6.631672652203861
16.924450000003322,6.624537667683711
16.926120000003323,6.617402683163618
16.927790000003323,6.610267698643469
16.929460000003324,6.603132714123348
16.931130000003325,6.595997729603226
16.932800000003326,6.588862745083105
16.934470000003326,6.581727760562956
16.936140000003327,6.574592776042863
16.937810000003328,6.567457791522713
16.93948000000333,6.560322807002564
16.94115000000333,6.553187822482471
16.94282000000333,6.546052837962321
16.94449000000333,6.5389178534422
16.94616000000333,6.531782868922079
16.947830000003332,6.524647884401958
16.949500000003333,6.517512899881808
16.951170000003334,6.510377915361715
16.952840000003334,6.503242930841566
16.954510000003335,6.496107946321445
16.956180000003336,6.488972961801295
16.957850000003337,6.481837977281202
16.959520000003337,6.474702992761053
16.961190000003338,6.4675680082409315
16.96286000000334,6.46043302372081
16.96453000000334,6.453298039200689
16.96620000000334,6.446163054680568
16.96787000000334,6.439028070160418
16.96954000000334,6.431893085640326
16.971210000003342,6.424758101120176
16.972880000003343,6.417623116600055
16.974550000003344,6.410488132079934
16.976220000003345,6.403353147559784
16.977890000003345,6.396218163039663
16.979560000003346,6.389083178519542
16.981230000003347,6.3819481939994205
16.982900000003347,6.374813209479271
16.984570000003348,6.367604056779726
16.98624000000335,6.360287221079915
16.98791000000335,6.352970385380104
16.98958000000335,6.345653549680321
16.99125000000335,6.33833671398051
16.992920000003352,6.331019878280699
16.994590000003353,6.323703042580917
16.996260000003353,6.316386206881106
16.997930000003354,6.309069371181295
16.999600000003355,6.301752535481512
17.001270000003355,6.298074947363062
17.002940000003356,6.295543578942045
17.004610000003357,6.2930122105209705
17.006280000003358,6.2904808420999245
17.00795000000336,6.28794947367885
17.00962000000336,6.285418105257804
17.01129000000336,6.282886736836758
17.01296000000336,6.280355368415712
17.01463000000336,6.277823999994638
17.016300000003362,6.2752926315735635
17.017970000003363,6.272761263152518
17.019640000003363,6.2702298947315
17.021310000003364,6.267698526310426
17.022980000003365,6.26516715788938
17.024650000003366,6.262635789468305
17.026320000003366,6.260104421047259
17.027990000003367,6.257573052626213
17.029660000003368,6.2550416842051675
17.03133000000337,6.252510315784093
17.03300000000337,6.249978947363047
17.03467000000337,6.247447578941973
17.03634000000337,6.244916210520955
17.03801000000337,6.242384842099881
17.039680000003372,6.239853473678835
17.041350000003373,6.237322105257789
17.043020000003374,6.234790736836715
17.044690000003374,6.232259368415697
17.046360000003375,6.229727999994623
17.048030000003376,6.227196631573577
17.049700000003376,6.224665263152531
17.051370000003377,6.222133894731485
17.053040000003378,6.21960252631041
17.05471000000338,6.2170711578893645
17.05638000000338,6.2145397894683185
17.05805000000338,6.212008421047273
17.05972000000338,6.209477052626227
17.06139000000338,6.206945684205181
17.063060000003382,6.204414315784135
17.064730000003383,6.20188294736306
17.066400000003384,6.199351578942014
17.068070000003384,6.19682021052094
17.069740000003385,6.1942888420999225
17.071410000003386,6.191757473678848
17.073080000003387,6.189226105257802
17.074750000003387,6.186694736836728
17.076420000003388,6.184163368415682
17.07809000000339,6.181631999994664
17.07976000000339,6.17910063157359
17.08143000000339,6.1765692631525155
17.08310000000339,6.17403789473147
17.08477000000339,6.171506526310395
17.086440000003392,6.168975157889378
17.088110000003393,6.166443789468303
17.089780000003394,6.163912421047257
17.091450000003395,6.161381052626183
17.093120000003395,6.158849684205137
17.094790000003396,6.156318315784091
17.096460000003397,6.153945931029483
17.098130000003398,6.1515964137880985
17.0998000000034,6.149246896546714
17.1014700000034,6.146897379305329
17.1031400000034,6.144547862063973
17.1048100000034,6.142198344822589
17.1064800000034,6.139848827581204
17.108150000003402,6.13749931033982
17.109820000003403,6.135149793098435
17.111490000003403,6.132759017538461
17.113160000003404,6.1302276491174155
17.114830000003405,6.1276962806963695
17.116500000003406,6.125164912275295
17.118170000003406,6.122633543854249
17.119840000003407,6.120102175433203
17.121510000003408,6.117570807012157
17.12318000000341,6.115039438591083
17.12485000000341,6.112508070170037
17.12652000000341,6.109976701748963
17.12819000000341,6.107445333327945
17.12986000000341,6.104913964906871
17.131530000003412,6.102382596485825
17.133200000003413,6.099851228064779
17.134870000003414,6.097319859643704
17.136540000003414,6.094788491222687
17.138210000003415,6.0922571228016125
17.139880000003416,6.0897257543805665
17.141550000003416,6.087194385959492
17.143220000003417,6.084663017538446
17.144890000003418,6.0821316491174
17.14656000000342,6.079600280696354
17.14823000000342,6.07706891227528
17.14990000000342,6.074537543854234
17.15157000000342,6.072006175433216
17.15324000000342,6.069474807012142
17.154910000003422,6.066943438591096
17.156580000003423,6.06441207017005
17.158250000003424,6.061880701749004
17.159920000003424,6.05934933332793
17.161590000003425,6.056817964906884
17.163260000003426,6.054286596485838
17.164930000003427,6.0517552280647635
17.166600000003427,6.049223859643718
17.168270000003428,6.046692491222643
17.16994000000343,6.044161122801626
17.17161000000343,6.041629754380551
17.17328000000343,6.039098385959505
17.17495000000343,6.036567017538431
17.17662000000343,6.034035649117385
17.178290000003432,6.031504280696339
17.179960000003433,6.028972912275293
17.181630000003434,6.026441543854219
17.183300000003435,6.023910175433173
17.184970000003435,6.021378807012098
17.186640000003436,6.018847438591081
17.188310000003437,6.0163160701700065
17.189980000003438,6.0137847017489605
17.19165000000344,6.011253333327915
17.19332000000344,6.00872196490684
17.19499000000344,6.006190596485823
17.19666000000344,6.003659228064748
17.19833000000344,6.001127859643702
17.200000000003442,5.998596491222628
17.201670000003443,5.996065122801582
17.203340000003443,5.993533754380536
17.205010000003444,5.99100238595949
17.206680000003445,5.988532965512206
17.208350000003446,5.986183448270822
17.210020000003446,5.983833931029437
17.211690000003447,5.981484413788081
17.213360000003448,5.979134896546697
17.21503000000345,5.976785379305312
17.21670000000345,5.9744358620639275
17.21837000000345,5.972086344822543
17.22004000000345,5.969736827581187
17.22171000000345,5.967387310339802
17.223380000003452,5.9649117192928145
17.225050000003453,5.9623803508717685
17.226720000003453,5.959848982450694
17.228390000003454,5.957317614029677
17.230060000003455,5.954786245608602
17.231730000003456,5.952254877187556
17.233400000003456,5.949723508766482
17.235070000003457,5.947192140345436
17.236740000003458,5.94466077192439
17.23841000000346,5.942129403503344
17.24008000000346,5.93959803508227
17.24175000000346,5.937066666661224
17.24342000000346,5.934535298240149
17.24509000000346,5.932003929819132
17.246760000003462,5.9294725613980575
17.248430000003463,5.926941192976983
17.250100000003464,5.924409824555937
17.251770000003464,5.921878456134863
17.253440000003465,5.919347087713845
17.255110000003466,5.916815719292771
17.256780000003467,5.914284350871725
17.258450000003467,5.911752982450679
17.260120000003468,5.909221614029633
17.26179000000347,5.906690245608559
17.26346000000347,5.904158877187513
17.26513000000347,5.901627508766495
17.26680000000347,5.899096140345421
17.26847000000347,5.896564771924375
17.270140000003472,5.894033403503329
17.271810000003473,5.891502035082283
17.273480000003474,5.8889706666612085
17.275150000003475,5.8864392982401625
17.276820000003475,5.883907929819088
17.278490000003476,5.881376561398071
17.280160000003477,5.878845192976996
17.281830000003477,5.87631382455595
17.283500000003478,5.873782456134904
17.28517000000348,5.87125108771383
17.28684000000348,5.868719719292812
17.28851000000348,5.866188350871738
17.29018000000348,5.863656982450692
17.291850000003482,5.861125614029618
17.293520000003483,5.858594245608572
17.295190000003483,5.856062877187526
17.296860000003484,5.85353150876648
17.298530000003485,5.8510001403454055
17.300200000003485,5.8484687719243595
17.301870000003486,5.845937403503285
17.303540000003487,5.843406035082268
17.305210000003488,5.840874666661222
17.30688000000349,5.838343298240147
17.30855000000349,5.835811929819101
17.31022000000349,5.833280561398027
17.31189000000349,5.830749192977009
17.31356000000349,5.828217824555935
17.315230000003492,5.825686456134889
17.316900000003493,5.823155087713815
17.318570000003493,5.820770482753545
17.320240000003494,5.818420965512189
17.321910000003495,5.8160714482708045
17.323580000003496,5.8137219310293915
17.325250000003496,5.811372413788007
17.326920000003497,5.809022896546622
17.328590000003498,5.806673379305266
17.3302600000035,5.804323862063882
17.3319300000035,5.801974344822497
17.3336000000035,5.799595789468185
17.3352700000035,5.797064421047111
17.3369400000035,5.794533052626093
17.338610000003502,5.792001684205047
17.340280000003503,5.789470315783973
17.341950000003504,5.786938947362927
17.343620000003504,5.7844075789418525
17.345290000003505,5.781876210520835
17.346960000003506,5.779344842099761
17.348630000003507,5.776813473678715
17.350300000003507,5.77428210525764
17.351970000003508,5.771750736836594
17.35364000000351,5.769219368415548
17.35531000000351,5.766687999994502
17.35698000000351,5.764156631573428
17.35865000000351,5.761625263152382
17.36032000000351,5.759093894731365
17.361990000003512,5.75656252631029
17.363660000003513,5.754031157889244
17.365330000003514,5.751499789468198
17.367000000003515,5.748968421047152
17.368670000003515,5.746437052626078
17.370340000003516,5.743905684205032
17.372010000003517,5.741374315783986
17.373680000003517,5.73884294736294
17.375350000003518,5.736311578941866
17.37702000000352,5.73378021052082
17.37869000000352,5.731248842099802
17.38036000000352,5.728717473678728
17.38203000000352,5.726186105257682
17.383700000003522,5.7236547368366075
17.385370000003523,5.721123368415562
17.387040000003523,5.718591999994516
17.388710000003524,5.71606063157347
17.390380000003525,5.713529263152395
17.392050000003525,5.710997894731349
17.393720000003526,5.708466526310275
17.395390000003527,5.705935157889257
17.397060000003528,5.7034037894682115
17.39873000000353,5.700872421047137
17.40040000000353,5.698341052626063
17.40207000000353,5.695809684205017
17.40374000000353,5.693278315783971
17.40541000000353,5.690746947362925
17.407080000003532,5.6882155789418505
17.408750000003533,5.6856842105208045
17.410420000003533,5.68315284209973
17.412090000003534,5.680621473678684
17.413760000003535,5.678090105257638
17.415430000003536,5.675558736836592
17.417100000003536,5.673027368415518
17.418770000003537,5.670495999994472
17.420440000003538,5.667964631573426
17.42211000000354,5.66543326315238
17.42378000000354,5.662901894731306
17.42545000000354,5.66037052631026
17.42712000000354,5.657839157889185
17.42879000000354,5.6553575172362684
17.430460000003542,5.653007999994884
17.432130000003543,5.650658482753499
17.433800000003544,5.648308965512115
17.435470000003544,5.64595944827073
17.437140000003545,5.643609931029374
17.438810000003546,5.64126041378799
17.440480000003546,5.638910896546605
17.442150000003547,5.6365613793052205
17.443820000003548,5.634211862063836
17.44549000000355,5.631748491222538
17.44716000000355,5.629217122801492
17.44883000000355,5.626685754380418
17.45050000000355,5.624154385959372
17.45217000000355,5.621623017538326
17.453840000003552,5.61909164911728
17.455510000003553,5.616560280696234
17.457180000003554,5.61402891227516
17.458850000003554,5.611497543854114
17.460520000003555,5.608966175433068
17.462190000003556,5.606434807012022
17.463860000003557,5.603903438590947
17.465530000003557,5.6013720701699015
17.467200000003558,5.5988407017488555
17.46887000000356,5.5963093333278096
17.47054000000356,5.593777964906764
17.47221000000356,5.591246596485689
17.47388000000356,5.588715228064672
17.47555000000356,5.586183859643597
17.477220000003562,5.583652491222551
17.478890000003563,5.581121122801505
17.480560000003564,5.5785897543804595
17.482230000003565,5.576058385959385
17.483900000003565,5.573527017538311
17.485570000003566,5.570995649117265
17.487240000003567,5.568464280696219
17.488910000003568,5.565932912275173
17.49058000000357,5.5634015438540985
17.49225000000357,5.5608701754330525
17.49392000000357,5.558338807011978
17.49559000000357,5.555807438590961
17.49726000000357,5.553276070169886
17.498930000003572,5.55074470174884
17.500600000003573,5.548213333327766
17.502270000003573,5.54568196490672
17.503940000003574,5.543150596485674
17.505610000003575,5.540619228064628
17.507280000003576,5.538087859643554
17.508950000003576,5.535556491222508
17.510620000003577,5.533025122801462
17.512290000003578,5.530493754380416
17.51396000000358,5.52796238595937
17.51563000000358,5.5254310175382955
17.51730000000358,5.5228996491172495
17.51897000000358,5.520368280696175
17.52064000000358,5.517836912275158
17.522310000003582,5.515305543854083
17.523980000003583,5.512774175433037
17.525650000003584,5.510242807011963
17.527320000003584,5.507711438590917
17.528990000003585,5.505180070169899
17.530660000003586,5.502648701748825
17.532330000003586,5.500117333327779
17.534000000003587,5.497585964906705
17.535670000003588,5.495054596485659
17.53734000000359,5.492523228064613
17.53901000000359,5.489991859643567
17.54068000000359,5.487595034477607
17.54235000000359,5.485245517236223
17.54402000000359,5.482895999994838
17.545690000003592,5.480546482753482
17.547360000003593,5.4781969655120974
17.549030000003594,5.475847448270713
17.550700000003594,5.473497931029328
17.552370000003595,5.471148413787944
17.554040000003596,5.468798896546588
17.555710000003597,5.466432561397937
17.557380000003597,5.463901192976891
17.559050000003598,5.461369824555817
17.5607200000036,5.458838456134771
17.5623900000036,5.456307087713725
17.5640600000036,5.453775719292651
17.5657300000036,5.451244350871605
17.5674000000036,5.44871298245053
17.569070000003602,5.446181614029513
17.570740000003603,5.443650245608438
17.572410000003604,5.441118877187392
17.574080000003605,5.4385875087663464
17.575750000003605,5.4360561403453005
17.577420000003606,5.433524771924226
17.579090000003607,5.43099340350318
17.580760000003608,5.428462035082134
17.58243000000361,5.425930666661088
17.58410000000361,5.423399298240042
17.58577000000361,5.420867929818968
17.58744000000361,5.41833656139795
17.58911000000361,5.415805192976876
17.590780000003612,5.41327382455583
17.592450000003613,5.410742456134756
17.594120000003613,5.40821108771371
17.595790000003614,5.405679719292664
17.597460000003615,5.403148350871618
17.599130000003615,5.4006169824505434
17.600800000003616,5.3980856140294975
17.602470000003617,5.3955542456084515
17.604140000003618,5.393022877187406
17.60581000000362,5.39049150876636
17.60748000000362,5.387960140345285
17.60915000000362,5.385428771924239
17.61082000000362,5.382897403503165
17.61249000000362,5.380366035082147
17.614160000003622,5.377834666661073
17.615830000003623,5.375303298240027
17.617500000003623,5.372771929818953
17.619170000003624,5.370240561397907
17.620840000003625,5.367709192976861
17.622510000003626,5.365177824555815
17.624180000003626,5.362646456134769
17.625850000003627,5.3601150877136945
17.627520000003628,5.3575837192926485
17.62919000000363,5.355052350871603
17.63086000000363,5.352520982450557
17.63253000000363,5.349989614029482
17.63420000000363,5.347458245608436
17.63587000000363,5.344926877187362
17.637540000003632,5.342395508766344
17.639210000003633,5.33986414034527
17.640880000003634,5.337332771924224
17.642550000003634,5.33480140350315
17.644220000003635,5.332270035082075
17.645890000003636,5.329738666661058
17.647560000003637,5.327207298239983
17.649230000003637,5.3246759298189374
17.650900000003638,5.322182068960302
17.65257000000364,5.319832551718918
17.65424000000364,5.317483034477561
17.65591000000364,5.315133517236177
17.65758000000364,5.312783999994792
17.65925000000364,5.310434482753408
17.660920000003642,5.308084965512023
17.662590000003643,5.305735448270667
17.664260000003644,5.303385931029283
17.665930000003645,5.301036413787898
17.667600000003645,5.298585263152262
17.669270000003646,5.296053894731216
17.670940000003647,5.29352252631017
17.672610000003647,5.290991157889096
17.674280000003648,5.28845978946805
17.67595000000365,5.285928421047032
17.67762000000365,5.283397052625958
17.67929000000365,5.280865684204912
17.68096000000365,5.278334315783837
17.682630000003652,5.27580294736282
17.684300000003653,5.2732715789417455
17.685970000003653,5.2707402105206995
17.687640000003654,5.268208842099654
17.689310000003655,5.265677473678608
17.690980000003655,5.263146105257533
17.692650000003656,5.260614736836487
17.694320000003657,5.258083368415413
17.695990000003658,5.255551999994395
17.69766000000366,5.253020631573349
17.69933000000366,5.250489263152275
17.70100000000366,5.247957894731229
17.70267000000366,5.245426526310155
17.70434000000366,5.242895157889137
17.706010000003662,5.240363789468063
17.707680000003663,5.237832421047017
17.709350000003663,5.2353010526259425
17.711020000003664,5.2327696842048965
17.712690000003665,5.230238315783851
17.714360000003666,5.227706947362805
17.716030000003666,5.22517557894173
17.717700000003667,5.222644210520684
17.719370000003668,5.22011284209961
17.72104000000367,5.217581473678592
17.72271000000367,5.215050105257518
17.72438000000367,5.212518736836472
17.72605000000367,5.209987368415398
17.72772000000367,5.207455999994323
17.729390000003672,5.204924631573306
17.731060000003673,5.202393263152231
17.732730000003674,5.199861894731185
17.734400000003674,5.1973305263101395
17.736070000003675,5.194799157889065
17.737740000003676,5.192267789468048
17.739410000003677,5.189736421046973
17.741080000003677,5.187205052625927
17.742750000003678,5.184673684204853
17.74442000000368,5.182142315783807
17.74609000000368,5.179610947362761
17.74776000000368,5.177079578941715
17.74943000000368,5.174548210520641
17.75110000000368,5.172016842099595
17.752770000003682,5.16948547367852
17.754440000003683,5.166954105257503
17.756110000003684,5.164422736836457
17.757780000003685,5.161891368415382
17.759450000003685,5.1593599999943365
17.761120000003686,5.156828631573262
17.762790000003687,5.154419586201669
17.764460000003687,5.152070068960285
17.766130000003688,5.1497205517189
17.76780000000369,5.147371034477516
17.76947000000369,5.145021517236131
17.77114000000369,5.142671999994775
17.77281000000369,5.14032248275339
17.77448000000369,5.137972965512006
17.776150000003692,5.135623448270621
17.777820000003693,5.133269333327689
17.779490000003694,5.130737964906615
17.781160000003695,5.128206596485569
17.782830000003695,5.125675228064523
17.784500000003696,5.123143859643477
17.786170000003697,5.120612491222403
17.787840000003698,5.118081122801357
17.7895100000037,5.115549754380339
17.7911800000037,5.113018385959265
17.7928500000037,5.110487017538219
17.7945200000037,5.1079556491171445
17.7961900000037,5.105424280696127
17.797860000003702,5.102892912275053
17.799530000003703,5.100361543853978
17.801200000003703,5.097830175432932
17.802870000003704,5.095298807011858
17.804540000003705,5.09276743859084
17.806210000003706,5.090236070169766
17.807880000003706,5.08770470174872
17.809550000003707,5.085173333327646
17.811220000003708,5.0826419649066
17.81289000000371,5.080110596485554
17.81456000000371,5.077579228064508
17.81623000000371,5.075047859643433
17.81790000000371,5.0725164912223875
17.81957000000371,5.069985122801313
17.821240000003712,5.0674537543802955
17.822910000003713,5.064922385959221
17.824580000003714,5.062391017538175
17.826250000003714,5.059859649117101
17.827920000003715,5.057328280696055
17.829590000003716,5.054796912275037
17.831260000003716,5.052265543853963
17.832930000003717,5.049734175432917
17.834600000003718,5.047202807011843
17.83627000000372,5.044671438590797
17.83794000000372,5.042140070169751
17.83961000000372,5.039608701748705
17.84128000000372,5.03707733332763
17.84295000000372,5.0345459649065845
17.844620000003722,5.03201459648551
17.846290000003723,5.0294832280644926
17.847960000003724,5.026951859643447
17.849630000003724,5.024420491222372
17.851300000003725,5.021889122801326
17.852970000003726,5.019357754380252
17.854640000003727,5.016826385959234
17.856310000003727,5.01429501753816
17.857980000003728,5.011763649117114
17.85965000000373,5.00923228069604
17.86132000000373,5.006700912274994
17.86299000000373,5.004169543853948
17.86466000000373,5.001638175432902
17.86633000000373,4.999106807011856
17.868000000003732,4.9965754385907815
17.869670000003733,4.9940440701697355
17.871340000003734,4.9915127017486896
17.873010000003735,4.989006620684393
17.874680000003735,4.986657103443008
17.876350000003736,4.984307586201595
17.878020000003737,4.981958068960239
17.879690000003738,4.979608551718854
17.88136000000374,4.97725903447747
17.88303000000374,4.974909517236085
17.88470000000374,4.972559999994729
17.88637000000374,4.970210482753345
17.88804000000374,4.96786096551196
17.889710000003742,4.965422035082014
17.891380000003743,4.962890666660968
17.893050000003743,4.960359298239894
17.894720000003744,4.957827929818848
17.896390000003745,4.955296561397802
17.898060000003746,4.952765192976756
17.899730000003746,4.950233824555681
17.901400000003747,4.947702456134635
17.903070000003748,4.9451710877135895
17.90474000000375,4.9426397192925435
17.90641000000375,4.940108350871498
17.90808000000375,4.937576982450423
17.90975000000375,4.935045614029377
17.91142000000375,4.932514245608303
17.913090000003752,4.929982877187285
17.914760000003753,4.927451508766211
17.916430000003754,4.924920140345165
17.918100000003754,4.922388771924091
17.919770000003755,4.919857403503045
17.921440000003756,4.917326035082027
17.923110000003756,4.914794666660953
17.924780000003757,4.912263298239907
17.926450000003758,4.909731929818832
17.92812000000376,4.9072005613977865
17.92979000000376,4.9046691929767405
17.93146000000376,4.902137824555695
17.93313000000376,4.89960645613462
17.93480000000376,4.897075087713574
17.936470000003762,4.8945437192925
17.938140000003763,4.892012350871482
17.939810000003764,4.889480982450436
17.941480000003764,4.886949614029362
17.943150000003765,4.884418245608316
17.944820000003766,4.881886877187242
17.946490000003767,4.879355508766224
17.948160000003767,4.87682414034515
17.949830000003768,4.874292771924104
17.95150000000377,4.871761403503029
17.95317000000377,4.8692300350819835
17.95484000000377,4.8666986666609375
17.95651000000377,4.864167298239892
17.95818000000377,4.861635929818817
17.959850000003772,4.859104561397771
17.961520000003773,4.856573192976697
17.963190000003774,4.854041824555651
17.964860000003775,4.851510456134605
17.966530000003775,4.848979087713531
17.968200000003776,4.846447719292485
17.969870000003777,4.84391635087141
17.971540000003777,4.841384982450393
17.973210000003778,4.838853614029318
17.97488000000378,4.836322245608272
17.97655000000378,4.833790877187198
17.97822000000378,4.831259508766152
17.97989000000378,4.8287281403451345
17.981560000003782,4.82619677192406
17.983230000003783,4.823665403503014
17.984900000003783,4.821244137925703
17.986570000003784,4.818894620684347
17.988240000003785,4.816545103442962
17.989910000003785,4.814195586201578
17.991580000003786,4.811846068960222
17.993250000003787,4.809496551718837
17.994920000003788,4.8071470344774525
17.99659000000379,4.804797517236068
17.99826000000379,4.802447999994712
17.99993000000379,4.800098482753299
18.00160000000379,4.797285517234798
18.00327000000379,4.794452275855491
18.004940000003792,4.791619034476184
18.006610000003793,4.788785793096878
18.008280000003793,4.785952551717571
18.009950000003794,4.7831193103382645
18.011620000003795,4.780286068958958
18.013290000003796,4.777452827579651
18.014960000003796,4.774619586200345
18.016630000003797,4.771786344821038
18.018300000003798,4.768953103441703
18.0199700000038,4.766119862062396
18.0216400000038,4.76328662068309
18.0233100000038,4.760453379303783
18.0249800000038,4.7576201379244765
18.0266500000038,4.754786896545141
18.028320000003802,4.751953655165835
18.029990000003803,4.749120413786528
18.031660000003804,4.7462871724072215
18.033330000003804,4.743453931027915
18.035000000003805,4.74062068964858
18.036670000003806,4.737787448269273
18.038340000003807,4.734954206889967
18.040010000003807,4.73212096551066
18.041680000003808,4.729287724131353
18.04335000000381,4.726454482752018
18.04502000000381,4.723621241372712
18.04669000000381,4.720787999993405
18.04836000000381,4.71795475861407
18.05003000000381,4.715121517234763
18.051700000003812,4.712288275855457
18.053370000003813,4.70945503447615
18.055040000003814,4.706621793096815
18.056710000003815,4.703788551717508
18.058380000003815,4.700955310338202
18.060050000003816,4.698122068958895
18.061720000003817,4.69528882757956
18.063390000003817,4.6924555862002535
18.065060000003818,4.689622344820947
18.06673000000382,4.68678910344164
18.06840000000382,4.683955862062305
18.07007000000382,4.681122620682999
18.07174000000382,4.678289379303692
18.073410000003822,4.675456137924385
18.075080000003823,4.672622896545079
18.076750000003823,4.669789655165744
18.078420000003824,4.666956413786437
18.080090000003825,4.66412317240713
18.081760000003825,4.661289931027824
18.083430000003826,4.658456689648517
18.085100000003827,4.655623448269182
18.086770000003828,4.652790206889875
18.08844000000383,4.649956965510569
18.09011000000383,4.647123724131262
18.09178000000383,4.6442904827519556
18.09345000000383,4.6414572413726205
18.09512000000383,4.638623999993314
18.096790000003832,4.635790758614007
18.098460000003833,4.632957517234701
18.100130000003833,4.630124275855394
18.101800000003834,4.627291034476059
18.103470000003835,4.624457793096752
18.105140000003836,4.621624551717446
18.106810000003836,4.618791310338139
18.108480000003837,4.615958068958832
18.110150000003838,4.613124827579497
18.11182000000384,4.610291586200191
18.11349000000384,4.607458344820884
18.11516000000384,4.6046251034415775
18.11683000000384,4.601791862062271
18.11850000000384,4.598958620682936
18.120170000003842,4.596125379303629
18.121840000003843,4.593292137924323
18.123510000003844,4.590458896545016
18.125180000003844,4.587625655165709
18.126850000003845,4.584792413786374
18.128520000003846,4.581959172407068
18.130190000003847,4.579125931027761
18.131860000003847,4.576292689648454
18.133530000003848,4.573459448269148
18.13520000000385,4.570626206889813
18.13687000000385,4.567792965510506
18.13854000000385,4.564959724131199
18.14021000000385,4.562126482751893
18.14188000000385,4.559293241372586
18.143550000003852,4.5564599999932796
18.145220000003853,4.553626758613973
18.146890000003854,4.550793517234666
18.148560000003854,4.54796027585536
18.150230000003855,4.545127034476025
18.151900000003856,4.542293793096718
18.153570000003857,4.539460551717411
18.155240000003857,4.536627310338105
18.156910000003858,4.53379406895877
18.15858000000386,4.530960827579463
18.16025000000386,4.528127586200156
18.16192000000386,4.525294344820821
18.16359000000386,4.522461103441515
18.16526000000386,4.519627862062208
18.166930000003862,4.5167946206829015
18.168600000003863,4.5139613793035664
18.170270000003864,4.51112813792426
18.171940000003865,4.508294896544953
18.173610000003865,4.505461655165647
18.175280000003866,4.50262841378634
18.176950000003867,4.499795172407005
18.178620000003868,4.496961931027698
18.18029000000387,4.494128689648392
18.18196000000387,4.491295448269085
18.18363000000387,4.488462206889778
18.18530000000387,4.485628965510443
18.18697000000387,4.482795724131137
18.188640000003872,4.47996248275183
18.190310000003873,4.477129241372523
18.191980000003873,4.474295999993217
18.193650000003874,4.471462758613882
18.195320000003875,4.468629517234575
18.196990000003876,4.4657962758552685
18.198660000003876,4.462963034475962
18.200330000003877,4.460129793096655
18.202000000003878,4.45729655171732
18.20367000000388,4.454463310338014
18.20534000000388,4.451630068958707
18.20701000000388,4.4487968275794
18.20868000000388,4.445963586200094
18.21035000000388,4.443130344820759
18.212020000003882,4.440297103441452
18.213690000003883,4.437463862062145
18.215360000003884,4.434630620682839
18.217030000003884,4.431797379303532
18.218700000003885,4.428964137924197
18.220370000003886,4.4261308965448904
18.222040000003886,4.423297655165584
18.223710000003887,4.420464413786277
18.225380000003888,4.417631172406971
18.22705000000389,4.414758290591351
18.22872000000389,4.411880752129804
18.23039000000389,4.409003213668285
18.23206000000389,4.406125675206738
18.23373000000389,4.403248136745219
18.235400000003892,4.400370598283644
18.237070000003893,4.397493059822125
18.238740000003894,4.394615521360578
18.240410000003894,4.391737982899059
18.242080000003895,4.388860444437512
18.243750000003896,4.385982905975936
18.245420000003897,4.383105367514418
18.247090000003897,4.3802278290528704
18.248760000003898,4.377350290591352
18.2504300000039,4.374472752129805
18.2521000000039,4.371595213668257
18.2537700000039,4.36871767520671
18.2554400000039,4.365840136745192
18.2571100000039,4.362962598283616
18.258780000003902,4.360104275855207
18.260450000003903,4.3572710344759
18.262120000003904,4.354437793096594
18.263790000003905,4.351604551717259
18.265460000003905,4.348771310337952
18.267130000003906,4.345938068958645
18.268800000003907,4.34310482757931
18.270470000003908,4.340271586200004
18.27214000000391,4.337438344820697
18.27381000000391,4.33460510344139
18.27548000000391,4.331771862062084
18.27715000000391,4.328938620682749
18.27882000000391,4.326105379303442
18.280490000003912,4.3232721379241354
18.282160000003913,4.320438896544829
18.283830000003913,4.317605655165522
18.285500000003914,4.314772413786187
18.287170000003915,4.3119391724068805
18.288840000003916,4.309105931027574
18.290510000003916,4.306272689648267
18.292180000003917,4.303439448268961
18.293850000003918,4.300606206889626
18.29552000000392,4.297772965510319
18.29719000000392,4.294939724131012
18.29886000000392,4.292106482751706
18.30053000000392,4.289273241372399
18.30220000000392,4.286439999993064
18.303870000003922,4.283606758613757
18.305540000003923,4.280773517234479
18.307210000003924,4.277940275855173
18.308880000003924,4.275107034475866
18.310550000003925,4.272273793096531
18.312220000003926,4.269440551717224
18.313890000003926,4.266607310337918
18.315560000003927,4.263774068958611
18.317230000003928,4.260940827579304
18.31890000000393,4.258107586199969
18.32057000000393,4.255274344820663
18.32224000000393,4.252441103441356
18.32391000000393,4.249607862062049
18.32558000000393,4.246774620682743
18.327250000003932,4.243941379303408
18.328920000003933,4.241108137924101
18.330590000003934,4.2382748965447945
18.332260000003934,4.235441655165488
18.333930000003935,4.232608413786181
18.335600000003936,4.229775172406846
18.337270000003937,4.22694193102754
18.338940000003937,4.224108689648233
18.340610000003938,4.221275448268926
18.34228000000394,4.21844220688962
18.34395000000394,4.215608965510285
18.34562000000394,4.212775724130978
18.34729000000394,4.209942482751671
18.34896000000394,4.207109241372365
18.350630000003942,4.204275999993058
18.352300000003943,4.201442758613723
18.353970000003944,4.198609517234416
18.355640000003945,4.19577627585511
18.357310000003945,4.192943034475803
18.358980000003946,4.190109793096468
18.360650000003947,4.1872765517171615
18.362320000003947,4.184443310337855
18.363990000003948,4.181610068958548
18.36566000000395,4.178776827579213
18.36733000000395,4.175943586199907
18.36900000000395,4.1731103448206
18.37067000000395,4.170277103441265
18.372340000003952,4.167443862061958
18.374010000003953,4.164610620682652
18.375680000003953,4.161777379303345
18.377350000003954,4.15894413792401
18.379020000003955,4.156110896544703
18.380690000003955,4.153277655165397
18.382360000003956,4.15044441378609
18.384030000003957,4.1476111724067835
18.385700000003958,4.144777931027448
18.38737000000396,4.141944689648142
18.38904000000396,4.139111448268835
18.39071000000396,4.1362782068895285
18.39238000000396,4.133444965510222
18.39405000000396,4.130611724130887
18.395720000003962,4.12777848275158
18.397390000003963,4.124945241372274
18.399060000003963,4.122111999992967
18.400730000003964,4.11927875861366
18.402400000003965,4.116445517234325
18.404070000003966,4.113612275855019
18.405740000003966,4.110779034475712
18.407410000003967,4.107945793096405
18.409080000003968,4.105112551717099
18.41075000000397,4.102279310337792
18.41242000000397,4.0994460689584855
18.41409000000397,4.096612827579179
18.41576000000397,4.093779586199872
18.41743000000397,4.090946344820566
18.419100000003972,4.088113103441231
18.420770000003973,4.085279862061924
18.422440000003974,4.082446620682617
18.424110000003974,4.079613379303311
18.425780000003975,4.076780137924004
18.427450000003976,4.073946896544669
18.429120000003977,4.071113655165362
18.430790000003977,4.068280413786056
18.432460000003978,4.065447172406749
18.43413000000398,4.0626139310274425
18.43580000000398,4.0597806896481075
18.43747000000398,4.056947448268801
18.43914000000398,4.054114206889494
18.44081000000398,4.051280965510188
18.442480000003982,4.048447724130881
18.444150000003983,4.045614482751546
18.445820000003984,4.042781241372239
18.447490000003985,4.039947999992933
18.449160000003985,4.037114758613626
18.450830000003986,4.034281517234319
18.452500000003987,4.031448275854984
18.454170000003987,4.028615034475678
18.455840000003988,4.025781793096371
18.45751000000399,4.0229485517170644
18.45918000000399,4.020115310337758
18.46085000000399,4.017282068958423
18.46252000000399,4.014448827579116
18.464190000003992,4.0116155861998095
18.465860000003993,4.0087823448204745
18.467530000003993,4.005949103441168
18.469200000003994,4.003115862061861
18.470870000003995,4.000282620682555
18.472540000003995,3.9974493793032195
18.474210000003996,3.994616137923913
18.475880000003997,3.9917828965446347
18.477550000003998,3.9889496551652996
18.479220000004,3.986116413785993
18.480890000004,3.9832831724066864
18.482560000004,3.9804499310273798
18.484230000004,3.977600273497046
18.485900000004,3.974722735035499
18.487570000004002,3.971845196573952
18.489240000004003,3.968967658112433
18.490910000004003,3.966090119650886
18.492580000004004,3.9632125811893673
18.494250000004005,3.9603350427277917
18.495920000004006,3.957457504266273
18.497590000004006,3.954579965804726
18.499260000004007,3.951702427343207
18.500930000004008,3.94882488888166
18.50260000000401,3.9459473504200844
18.50427000000401,3.9430698119585657
18.50594000000401,3.9401922734970185
18.50761000000401,3.9373147350355
18.50928000000401,3.9344371965739526
18.510950000004012,3.9315596581124055
18.512620000004013,3.9286821196508583
18.514290000004014,3.9258045811893396
18.515960000004014,3.9229270427277925
18.517630000004015,3.9200897930963094
18.519300000004016,3.9172565517169744
18.520970000004016,3.9144233103376678
18.522640000004017,3.911590068958361
18.524310000004018,3.9087568275790545
18.52598000000402,3.905923586199748
18.52765000000402,3.903090344820413
18.52932000000402,3.900257103441106
18.53099000000402,3.8974238620617996
18.53266000000402,3.894590620682493
18.534330000004022,3.8917573793031863
18.536000000004023,3.8889241379238513
18.537670000004024,3.8860908965445446
18.539340000004024,3.883257655165238
18.541010000004025,3.8804244137859314
18.542680000004026,3.8775911724066248
18.544350000004027,3.8747579310272897
18.546020000004027,3.871924689647983
18.547690000004028,3.8690914482686765
18.54936000000403,3.86625820688937
18.55103000000403,3.863424965510063
18.55270000000403,3.860591724130728
18.55437000000403,3.8577584827514215
18.55604000000403,3.854925241372115
18.557710000004032,3.8520919999928083
18.559380000004033,3.8492587586135016
18.561050000004034,3.8464255172341666
18.562720000004035,3.84359227585486
18.564390000004035,3.8407590344755533
18.566060000004036,3.8379257930962467
18.567730000004037,3.8350925517169117
18.569400000004038,3.832259310337605
18.57107000000404,3.8294260689582984
18.57274000000404,3.8265928275789918
18.57441000000404,3.8237595861996567
18.57608000000404,3.82092634482035
18.57775000000404,3.818093103441072
18.579420000004042,3.815259862061737
18.581090000004043,3.81242662068243
18.582760000004043,3.8095933793031236
18.584430000004044,3.806760137923817
18.586100000004045,3.803926896544482
18.587770000004046,3.8010936551651753
18.589440000004046,3.7982604137858686
18.591110000004047,3.795427172406562
18.592780000004048,3.7925939310272554
18.59445000000405,3.7897606896479203
18.59612000000405,3.7869274482686137
18.59779000000405,3.784094206889307
18.59946000000405,3.7812609655100005
18.60113000000405,3.778427724130694
18.602800000004052,3.775594482751359
18.604470000004053,3.772761241372052
18.606140000004054,3.7699279999927455
18.607810000004054,3.767094758613439
18.609480000004055,3.7642615172341323
18.611150000004056,3.761428275854797
18.612820000004056,3.7585950344754906
18.614490000004057,3.755761793096184
18.616160000004058,3.7529285517168773
18.61783000000406,3.7500953103375707
18.61950000000406,3.7472620689582357
18.62117000000406,3.744428827578929
18.62284000000406,3.7415955861996224
18.62451000000406,3.7387623448203158
18.626180000004062,3.735929103441009
18.627850000004063,3.733095862061674
18.629520000004064,3.7302626206823675
18.631190000004064,3.727429379303061
18.632860000004065,3.724596137923754
18.634530000004066,3.7217628965444476
18.636200000004067,3.7189296551651125
18.637870000004067,3.7160964137858343
18.639540000004068,3.7132631724065277
18.64121000000407,3.710429931027221
18.64288000000407,3.7075966896479144
18.64455000000407,3.7047634482685794
18.64622000000407,3.7019302068892728
18.64789000000407,3.699096965509966
18.649560000004072,3.6962637241306595
18.651230000004073,3.693430482751353
18.652900000004074,3.690597241372018
18.654570000004075,3.687763999992711
18.656240000004075,3.6849307586134046
18.657910000004076,3.682097517234098
18.659580000004077,3.6792642758547913
18.661250000004078,3.6764310344754563
18.66292000000408,3.6735977930961496
18.66459000000408,3.670764551716843
18.66626000000408,3.6679313103375364
18.66793000000408,3.6650980689582298
18.66960000000408,3.6622648275788947
18.671270000004082,3.659431586199588
18.672940000004083,3.6565983448202815
18.674610000004083,3.6537651034409464
18.676280000004084,3.6509318620616398
18.677950000004085,3.648098620682333
18.679620000004086,3.6452653793030265
18.681290000004086,3.6424321379236915
18.682960000004087,3.639598896544385
18.684630000004088,3.636765655165078
18.68630000000409,3.633932413785743
18.68797000000409,3.6310991724064365
18.68964000000409,3.62826593102713
18.69131000000409,3.6254326896478233
18.69298000000409,3.6225994482685167
18.694650000004092,3.6197662068891816
18.696320000004093,3.616932965509875
18.697990000004094,3.6140997241305683
18.699660000004094,3.6112664827512617
18.701330000004095,3.608433241371955
18.703000000004096,3.60559999999262
18.704670000004096,3.6027667586133134
18.706340000004097,3.599933517234007
18.708010000004098,3.5971002758547
18.7096800000041,3.5942670344753935
18.7113500000041,3.5914337930960585
18.7130200000041,3.588600551716752
18.7146900000041,3.5857673103374452
18.7163600000041,3.5829340689581386
18.718030000004102,3.580100827578832
18.719700000004103,3.577267586199497
18.721370000004104,3.5744343448201903
18.723040000004104,3.5716011034408837
18.724710000004105,3.568767862061577
18.726380000004106,3.5659346206822704
18.728050000004107,3.5631013793029354
18.729720000004107,3.5602681379236287
18.731390000004108,3.557434896544322
18.73306000000411,3.5546016551650155
18.73473000000411,3.551768413785709
18.73640000000411,3.548935172406374
18.73807000000411,3.546101931027067
18.73974000000411,3.5432686896477605
18.741410000004112,3.540435448268454
18.743080000004113,3.537564717941194
18.744750000004114,3.534687179479647
18.746420000004115,3.5318096410181
18.748090000004115,3.528932102556581
18.749760000004116,3.526054564095034
18.751430000004117,3.5231770256335153
18.753100000004117,3.5202994871719397
18.754770000004118,3.517421948710421
18.75644000000412,3.514544410248874
18.75811000000412,3.5116668717873267
18.75978000000412,3.508789333325808
18.76145000000412,3.5059117948642324
18.763120000004122,3.5030342564027137
18.764790000004123,3.5001567179411666
18.766460000004123,3.497279179479648
18.768130000004124,3.4944016410181007
18.769800000004125,3.4915241025565535
18.771470000004125,3.4886465640950064
18.773140000004126,3.4857690256334877
18.774810000004127,3.4829085517167186
18.776480000004128,3.4800753103373836
18.77815000000413,3.477242068958077
18.77982000000413,3.4744088275787703
18.78149000000413,3.4715755861994353
18.78316000000413,3.4687423448201287
18.78483000000413,3.465909103440822
18.786500000004132,3.4630758620615154
18.788170000004133,3.4602426206821804
18.789840000004133,3.4574093793028737
18.791510000004134,3.454576137923567
18.793180000004135,3.4517428965442605
18.794850000004136,3.4489096551649254
18.796520000004136,3.446076413785619
18.798190000004137,3.443243172406312
18.799860000004138,3.440409931027034
18.80153000000414,3.4375766896477273
18.80320000000414,3.4347434482683923
18.80487000000414,3.4319102068890857
18.80654000000414,3.429076965509779
18.80821000000414,3.4262437241304724
18.809880000004142,3.4234104827511658
18.811550000004143,3.4205772413718307
18.813220000004144,3.417743999992524
18.814890000004144,3.4149107586132175
18.816560000004145,3.412077517233911
18.818230000004146,3.409244275854604
18.819900000004147,3.406411034475269
18.821570000004147,3.4035777930959625
18.823240000004148,3.400744551716656
18.82491000000415,3.3979113103373493
18.82658000000415,3.3950780689580426
18.82825000000415,3.3922448275787076
18.82992000000415,3.389411586199401
18.83159000000415,3.3865783448200943
18.833260000004152,3.3837451034407877
18.834930000004153,3.380911862061481
18.836600000004154,3.378078620682146
18.838270000004155,3.3752453793028394
18.839940000004155,3.372412137923533
18.841610000004156,3.369578896544226
18.843280000004157,3.3667456551649195
18.844950000004157,3.3639124137855845
18.846620000004158,3.361079172406278
18.84829000000416,3.358245931026971
18.84996000000416,3.3554126896476646
18.85163000000416,3.352579448268358
18.85330000000416,3.349746206889023
18.854970000004162,3.3469129655097163
18.856640000004163,3.3440797241304097
18.858310000004163,3.341246482751103
18.859980000004164,3.3384132413717964
18.861650000004165,3.3355799999924614
18.863320000004165,3.3327467586131547
18.864990000004166,3.329913517233848
18.866660000004167,3.3270802758545415
18.868330000004168,3.324247034475235
18.87000000000417,3.3214137930959
18.87167000000417,3.318580551716593
18.87334000000417,3.3157473103372865
18.87501000000417,3.31291406895798
18.87668000000417,3.3100808275786733
18.878350000004172,3.3072475861993382
18.880020000004173,3.3044143448200316
18.881690000004173,3.301581103440725
18.883360000004174,3.29874786206139
18.885030000004175,3.2959146206820833
18.886700000004176,3.2930813793027767
18.888370000004176,3.29024813792347
18.890040000004177,3.287414896544135
18.891710000004178,3.2845816551648284
18.89338000000418,3.2817484137855217
18.89505000000418,3.2789151724061867
18.89672000000418,3.27608193102688
18.89839000000418,3.2732486896475734
18.90006000000418,3.270415448268267
18.901730000004182,3.26758220688896
18.903400000004183,3.264748965509625
18.905070000004184,3.2619157241303185
18.906740000004184,3.259082482751012
18.908410000004185,3.2562492413717052
18.910080000004186,3.2534159999923986
18.911750000004186,3.2505827586130636
18.913420000004187,3.247749517233757
18.915090000004188,3.2449162758544503
18.91676000000419,3.2420830344751437
18.91843000000419,3.239249793095837
18.92010000000419,3.236416551716502
18.92177000000419,3.2335833103371954
18.92344000000419,3.2307500689578887
18.925110000004192,3.227916827578582
18.926780000004193,3.2250835861992755
18.928450000004194,3.2222503448199404
18.930120000004194,3.219417103440634
18.931790000004195,3.216583862061327
18.933460000004196,3.2137506206820206
18.935130000004197,3.210917379302714
18.936800000004197,3.208084137923379
18.938470000004198,3.2052508965440722
18.9401400000042,3.2024176551647656
18.9418100000042,3.1995844137854874
18.9434800000042,3.196751172406181
18.9451500000042,3.1939179310268457
18.9468200000042,3.191084689647539
18.948490000004202,3.1882514482682325
18.950160000004203,3.185418206888926
18.951830000004204,3.1825849655096192
18.953500000004205,3.179751724130284
18.955170000004205,3.1769184827509775
18.956840000004206,3.174085241371671
18.958510000004207,3.1712519999923643
18.960180000004208,3.1684187586130577
18.96185000000421,3.1655855172337226
18.96352000000421,3.162752275854416
18.96519000000421,3.1599190344751094
18.96686000000421,3.1570857930958027
18.96853000000421,3.154252551716496
18.970200000004212,3.151419310337161
18.971870000004213,3.1485860689578544
18.973540000004213,3.145752827578548
18.975210000004214,3.142919586199241
18.976880000004215,3.1400863448199345
18.978550000004216,3.137253103440628
18.980220000004216,3.1344198620613213
18.981890000004217,3.1315866206820147
18.983560000004218,3.128753379302708
18.98523000000422,3.125920137923373
18.98690000000422,3.1230868965440663
18.98857000000422,3.1202536551647597
18.99024000000422,3.1174204137854247
18.99191000000422,3.114587172406118
18.993580000004222,3.1117539310268114
18.995250000004223,3.108920689647505
18.996920000004224,3.1060874482681697
18.998590000004224,3.103254206888863
19.000260000004225,3.1997131034432584
19.001930000004226,3.1978703448225474
19.003600000004226,3.196027586201865
19.005270000004227,3.194184827581182
19.006940000004228,3.1923420689604995
19.00861000000423,3.1904993103397885
19.01028000000423,3.188656551719106
19.01195000000423,3.1868137930984233
19.01362000000423,3.1849710344777407
19.01529000000423,3.1831282758570296
19.016960000004232,3.181285517236347
19.018630000004233,3.1794427586156644
19.020300000004234,3.1775999999949818
19.021970000004234,3.1757572413742707
19.023640000004235,3.173914482753588
19.025310000004236,3.1720717241329055
19.026980000004237,3.170228965512223
19.028650000004237,3.168386206891512
19.030320000004238,3.1665434482708292
19.03199000000424,3.1647006896501466
19.03366000000424,3.162857931029464
19.03533000000424,3.161015172408753
19.03700000000424,3.1591724137880703
19.03867000000424,3.1573296551673877
19.040340000004242,3.155486896546705
19.042010000004243,3.153644137925994
19.043680000004244,3.1518013793053115
19.045350000004245,3.149958620684629
19.047020000004245,3.1481158620639462
19.048690000004246,3.146273103443235
19.050360000004247,3.1444303448225526
19.052030000004248,3.14258758620187
19.05370000000425,3.140744827581159
19.05537000000425,3.1389020689604763
19.05704000000425,3.1370593103397937
19.05871000000425,3.135216551719111
19.06038000000425,3.1333737930984
19.062050000004252,3.1315310344777174
19.063720000004253,3.129688275857035
19.065390000004253,3.127845517236352
19.067060000004254,3.126002758615641
19.068730000004255,3.1241599999949585
19.070400000004256,3.122317241374276
19.072070000004256,3.1204744827535933
19.073740000004257,3.1186317241328823
19.075410000004258,3.1167889655121996
19.07708000000426,3.114946206891517
19.07875000000426,3.1131034482708344
19.08042000000426,3.1112606896501234
19.08209000000426,3.1094179310294408
19.08376000000426,3.107575172408758
19.085430000004262,3.1057324137880755
19.087100000004263,3.1038896551673645
19.088770000004263,3.102046896546682
19.090440000004264,3.1002041379259992
19.092110000004265,3.0983613793053166
19.093780000004266,3.0965186206846056
19.095450000004266,3.094675862063923
19.097120000004267,3.0928331034432404
19.098790000004268,3.0909903448225577
19.10046000000427,3.0891475862018467
19.10213000000427,3.087304827581164
19.10380000000427,3.0854620689604815
19.10547000000427,3.083619310339799
19.10714000000427,3.081776551719088
19.108810000004272,3.079933793098405
19.110480000004273,3.0780910344777226
19.112150000004274,3.07624827585704
19.113820000004274,3.074405517236329
19.115490000004275,3.0725627586156463
19.117160000004276,3.0707199999949637
19.118830000004277,3.068877241374281
19.120500000004277,3.0670344827535985
19.122170000004278,3.0651917241328874
19.12384000000428,3.063348965512205
19.12551000000428,3.061506206891522
19.12718000000428,3.0596634482708396
19.12885000000428,3.0578206896501285
19.13052000000428,3.055977931029446
19.132190000004282,3.0541351724087633
19.133860000004283,3.0522924137880807
19.135530000004284,3.0504496551673697
19.137200000004285,3.0486068965466586
19.138870000004285,3.046764137925976
19.140540000004286,3.0449213793052934
19.142210000004287,3.0430786206846108
19.143880000004287,3.0412358620638997
19.145550000004288,3.039393103443217
19.14722000000429,3.0375503448225345
19.14889000000429,3.035707586201852
19.15056000000429,3.033864827581141
19.15223000000429,3.0320220689604582
19.153900000004292,3.0301793103397756
19.155570000004293,3.028336551719093
19.157240000004293,3.026493793098382
19.158910000004294,3.0246510344776993
19.160580000004295,3.0228082758570167
19.162250000004295,3.020965517236334
19.163920000004296,3.019122758615623
19.165590000004297,3.0172799999949405
19.167260000004298,3.015437241374258
19.1689300000043,3.013594482753575
19.1706000000043,3.011751724132864
19.1722700000043,3.009908965512153
19.1739400000043,3.0080662068914705
19.1756100000043,3.006223448270788
19.177280000004302,3.004380689650077
19.178950000004303,3.0025379310293943
19.180620000004303,3.0006951724087116
19.182290000004304,2.998852413788029
19.183960000004305,2.997009655167318
19.185630000004306,2.9951668965466354
19.187300000004306,2.9933241379259528
19.188970000004307,2.99148137930527
19.190640000004308,2.989638620684559
19.19231000000431,2.9877958620638765
19.19398000000431,2.985953103443194
19.19565000000431,2.9841103448225113
19.19732000000431,2.9822675862018
19.19899000000431,2.9804248275811176
19.200660000004312,2.978582068960435
19.202330000004313,2.976739310339724
19.204000000004314,2.9748965517190413
19.205670000004314,2.9730537930983587
19.207340000004315,2.971211034477676
19.209010000004316,2.969368275856965
19.210680000004317,2.9675255172362824
19.212350000004317,2.9656827586156
19.214020000004318,2.963839999994917
19.21569000000432,2.961997241374206
19.21736000000432,2.9601544827535236
19.21903000000432,2.958311724132841
19.22070000000432,2.9564689655121583
19.22237000000432,2.9546262068914473
19.224040000004322,2.9527834482707647
19.225710000004323,2.9509447863198375
19.227380000004324,2.949146324781367
19.229050000004325,2.9473478632428964
19.230720000004325,2.945549401704426
19.232390000004326,2.943750940165984
19.234060000004327,2.9419524786275133
19.235730000004327,2.940154017089043
19.237400000004328,2.9383555555505723
19.23907000000433,2.93655709401213
19.24074000000433,2.9347586324736596
19.24241000000433,2.932960170935189
19.24408000000433,2.931161709396747
19.245750000004332,2.9293632478582765
19.247420000004333,2.9275647863198344
19.249090000004333,2.9257663247813355
19.250760000004334,2.9239678632428934
19.252430000004335,2.922169401704423
19.254100000004335,2.9203709401659523
19.255770000004336,2.918572478627482
19.257440000004337,2.9167740170890397
19.259110000004338,2.914947586201805
19.26078000000434,2.913104827581094
19.26245000000434,2.9112620689604114
19.26412000000434,2.909419310339729
19.26579000000434,2.907576551719046
19.26746000000434,2.905733793098335
19.269130000004342,2.9038910344776525
19.270800000004343,2.90204827585697
19.272470000004343,2.9002055172362873
19.274140000004344,2.8983627586155762
19.275810000004345,2.8965199999948936
19.277480000004346,2.894677241374211
19.279150000004346,2.8928344827535284
19.280820000004347,2.8909917241328174
19.282490000004348,2.8891489655121347
19.28416000000435,2.887306206891452
19.28583000000435,2.8854634482707695
19.28750000000435,2.8836206896500585
19.28917000000435,2.881777931029376
19.29084000000435,2.8799351724086932
19.292510000004352,2.8780924137880106
19.294180000004353,2.8762496551672996
19.295850000004354,2.874406896546617
19.297520000004354,2.872564137925906
19.299190000004355,2.8707213793052233
19.300860000004356,2.8688786206845123
19.302530000004356,2.8670358620638297
19.304200000004357,2.865193103443147
19.305870000004358,2.863350344822436
19.30754000000436,2.8615075862017534
19.30921000000436,2.8596648275810708
19.31088000000436,2.857822068960388
19.31255000000436,2.855979310339677
19.31422000000436,2.8541365517189945
19.315890000004362,2.852293793098312
19.317560000004363,2.8504510344776293
19.319230000004364,2.8486082758569182
19.320900000004364,2.8467655172362356
19.322570000004365,2.844922758615553
19.324240000004366,2.8430799999948704
19.325910000004367,2.8412372413741593
19.327580000004367,2.8393944827534767
19.329250000004368,2.837551724132794
19.33092000000437,2.8357089655121115
19.33259000000437,2.8338662068914005
19.33426000000437,2.832023448270718
19.33593000000437,2.830180689650035
19.33760000000437,2.828337931029324
19.339270000004372,2.826495172408613
19.340940000004373,2.8246524137879305
19.342610000004374,2.822809655167248
19.344280000004375,2.8209668965465653
19.345950000004375,2.8191241379258543
19.347620000004376,2.8172813793051716
19.349290000004377,2.815438620684489
19.350960000004378,2.8135958620638064
19.35263000000438,2.8117531034430954
19.35430000000438,2.8099103448224128
19.35597000000438,2.80806758620173
19.35764000000438,2.8062248275810475
19.35931000000438,2.8043820689603365
19.360980000004382,2.802539310339654
19.362650000004383,2.8006965517189713
19.364320000004383,2.7988537930982886
19.365990000004384,2.7970110344775776
19.367660000004385,2.795168275856895
19.369330000004386,2.7933255172362124
19.371000000004386,2.7914827586155297
19.372670000004387,2.789639999994847
19.374340000004388,2.787797241374136
19.37601000000439,2.7859544827534535
19.37768000000439,2.784111724132771
19.37935000000439,2.7822689655120882
19.38102000000439,2.780426206891377
19.38269000000439,2.7785834482706946
19.384360000004392,2.776740689650012
19.386030000004393,2.7748979310293294
19.387700000004394,2.7730551724086467
19.389370000004394,2.7712124137879357
19.391040000004395,2.769369655167253
19.392710000004396,2.7675268965465705
19.394380000004396,2.765684137925888
19.396050000004397,2.763841379305177
19.397720000004398,2.761998620684494
19.3993900000044,2.7601558620638116
19.4010600000044,2.758313103443129
19.4027300000044,2.756470344822418
19.4044000000044,2.7546275862017353
19.4060700000044,2.7527848275810527
19.407740000004402,2.75094206896037
19.409410000004403,2.749099310339659
19.411080000004404,2.7472565517189764
19.412750000004404,2.745413793098294
19.414420000004405,2.743571034477611
19.416090000004406,2.7417282758569
19.417760000004407,2.7398855172362175
19.419430000004407,2.738042758615535
19.421100000004408,2.7361999999948523
19.42277000000441,2.7343572413741413
19.42444000000441,2.7325144827534587
19.42611000000441,2.730671724132776
19.42778000000441,2.7288289655120934
19.42945000000441,2.7269862068913824
19.431120000004412,2.7251434482706998
19.432790000004413,2.723300689650017
19.434460000004414,2.7214579310293345
19.436130000004415,2.7196151724086235
19.437800000004415,2.717772413787941
19.439470000004416,2.7159296551672583
19.441140000004417,2.7140868965465756
19.442810000004418,2.7122441379258646
19.44448000000442,2.710401379305182
19.44615000000442,2.7085586206844994
19.44782000000442,2.7067158620638168
19.44949000000442,2.7048731034431057
19.45116000000442,2.703030344822423
19.452830000004422,2.7011875862017405
19.454500000004423,2.6993448275810294
19.456170000004423,2.697502068960347
19.457840000004424,2.695659310339664
19.459510000004425,2.6938165517189816
19.461180000004425,2.6919737930982706
19.462850000004426,2.690131034477588
19.464520000004427,2.6882882758569053
19.466190000004428,2.6864455172361943
19.46786000000443,2.6846027586154833
19.46953000000443,2.6827599999948006
19.47120000000443,2.680917241374118
19.47287000000443,2.6790744827534354
19.47454000000443,2.6772317241327244
19.476210000004432,2.6753889655120418
19.477880000004433,2.673546206891359
19.479550000004433,2.6717034482706765
19.481220000004434,2.6698606896499655
19.482890000004435,2.668017931029283
19.484560000004436,2.6662003418752818
19.486230000004436,2.6644018803368112
19.487900000004437,2.6626034187983407
19.489570000004438,2.66080495725987
19.49124000000444,2.659006495721428
19.49291000000444,2.6572080341829576
19.49458000000444,2.655409572644487
19.49625000000444,2.6536111111060166
19.49792000000444,2.6518126495675745
19.499590000004442,2.650014188029104
19.501260000004443,2.6482157264906334
19.502930000004444,2.6464172649521913
19.504600000004444,2.644618803413721
19.506270000004445,2.6428203418752503
19.507940000004446,2.6410218803367798
19.509610000004447,2.6392234187983377
19.511280000004447,2.637424957259867
19.512950000004448,2.6356264957213966
19.51462000000445,2.633828034182926
19.51629000000445,2.6320248275809774
19.51796000000445,2.630182068960295
19.51963000000445,2.628339310339584
19.52130000000445,2.626496551718901
19.522970000004452,2.6246537930982186
19.524640000004453,2.622811034477536
19.526310000004454,2.620968275856825
19.527980000004455,2.6191255172361423
19.529650000004455,2.6172827586154597
19.531320000004456,2.615439999994777
19.532990000004457,2.613597241374066
19.534660000004457,2.6117544827533834
19.536330000004458,2.609911724132701
19.53800000000446,2.608068965512018
19.53967000000446,2.606226206891307
19.54134000000446,2.6043834482706245
19.54301000000446,2.602540689649942
19.544680000004462,2.6006979310292593
19.546350000004463,2.5988551724085482
19.548020000004463,2.5970124137878656
19.549690000004464,2.595169655167183
19.551360000004465,2.593326896546472
19.553030000004465,2.5914841379257894
19.554700000004466,2.5896413793051067
19.556370000004467,2.587798620684424
19.558040000004468,2.585955862063713
19.55971000000447,2.5841131034430305
19.56138000000447,2.582270344822348
19.56305000000447,2.5804275862016652
19.56472000000447,2.578584827580954
19.56639000000447,2.5767420689602716
19.568060000004472,2.574899310339589
19.569730000004473,2.5730565517189063
19.571400000004473,2.5712137930981953
19.573070000004474,2.5693710344775127
19.574740000004475,2.56752827585683
19.576410000004476,2.5656855172361475
19.578080000004476,2.5638427586154364
19.579750000004477,2.561999999994754
19.581420000004478,2.560157241374071
19.58309000000448,2.5583144827533886
19.58476000000448,2.5564717241326775
19.58643000000448,2.554628965511995
19.58810000000448,2.5527862068913123
19.58977000000448,2.5509434482706297
19.591440000004482,2.5491006896499186
19.593110000004483,2.547257931029236
19.594780000004484,2.5454151724085534
19.596450000004484,2.543572413787871
19.598120000004485,2.5417296551671598
19.599790000004486,2.539886896546477
19.601460000004487,2.5380441379257945
19.603130000004487,2.536201379305112
19.604800000004488,2.534358620684401
19.60647000000449,2.5325158620637183
19.60814000000449,2.5306731034430356
19.60981000000449,2.528830344822353
19.61148000000449,2.526987586201642
19.61315000000449,2.5251448275809594
19.614820000004492,2.5233020689602768
19.616490000004493,2.521459310339594
19.618160000004494,2.5196165517189115
19.619830000004495,2.5177737930982005
19.621500000004495,2.515931034477518
19.623170000004496,2.5140882758568353
19.624840000004497,2.5122455172361526
19.626510000004497,2.5104027586154416
19.628180000004498,2.5085599999947306
19.6298500000045,2.506717241374048
19.6315200000045,2.5048744827533653
19.6331900000045,2.5030317241326543
19.6348600000045,2.5011889655119717
19.6365300000045,2.499346206891289
19.638200000004502,2.4975034482706064
19.639870000004503,2.495660689649924
19.641540000004504,2.493817931029213
19.643210000004505,2.49197517240853
19.644880000004505,2.4901324137878476
19.646550000004506,2.488289655167165
19.648220000004507,2.486446896546454
19.649890000004508,2.4846041379257713
19.65156000000451,2.4827613793050887
19.65323000000451,2.480918620684406
19.65490000000451,2.479075862063695
19.65657000000451,2.4772331034430124
19.65824000000451,2.47539034482233
19.659910000004512,2.473547586201647
19.661580000004513,2.471704827580936
19.663250000004513,2.4698620689602535
19.664920000004514,2.468019310339571
19.666590000004515,2.4661765517188883
19.668260000004516,2.4643337930981772
19.669930000004516,2.4624910344774946
19.671600000004517,2.460648275856812
19.673270000004518,2.4588055172361294
19.67494000000452,2.4569627586154184
19.67661000000452,2.4551199999947357
19.67828000000452,2.453277241374053
19.67995000000452,2.4514344827533705
19.68162000000452,2.4495917241326595
19.683290000004522,2.447748965511977
19.684960000004523,2.4459062068912942
19.686630000004524,2.4440634482706116
19.688300000004524,2.4422206896499006
19.689970000004525,2.440377931029218
19.691640000004526,2.4385351724085353
19.693310000004526,2.4366924137878527
19.694980000004527,2.4348496551671417
19.696650000004528,2.433006896546459
19.69832000000453,2.4311641379257765
19.69999000000453,2.4293213793050654
19.70166000000453,2.427478620684383
19.70333000000453,2.4256358620637
19.70500000000453,2.4237931034430176
19.706670000004532,2.4219503448223065
19.708340000004533,2.420107586201624
19.710010000004534,2.4182648275809413
19.711680000004534,2.4164220689602587
19.713350000004535,2.4145793103395476
19.715020000004536,2.412736551718865
19.716690000004537,2.4108937930981824
19.718360000004537,2.4090510344775
19.720030000004538,2.4072082758567888
19.72170000000454,2.405365517236106
19.72337000000454,2.4035227586154235
19.72504000000454,2.401679999994741
19.72671000000454,2.39983724137403
19.72838000000454,2.3979944827533473
19.730050000004542,2.3961517241326646
19.731720000004543,2.394308965511982
19.733390000004544,2.392466206891271
19.735060000004545,2.3906234482705884
19.736730000004545,2.3887806896499058
19.738400000004546,2.3869379310291947
19.740070000004547,2.3850951724084837
19.741740000004548,2.3832543589691966
19.74341000000455,2.3814558974307545
19.74508000000455,2.379657435892284
19.74675000000455,2.3778589743538134
19.74842000000455,2.376060512815343
19.75009000000455,2.374262051276901
19.751760000004552,2.372463589738402
19.753430000004553,2.37066512819996
19.755100000004553,2.3688666666614893
19.756770000004554,2.367068205123047
19.758440000004555,2.3652697435845482
19.760110000004556,2.363471282046106
19.761780000004556,2.361672820507664
19.763450000004557,2.3598743589691935
19.765120000004558,2.358075897430723
19.76679000000456,2.3562774358922525
19.76846000000456,2.3544789743538104
19.77013000000456,2.35268051281534
19.77180000000456,2.3508820512768693
19.77347000000456,2.349083589738399
19.775140000004562,2.347259310339524
19.776810000004563,2.3454165517188414
19.778480000004564,2.3435737930981304
19.780150000004564,2.341731034477448
19.781820000004565,2.339888275856765
19.783490000004566,2.3380455172360826
19.785160000004566,2.3362027586153715
19.786830000004567,2.334359999994689
19.788500000004568,2.3325172413740063
19.79017000000457,2.3306744827532953
19.79184000000457,2.328831724132584
19.79351000000457,2.3269889655119016
19.79518000000457,2.325146206891219
19.79685000000457,2.3233034482705364
19.798520000004572,2.3214606896498253
19.800190000004573,2.3196179310291427
19.801860000004574,2.31777517240846
19.803530000004574,2.315932413787749
19.805200000004575,2.3140896551670664
19.806870000004576,2.312246896546384
19.808540000004577,2.310404137925701
19.810210000004577,2.30856137930499
19.811880000004578,2.3067186206843076
19.81355000000458,2.304875862063625
19.81522000000458,2.3030331034429423
19.81689000000458,2.3011903448222313
19.81856000000458,2.2993475862015487
19.82023000000458,2.297504827580866
19.821900000004582,2.2956620689601834
19.823570000004583,2.2938193103394724
19.825240000004584,2.29197655171879
19.826910000004585,2.290133793098107
19.828580000004585,2.2882910344774245
19.830250000004586,2.2864482758567135
19.831920000004587,2.284605517236031
19.833590000004587,2.2827627586153483
19.835260000004588,2.2809199999946657
19.83693000000459,2.2790772413739546
19.83860000000459,2.277234482753272
19.84027000000459,2.2753917241325894
19.84194000000459,2.2735489655119068
19.843610000004592,2.2717062068911957
19.845280000004593,2.269863448270513
19.846950000004593,2.2680206896498305
19.848620000004594,2.266177931029148
19.850290000004595,2.264335172408437
19.851960000004595,2.2624924137877542
19.853630000004596,2.2606496551670716
19.855300000004597,2.258806896546389
19.856970000004598,2.256964137925678
19.8586400000046,2.2551213793049953
19.8603100000046,2.2532786206843127
19.8619800000046,2.25143586206363
19.8636500000046,2.249593103442919
19.8653200000046,2.2477503448222365
19.866990000004602,2.245907586201554
19.868660000004603,2.2440648275808712
19.870330000004603,2.2422220689601886
19.872000000004604,2.2403793103394776
19.873670000004605,2.238536551718795
19.875340000004606,2.2366937930981123
19.877010000004606,2.2348510344774297
19.878680000004607,2.2330082758567187
19.880350000004608,2.231165517236036
19.88202000000461,2.2293227586153535
19.88369000000461,2.227479999994671
19.88536000000461,2.225637241373988
19.88703000000461,2.223794482753277
19.88870000000461,2.2219517241325946
19.890370000004612,2.220108965511912
19.892040000004613,2.2182662068912293
19.893710000004614,2.2164234482705183
19.895380000004614,2.2145806896498357
19.897050000004615,2.212737931029153
19.898720000004616,2.2108951724084704
19.900390000004617,2.2090524137877594
19.902060000004617,2.207209655167077
19.903730000004618,2.2053668965463658
19.90540000000462,2.203524137925683
19.90707000000462,2.201681379304972
19.90874000000462,2.1998386206842895
19.91041000000462,2.197995862063607
19.91208000000462,2.1961531034429242
19.913750000004622,2.194310344822213
19.915420000004623,2.1924675862015306
19.917090000004624,2.190624827580848
19.918760000004625,2.1887820689601654
19.920430000004625,2.1869393103394543
19.922100000004626,2.1850965517187717
19.923770000004627,2.183253793098089
19.925440000004627,2.1814110344774065
19.927110000004628,2.1795682758566954
19.92878000000463,2.177725517236013
19.93045000000463,2.17588275861533
19.93212000000463,2.1740399999946476
19.93379000000463,2.1721972413739365
19.935460000004632,2.170354482753254
19.937130000004633,2.1685117241325713
19.938800000004633,2.1666689655118887
19.940470000004634,2.1648262068911777
19.942140000004635,2.162983448270495
19.943810000004635,2.1611406896498124
19.945480000004636,2.15929793102913
19.947150000004637,2.1574551724084188
19.948820000004638,2.155612413787736
19.95049000000464,2.1537696551670535
19.95216000000464,2.1519268965463425
19.95383000000464,2.15008413792566
19.95550000000464,2.1482413793049773
19.95717000000464,2.1463986206842947
19.958840000004642,2.1445558620635836
19.960510000004643,2.1427131034428726
19.962180000004643,2.14087034482219
19.963850000004644,2.1390275862015073
19.965520000004645,2.1371848275807963
19.967190000004646,2.1353420689601137
19.968860000004646,2.133499310339431
19.970530000004647,2.1316565517187485
19.972200000004648,2.1298137930980374
19.97387000000465,2.127971034477355
19.97554000000465,2.126128275856672
19.97721000000465,2.1242855172359896
19.97888000000465,2.1224427586152785
19.98055000000465,2.120599999994596
19.982220000004652,2.1187572413739133
19.983890000004653,2.1169144827532307
19.985560000004654,2.1150717241325196
19.987230000004654,2.113228965511837
19.988900000004655,2.1113862068911544
19.990570000004656,2.109543448270472
19.992240000004657,2.1077006896497608
19.993910000004657,2.105857931029078
19.995580000004658,2.1040151724083955
19.99725000000466,2.102172413787713
19.99892000000466,2.100329655167002
20.00059000000466,2.0003591304377153
20.00226000000466,2.0013756521768187
20.00393000000466,2.002392173915979
20.005600000004662,2.0034086956551107
20.007270000004663,2.004425217394214
20.008940000004664,2.005441739133346
20.010610000004664,2.006458260872506
20.012280000004665,2.007474782611638
20.013950000004666,2.0084913043507413
20.015620000004667,2.009507826089873
20.017290000004667,2.0105243478290333
20.018960000004668,2.0115408695681367
20.02063000000467,2.0125573913072685
20.02230000000467,2.0135739130464003
20.02397000000467,2.0145904347855605
20.02564000000467,2.015606956524664
20.02731000000467,2.0166234782637957
20.028980000004672,2.0176400000029275
20.030650000004673,2.0186565217420593
20.032320000004674,2.019673043481191
20.033990000004675,2.020689565220323
20.035660000004675,2.0217060869594263
20.037330000004676,2.0227226086985866
20.039000000004677,2.0237391304377184
20.040670000004678,2.02475565217685
20.04234000000468,2.0257721739159535
20.04401000000468,2.0267886956551138
20.04568000000468,2.0278052173942456
20.04735000000468,2.028821739133349
20.04902000000468,2.0298382608724808
20.050690000004682,2.030854782611641
20.052360000004683,2.031871304350773
20.054030000004683,2.032887826089876
20.055700000004684,2.0339043478290364
20.057370000004685,2.034920869568168
20.059040000004686,2.0359373913072716
20.060710000004686,2.0369539130464034
20.062380000004687,2.0379704347855636
20.064050000004688,2.038986956524667
20.06572000000469,2.040003478263799
20.06739000000469,2.0410200000029306
20.06906000000469,2.042036521742091
20.07073000000469,2.043053043481194
20.07240000000469,2.044069565220326
20.074070000004692,2.045086086959458
20.075740000004693,2.0461026086985896
20.077410000004694,2.04710517985896
20.079080000004694,2.0480903597150757
20.080750000004695,2.0490755395711915
20.082420000004696,2.0500607194273357
20.084090000004696,2.051045899283423
20.085760000004697,2.052031079139539
20.087430000004698,2.0530162589956547
20.0891000000047,2.054001438851799
20.0907700000047,2.0549866187078862
20.0924400000047,2.055971798564002
20.0941100000047,2.056956978420118
20.0957800000047,2.057942158276262
20.097450000004702,2.0589273381323494
20.099120000004703,2.059912517988465
20.100790000004704,2.060897697844581
20.102460000004704,2.061882877700725
20.104130000004705,2.062868057556841
20.105800000004706,2.0638532374129284
20.107470000004707,2.064838417269044
20.109140000004707,2.0658235971251884
20.110810000004708,2.066808776981304
20.11248000000471,2.0677939568373915
20.11415000000471,2.0687791366935073
20.11582000000471,2.0697744927566077
20.11749000000471,2.070791014495711
20.11916000000471,2.071807536234843
20.120830000004712,2.0728240579739747
20.122500000004713,2.0738405797131065
20.124170000004714,2.0748571014522383
20.125840000004715,2.07587362319137
20.127510000004715,2.076890144930502
20.129180000004716,2.0779066666696053
20.130850000004717,2.0789231884087656
20.132520000004718,2.0799397101478974
20.13419000000472,2.080956231887029
20.13586000000472,2.0819727536261325
20.13753000000472,2.0829892753652643
20.13920000000472,2.0840057971044246
20.14087000000472,2.085022318843528
20.142540000004722,2.0860388405826598
20.144210000004723,2.0870553623217916
20.145880000004723,2.0880718840609234
20.147550000004724,2.089088405800055
20.149220000004725,2.090104927539187
20.150890000004726,2.0911214492783188
20.152560000004726,2.0921379710174506
20.154230000004727,2.0931428777007
20.155900000004728,2.0941280575568157
20.15757000000473,2.0951132374129315
20.15924000000473,2.0960984172690758
20.16091000000473,2.097083597125163
20.16258000000473,2.098068776981279
20.16425000000473,2.0990539568373947
20.165920000004732,2.1000391366935105
20.167590000004733,2.1010243165496263
20.169260000004734,2.102009496405742
20.170930000004734,2.102994676261858
20.172600000004735,2.1039798561179737
20.174270000004736,2.1049650359740895
20.175940000004736,2.1059502158302053
20.177610000004737,2.1069353956862926
20.179280000004738,2.107920575542437
20.18095000000474,2.1089057553985526
20.18262000000474,2.1098909352546684
20.18429000000474,2.110876115110756
20.18596000000474,2.1118612949669
20.18763000000474,2.112846474823016
20.189300000004742,2.1138316546791316
20.190970000004743,2.114816834535219
20.192640000004744,2.1158098550754403
20.194310000004744,2.1168263768145437
20.195980000004745,2.1178428985536755
20.197650000004746,2.1188594202928073
20.199320000004747,2.119875942031939
20.200990000004747,2.120892463771071
20.202660000004748,2.1219089855102027
20.20433000000475,2.122925507249363
20.20600000000475,2.1239420289884663
20.20767000000475,2.124958550727598
20.20934000000475,2.12597507246673
20.21101000000475,2.1269915942058617
20.212680000004752,2.1280081159449935
20.214350000004753,2.1290246376841253
20.216020000004754,2.130041159423257
20.217690000004755,2.131057681162389
20.219360000004755,2.1320742029015207
20.221030000004756,2.1330907246406525
20.222700000004757,2.134107246379756
20.224370000004757,2.135123768118916
20.226040000004758,2.136140289858048
20.22771000000476,2.1371568115971513
20.22938000000476,2.138173333336283
20.23105000000476,2.13918057554244
20.23272000000476,2.140165755398556
20.234390000004762,2.1411509352546716
20.236060000004763,2.1421361151107874
20.237730000004763,2.143121294966903
20.239400000004764,2.144106474823019
20.241070000004765,2.1450916546791348
20.242740000004765,2.1460768345352506
20.244410000004766,2.1470620143913663
20.246080000004767,2.148047194247482
20.247750000004768,2.149032374103598
20.24942000000477,2.1500175539596853
20.25109000000477,2.1510027338158295
20.25276000000477,2.1519879136719453
20.25443000000477,2.152973093528061
20.25610000000477,2.153958273384177
20.257770000004772,2.1549434532402927
20.259440000004773,2.1559286330964085
20.261110000004773,2.1569138129525243
20.262780000004774,2.15789899280864
20.264450000004775,2.158884172664756
20.266120000004776,2.1598693525208716
20.267790000004776,2.160854532376959
20.269460000004777,2.1618452173943012
20.271130000004778,2.1628617391334046
20.27280000000478,2.1638782608725364
20.27447000000478,2.1648947826116682
20.27614000000478,2.1659113043508285
20.27781000000478,2.166927826089932
20.27948000000478,2.1679443478290636
20.281150000004782,2.1689608695681954
20.282820000004783,2.1699773913073557
20.284490000004784,2.170993913046459
20.286160000004784,2.172010434785591
20.287830000004785,2.1730269565247227
20.289500000004786,2.174043478263883
20.291170000004787,2.1750600000029863
20.292840000004787,2.176076521742118
20.294510000004788,2.17709304348125
20.29618000000479,2.17810956522041
20.29785000000479,2.1791260869595135
20.29952000000479,2.1801426086986453
20.30119000000479,2.1811591304378055
20.30286000000479,2.1821756521769373
20.304530000004792,2.1831921739160407
20.306200000004793,2.1842086956551725
20.307870000004794,2.185218273384237
20.309540000004795,2.1862034532403243
20.311210000004795,2.18718863309644
20.312880000004796,2.188173812952556
20.314550000004797,2.1891589928086717
20.316220000004797,2.1901441726647874
20.317890000004798,2.1911293525209032
20.3195600000048,2.192114532377019
20.3212300000048,2.193099712233135
20.3229000000048,2.1940848920892506
20.3245700000048,2.1950700719453664
20.326240000004802,2.196055251801482
20.327910000004803,2.197040431657598
20.329580000004803,2.198025611513714
20.331250000004804,2.1990107913698296
20.332920000004805,2.199995971225917
20.334590000004805,2.200981151082061
20.336260000004806,2.201966330938177
20.337930000004807,2.2029515107942927
20.339600000004808,2.20393669065038
20.34127000000481,2.2049218705065243
20.34294000000481,2.20590705036264
20.34461000000481,2.206892230218756
20.34628000000481,2.207880579713134
20.34795000000481,2.208897101452294
20.349620000004812,2.209913623191426
20.351290000004813,2.2109301449305576
20.352960000004813,2.211946666669661
20.354630000004814,2.2129631884088212
20.356300000004815,2.213979710147953
20.357970000004816,2.2149962318870564
20.359640000004816,2.216012753626188
20.361310000004817,2.2170292753653484
20.362980000004818,2.2180457971044802
20.36465000000482,2.2190623188435836
20.36632000000482,2.2200788405827154
20.36799000000482,2.2210953623218472
20.36966000000482,2.222111884060979
20.37133000000482,2.223128405800111
20.373000000004822,2.2241449275392426
20.374670000004823,2.225161449278346
20.376340000004824,2.2261779710175063
20.378010000004824,2.227194492756638
20.379680000004825,2.22821101449577
20.381350000004826,2.2292275362348732
20.383020000004826,2.2302440579740335
20.384690000004827,2.2312559712259485
20.386360000004828,2.232241151082036
20.38803000000483,2.2332263309381517
20.38970000000483,2.2342115107942675
20.39137000000483,2.2351966906504117
20.39304000000483,2.236181870506499
20.39471000000483,2.237167050362615
20.396380000004832,2.2381522302187307
20.398050000004833,2.2391374100748465
20.399720000004834,2.2401225899309622
20.401390000004834,2.241107769787078
20.403060000004835,2.242092949643194
20.404730000004836,2.2430781294993096
20.406400000004837,2.2440633093554254
20.408070000004837,2.245048489211541
20.409740000004838,2.246033669067657
20.41141000000484,2.247018848923773
20.41308000000484,2.2480040287798886
20.41475000000484,2.2489892086360044
20.41642000000484,2.2499743884920917
20.41809000000484,2.250959568348236
20.419760000004842,2.2519447482043518
20.421430000004843,2.2529299280604675
20.423100000004844,2.2539159420319663
20.424770000004845,2.2549324637711265
20.426440000004845,2.2559489855102584
20.428110000004846,2.2569655072493617
20.429780000004847,2.2579820289884935
20.431450000004848,2.2589985507276538
20.43312000000485,2.2600150724667856
20.43479000000485,2.261031594205889
20.43646000000485,2.2620481159450208
20.43813000000485,2.263064637684181
20.43980000000485,2.2640811594232844
20.441470000004852,2.265097681162416
20.443140000004853,2.266114202901548
20.444810000004853,2.267130724640708
20.446480000004854,2.2681472463798116
20.448150000004855,2.2691637681189434
20.449820000004856,2.270180289858075
20.451490000004856,2.271196811597207
20.453160000004857,2.272213333336339
20.454830000004858,2.2732298550754706
20.45650000000486,2.2742463768146024
20.45817000000486,2.275262898553734
20.45984000000486,2.276279420292866
20.46151000000486,2.277295942031998
20.46318000000486,2.2783124637711296
20.464850000004862,2.2793289855102614
20.466520000004863,2.2803455072493932
20.468190000004864,2.281362028988525
20.469860000004864,2.282378550727657
20.471530000004865,2.2833950724667886
20.473200000004866,2.2844115942059204
20.474870000004866,2.2854281159450522
20.476540000004867,2.286444637684184
20.478210000004868,2.287461159423316
20.47988000000487,2.2884776811624477
20.48155000000487,2.2894942029015795
20.48322000000487,2.2905107246407113
20.48489000000487,2.291527246379843
20.48656000000487,2.292543768118975
20.488230000004872,2.2935602898581067
20.489900000004873,2.2945768115972385
20.491570000004874,2.2955933333363703
20.493240000004874,2.296609855075502
20.494910000004875,2.297626376814634
20.496580000004876,2.2986428985537657
20.498250000004877,2.2996594202928975
20.499920000004877,2.3006722302187654
20.501590000004878,2.3016574100749096
20.50326000000488,2.3026425899310254
20.50493000000488,2.303627769787113
20.50660000000488,2.3046129496432286
20.50827000000488,2.305598129499373
20.50994000000488,2.3065833093554886
20.511610000004882,2.307568489211576
20.513280000004883,2.3085536690676918
20.514950000004884,2.309538848923836
20.516620000004885,2.3105240287799234
20.518290000004885,2.311509208636039
20.519960000004886,2.312494388492155
20.521630000004887,2.313479568348299
20.523300000004888,2.3144647482043865
20.52497000000489,2.3154499280605023
20.52664000000489,2.316435107916618
20.52831000000489,2.3174202877727623
20.52998000000489,2.3184054676288497
20.53165000000489,2.3193906474849655
20.533320000004892,2.3203758273410813
20.534990000004893,2.321361007197197
20.536660000004893,2.322346187053313
20.538330000004894,2.3233313669094287
20.540000000004895,2.3243478260899906
20.541670000004896,2.325364347829151
20.543340000004896,2.3263808695682826
20.545010000004897,2.327397391307386
20.546680000004898,2.328413913046518
20.5483500000049,2.329430434785678
20.5500200000049,2.3304469565247814
20.5516900000049,2.331463478263913
20.5533600000049,2.3324800000030734
20.5550300000049,2.3334965217422052
20.556700000004902,2.3345130434813086
20.558370000004903,2.3355295652204404
20.560040000004904,2.3365460869596006
20.561710000004904,2.337562608698704
20.563380000004905,2.338579130437836
20.565050000004906,2.3395956521769676
20.566720000004906,2.3406121739160994
20.568390000004907,2.3416286956552312
20.570060000004908,2.342645217394363
20.57173000000491,2.343661739133495
20.57340000000491,2.3446782608726267
20.57507000000491,2.3456947826117585
20.57674000000491,2.3467099280605055
20.57841000000491,2.3476951079166213
20.580080000004912,2.3486802877727655
20.581750000004913,2.3496654676288813
20.583420000004914,2.3506506474849687
20.585090000004914,2.3516358273410845
20.586760000004915,2.3526210071972287
20.588430000004916,2.353606187053316
20.590100000004917,2.354591366909432
20.591770000004917,2.3555765467655476
20.593440000004918,2.356561726621692
20.59511000000492,2.357546906477779
20.59678000000492,2.358532086333895
20.59845000000492,2.359517266190011
20.60012000000492,2.3605024460461266
20.60179000000492,2.3614876259022424
20.603460000004922,2.362472805758358
20.605130000004923,2.363457985614474
20.606800000004924,2.3644431654705897
20.608470000004925,2.3654283453267055
20.610140000004925,2.3664135251828213
20.611810000004926,2.367398705038937
20.613480000004927,2.368383884895053
20.615150000004927,2.3693690647511687
20.616820000004928,2.3703831884088515
20.61849000000493,2.3713997101479833
20.62016000000493,2.3724162318870867
20.62183000000493,2.373432753626247
20.62350000000493,2.3744492753653788
20.625170000004932,2.3754657971045106
20.626840000004933,2.376482318843614
20.628510000004933,2.377498840582774
20.630180000004934,2.378515362321906
20.631850000004935,2.3795318840610094
20.633520000004935,2.380548405800141
20.635190000004936,2.381564927539273
20.636860000004937,2.382581449278433
20.638530000004938,2.3835979710175366
20.64020000000494,2.3846144927566684
20.64187000000494,2.3856310144958
20.64354000000494,2.386647536234932
20.64521000000494,2.387664057974064
20.64688000000494,2.3886805797131956
20.648550000004942,2.389697101452299
20.650220000004943,2.390713623191459
20.651890000004943,2.391730144930591
20.653560000004944,2.392746666669723
20.655230000004945,2.393732805758333
20.656900000004946,2.394717985614477
20.658570000004946,2.395703165470593
20.660240000004947,2.3966883453267087
20.661910000004948,2.397673525182796
20.66358000000495,2.3986587050389403
20.66525000000495,2.399643884895056
20.66692000000495,2.400629064751172
20.66859000000495,2.4016142446072593
20.67026000000495,2.4025994244634035
20.671930000004952,2.4035846043195193
20.673600000004953,2.404569784175635
20.675270000004954,2.4055549640317224
20.676940000004954,2.4065401438878666
20.678610000004955,2.4075253237439824
20.680280000004956,2.408510503600098
20.681950000004957,2.409495683456214
20.683620000004957,2.41048086331233
20.685290000004958,2.4114660431684456
20.68696000000496,2.4124512230245614
20.68863000000496,2.413436402880677
20.69030000000496,2.414421582736793
20.69197000000496,2.4154067625929088
20.69364000000496,2.4164185507277125
20.695310000004962,2.4174350724668443
20.696980000004963,2.418451594205976
20.698650000004964,2.419468115945108
20.700320000004965,2.4204846376842397
20.701990000004965,2.4215011594233715
20.703660000004966,2.4225176811625033
20.705330000004967,2.423534202901635
20.707000000004967,2.424550724640767
20.708670000004968,2.4255672463798987
20.71034000000497,2.4265837681190305
20.71201000000497,2.4276002898581623
20.71368000000497,2.4286168115972657
20.71535000000497,2.429633333336426
20.717020000004972,2.4306498550755578
20.718690000004973,2.4316663768146896
20.720360000004973,2.432682898553793
20.722030000004974,2.433699420292953
20.723700000004975,2.434715942032085
20.725370000004975,2.4357324637711883
20.727040000004976,2.43674898551032
20.728710000004977,2.4377655072494804
20.730380000004978,2.438782028988612
20.73205000000498,2.4397705036001014
20.73372000000498,2.440755683456217
20.73539000000498,2.4417408633123614
20.73706000000498,2.4427260431684488
20.73873000000498,2.4437112230245646
20.740400000004982,2.4446964028806804
20.742070000004983,2.4456815827368246
20.743740000004983,2.446666762592912
20.745410000004984,2.4476519424490277
20.747080000004985,2.4486371223051435
20.748750000004986,2.4496223021612877
20.750420000004986,2.450607482017375
20.752090000004987,2.451592661873491
20.753760000004988,2.452577841729635
20.75543000000499,2.4535630215857225
20.75710000000499,2.4545482014418383
20.75877000000499,2.455533381297954
20.76044000000499,2.4565185611540983
20.76211000000499,2.4575037410101856
20.763780000004992,2.4584889208663014
20.765450000004993,2.4594741007224172
20.767120000004994,2.4604592805785614
20.768790000004994,2.461444460434649
20.770460000004995,2.4624539130465735
20.772130000004996,2.4634704347857053
20.773800000004996,2.464486956524837
20.775470000004997,2.465503478263969
20.777140000004998,2.4665200000031007
20.778810000005,2.467536521742204
20.780480000005,2.4685530434813643
20.782150000005,2.469569565220496
20.783820000005,2.470586086959628
20.785490000005,2.4716026086987313
20.787160000005002,2.4726191304378915
20.788830000005003,2.4736356521770233
20.790500000005004,2.4746521739161267
20.792170000005004,2.4756686956552585
20.793840000005005,2.4766852173944187
20.795510000005006,2.477701739133522
20.797180000005007,2.478718260872654
20.798850000005007,2.4797347826117857
20.800520000005008,2.480751304350946
20.80219000000501,2.4817678260900493
20.80386000000501,2.482784347829181
20.80553000000501,2.4838008695683413
20.80720000000501,2.4848173913074447
20.80887000000501,2.4858082014418414
20.810540000005012,2.4867933812979572
20.812210000005013,2.4877785611541015
20.813880000005014,2.4887637410102172
20.815550000005015,2.4897489208663046
20.817220000005015,2.4907341007224204
20.818890000005016,2.4917192805785646
20.820560000005017,2.492704460434652
20.822230000005018,2.493689640290768
20.82390000000502,2.4946748201468836
20.82557000000502,2.495660000003028
20.82724000000502,2.496645179859115
20.82891000000502,2.497630359715231
20.83058000000502,2.4986155395713467
20.832250000005022,2.499600719427491
20.833920000005023,2.5005858992835783
20.835590000005023,2.501571079139694
20.837260000005024,2.50255625899581
20.838930000005025,2.5035414388519257
20.840600000005026,2.5045266187080415
20.842270000005026,2.5055117985641573
20.843940000005027,2.506496978420273
20.845610000005028,2.507482158276389
20.84728000000503,2.5084892753654344
20.84895000000503,2.5095057971045662
20.85062000000503,2.5105223188436696
20.85229000000503,2.51153884058283
20.85396000000503,2.5125553623219616
20.855630000005032,2.5135718840610934
20.857300000005033,2.514588405800197
20.858970000005034,2.515604927539357
20.860640000005034,2.516621449278489
20.862310000005035,2.5176379710176207
20.863980000005036,2.518654492756724
20.865650000005036,2.5196710144958843
20.867320000005037,2.520687536235016
20.868990000005038,2.521704057974148
20.87066000000504,2.5227205797132513
20.87233000000504,2.523737101452383
20.87400000000504,2.5247536231915433
20.87567000000504,2.525770144930675
20.87734000000504,2.5267866666697785
20.879010000005042,2.5278031884089103
20.880680000005043,2.5288197101480705
20.882350000005044,2.5298362318872023
20.884020000005044,2.5308527536263057
20.885690000005045,2.53184589928361
20.887360000005046,2.5328310791396973
20.889030000005047,2.5338162589958415
20.890700000005047,2.5348014388519573
20.892370000005048,2.5357866187080447
20.89404000000505,2.5367717985641605
20.89571000000505,2.5377569784203047
20.89738000000505,2.5387421582764205
20.89905000000505,2.539727338132508
20.90072000000505,2.5407125179886236
20.902390000005052,2.541697697844768
20.904060000005053,2.5426828777008836
20.905730000005054,2.543668057556971
20.907400000005055,2.544653237413087
20.909070000005055,2.545638417269231
20.910740000005056,2.5466235971253184
20.912410000005057,2.547608776981434
20.914080000005058,2.54859395683755
20.91575000000506,2.549579136693694
20.91742000000506,2.5505643165497816
20.91909000000506,2.5515494964058973
20.92076000000506,2.552534676262013
20.92243000000506,2.553519856118129
20.924100000005062,2.5545246376842954
20.925770000005063,2.5555411594233988
20.927440000005063,2.5565576811625306
20.929110000005064,2.557574202901691
20.930780000005065,2.558590724640794
20.932450000005066,2.559607246379926
20.934120000005066,2.560623768119058
20.935790000005067,2.561640289858218
20.937460000005068,2.5626568115973214
20.93913000000507,2.563673333336453
20.94080000000507,2.564689855075585
20.94247000000507,2.565706376814717
20.94414000000507,2.5667228985538486
20.94581000000507,2.5677394202929804
20.947480000005072,2.568755942032112
20.949150000005073,2.569772463771244
20.950820000005073,2.570788985510376
20.952490000005074,2.5718055072495076
20.954160000005075,2.5728220289886394
20.955830000005076,2.5738385507277712
20.957500000005076,2.574855072466903
20.959170000005077,2.5758715942060064
20.960840000005078,2.5768881159451666
20.96251000000508,2.5779046376842985
20.96418000000508,2.5789211594234303
20.96585000000508,2.5799376811625336
20.96752000000508,2.580954202901694
20.96919000000508,2.5819707246408257
20.970860000005082,2.582987246379929
20.972530000005083,2.584003768119061
20.974200000005084,2.585020289858221
20.975870000005084,2.586036811597353
20.977540000005085,2.5870533333364563
20.979210000005086,2.588069855075588
20.980880000005087,2.5890863768147483
20.982550000005087,2.5901028985538517
20.984220000005088,2.5911194202929835
20.98589000000509,2.5921359420321153
20.98756000000509,2.593152463771247
20.98923000000509,2.594168985510379
20.99090000000509,2.5951855072495107
20.99257000000509,2.5962020289886425
20.994240000005092,2.5972185507277743
20.995910000005093,2.598235072466906
20.997580000005094,2.599251594206038
20.999250000005095,2.6002681159451413
21.000920000005095,2.6990719999946293
21.002590000005096,2.6973874782554788
21.004260000005097,2.695702956516328
21.005930000005097,2.6940184347772345
21.007600000005098,2.692333913038084
21.0092700000051,2.6906493912989617
21.0109400000051,2.6889648695598396
21.0126100000051,2.6872803478207175
21.0142800000051,2.685595826081567
21.015950000005102,2.6839113043424163
21.017620000005103,2.6822267826033226
21.019290000005103,2.680542260864172
21.020960000005104,2.67885773912505
21.022630000005105,2.6771732173859277
21.024300000005105,2.6754886956468056
21.025970000005106,2.673804173907655
21.027640000005107,2.672119652168533
21.029310000005108,2.6704351304294107
21.03098000000511,2.66875060869026
21.03265000000511,2.667066086951138
21.03432000000511,2.665381565212016
21.03599000000511,2.6636970434728653
21.03766000000511,2.662012521733743
21.039330000005112,2.660327999994621
21.041000000005113,2.658643478255499
21.042670000005113,2.6569589565163483
21.044340000005114,2.655274434777226
21.046010000005115,2.653589913038104
21.047680000005116,2.6519053912989534
21.049350000005116,2.6502208695598313
21.051020000005117,2.648536347820709
21.052690000005118,2.646851826081587
21.05436000000512,2.6451673043424364
21.05603000000512,2.6434827826033427
21.05770000000512,2.641798260864192
21.05937000000512,2.6401137391250415
21.06104000000512,2.6384292173859194
21.062710000005122,2.6367446956467973
21.064380000005123,2.635060173907675
21.066050000005124,2.6333756521685245
21.067720000005124,2.6316911304294024
21.069390000005125,2.6300066086902802
21.071060000005126,2.6283220869511297
21.072730000005127,2.6266375652120075
21.074400000005127,2.6249530434728854
21.076070000005128,2.623268521733735
21.07774000000513,2.6216041438796083
21.07941000000513,2.6199509640234737
21.08108000000513,2.618297784167396
21.08275000000513,2.6166446043112614
21.08442000000513,2.614991424455127
21.086090000005132,2.6133382445990208
21.087760000005133,2.6116850647429146
21.089430000005134,2.6100318848868085
21.091100000005135,2.608378705030674
21.092770000005135,2.6067255251745394
21.094440000005136,2.6050723453184617
21.096110000005137,2.603419165462327
21.097780000005137,2.6017659856061925
21.099450000005138,2.6001128057500864
21.10112000000514,2.598459625893952
21.10279000000514,2.596806446037874
21.10446000000514,2.5951532661817396
21.10613000000514,2.593500086325605
21.107800000005142,2.591846906469499
21.109470000005143,2.5901937266133928
21.111140000005143,2.5885405467572866
21.112810000005144,2.586887366901152
21.114480000005145,2.5852341870450175
21.116150000005145,2.5835646376757495
21.117820000005146,2.581880115936599
21.119490000005147,2.580195594197477
21.121160000005148,2.5785110724583546
21.12283000000515,2.576826550719204
21.12450000000515,2.575142028980082
21.12617000000515,2.5734575072409314
21.12784000000515,2.5717729855018376
21.12951000000515,2.570088463762687
21.131180000005152,2.5684039420235365
21.132850000005153,2.5667194202844428
21.134520000005153,2.565034898545292
21.136190000005154,2.56335037680617
21.137860000005155,2.561665855067048
21.139530000005156,2.5599813333278973
21.141200000005156,2.558296811588775
21.142870000005157,2.5566122898496246
21.144540000005158,2.554927768110531
21.14621000000516,2.5532432463713803
21.14788000000516,2.5515587246322298
21.14955000000516,2.549874202893136
21.15122000000516,2.5481896811539855
21.15289000000516,2.5465051594148633
21.154560000005162,2.5448384460378293
21.156230000005163,2.5431852661816947
21.157900000005164,2.541532086325617
21.159570000005164,2.5398789064694824
21.161240000005165,2.538225726613348
21.162910000005166,2.53657254675727
21.164580000005166,2.5349193669011356
21.166250000005167,2.5332661870450295
21.167920000005168,2.531613007188895
21.16959000000517,2.529959827332789
21.17126000000517,2.5283066474766827
21.17293000000517,2.526653467620548
21.17460000000517,2.525000287764442
21.17627000000517,2.523347107908336
21.177940000005172,2.5216939280522013
21.179610000005173,2.520040748196095
21.181280000005174,2.518387568339989
21.182950000005174,2.516734388483883
21.184620000005175,2.5150812086277483
21.186290000005176,2.5134280287716138
21.187960000005177,2.511774848915536
21.189630000005177,2.5101216690594015
21.191300000005178,2.5084684892032953
21.19297000000518,2.506801275356878
21.19464000000518,2.5051167536177275
21.19631000000518,2.5034322318786053
21.19798000000518,2.501747710139483
21.19965000000518,2.500063188400361
21.201320000005182,2.4983786666612104
21.202990000005183,2.4966941449220883
21.204660000005184,2.495009623182966
21.206330000005185,2.4933251014438156
21.208000000005185,2.4916405797046934
21.209670000005186,2.4899560579655713
21.211340000005187,2.4882715362264207
21.213010000005188,2.4865870144872986
21.21468000000519,2.4849024927481764
21.21635000000519,2.4832179710090543
21.21802000000519,2.4815334492699037
21.21969000000519,2.4798489275307816
21.22136000000519,2.4781644057916594
21.223030000005192,2.476479884052509
21.224700000005193,2.4747953623133583
21.226370000005193,2.4731108405742646
21.228040000005194,2.471426318835114
21.229710000005195,2.469741797095992
21.231380000005196,2.4680727481960787
21.233050000005196,2.466419568339944
21.234720000005197,2.4647663884838664
21.236390000005198,2.463113208627732
21.2380600000052,2.4614600287716257
21.2397300000052,2.459806848915491
21.2414000000052,2.458153669059385
21.2430700000052,2.456500489203279
21.2447400000052,2.4548473093471443
21.246410000005202,2.453194129491038
21.248080000005203,2.451540949634932
21.249750000005204,2.4498877697787975
21.251420000005204,2.4482345899226914
21.253090000005205,2.4465814100665852
21.254760000005206,2.444928230210479
21.256430000005206,2.4432750503543446
21.258100000005207,2.44162187049821
21.259770000005208,2.4399686906421323
21.26144000000521,2.4383155107859977
21.26311000000521,2.4366623309298916
21.26478000000521,2.435009151073757
21.26645000000521,2.433355971217651
21.26812000000521,2.4317027913615448
21.269790000005212,2.4300379130380065
21.271460000005213,2.4283533912988844
21.273130000005214,2.426668869559734
21.274800000005214,2.4249843478206117
21.276470000005215,2.4232998260814895
21.278140000005216,2.421615304342339
21.279810000005217,2.419930782603217
21.281480000005217,2.4182462608640947
21.283150000005218,2.416561739124944
21.28482000000522,2.414877217385822
21.28649000000522,2.4131926956466714
21.28816000000522,2.4115081739075492
21.28983000000522,2.409823652168427
21.29150000000522,2.4081391304292765
21.293170000005222,2.4064546086901544
21.294840000005223,2.4047700869510322
21.296510000005224,2.4030855652118817
21.298180000005225,2.4014010434727595
21.299850000005225,2.399716521733609
21.301520000005226,2.398031999994515
21.303190000005227,2.3963474782553646
21.304860000005228,2.394662956516214
21.30653000000523,2.392978434777092
21.30820000000523,2.3913070503542997
21.30987000000523,2.3896538704981936
21.31154000000523,2.388000690642059
21.31321000000523,2.386347510785953
21.314880000005232,2.3846943309298467
21.316550000005233,2.383041151073712
21.318220000005233,2.3813879712176345
21.319890000005234,2.3797347913615
21.321560000005235,2.3780816115053938
21.323230000005235,2.376428431649259
21.324900000005236,2.374775251793153
21.326570000005237,2.373122071937047
21.328240000005238,2.3714688920809124
21.32991000000524,2.3698157122248062
21.33158000000524,2.3681625323687
21.33325000000524,2.3665093525125656
21.33492000000524,2.3648561726564594
21.33659000000524,2.3632029928003533
21.338260000005242,2.361549812944247
21.339930000005243,2.3598966330881126
21.341600000005243,2.3582434532320065
21.343270000005244,2.3565902733759003
21.344940000005245,2.3549370935197658
21.346610000005246,2.353274550719135
21.348280000005246,2.3515900289799845
21.349950000005247,2.3499055072408908
21.351620000005248,2.34822098550174
21.35329000000525,2.346536463762618
21.35496000000525,2.344851942023496
21.35663000000525,2.3431674202843453
21.35830000000525,2.341482898545223
21.35997000000525,2.3397983768060726
21.361640000005252,2.338113855066979
21.363310000005253,2.3364293333278283
21.364980000005254,2.3347448115886777
21.366650000005254,2.333060289849584
21.368320000005255,2.3313757681104335
21.369990000005256,2.3296912463713113
21.371660000005257,2.3280067246321607
21.373330000005257,2.326322202893067
21.375000000005258,2.3246376811539164
21.37667000000526,2.322953159414766
21.37834000000526,2.321268637675672
21.38001000000526,2.3195841159365216
21.38168000000526,2.3178995941973994
21.38335000000526,2.3162150724582773
21.385020000005262,2.3145413525125775
21.386690000005263,2.3128881726564714
21.388360000005264,2.311234992800337
21.390030000005265,2.309581812944259
21.391700000005265,2.3079286330881246
21.393370000005266,2.30627545323199
21.395040000005267,2.304622273375884
21.396710000005267,2.3029690935197777
21.398380000005268,2.3013159136636716
21.40005000000527,2.299662733807537
21.40172000000527,2.298009553951431
21.40339000000527,2.296356374095325
21.40506000000527,2.2947031942391902
21.406730000005272,2.2930500143830557
21.408400000005273,2.291396834526978
21.410070000005273,2.2897436546708434
21.411740000005274,2.2880904748147373
21.413410000005275,2.2864372949586027
21.415080000005275,2.2847841151024966
21.416750000005276,2.2831309352463904
21.418420000005277,2.281477755390256
21.420090000005278,2.279824575534178
21.42176000000528,2.2781713956780436
21.42343000000528,2.2765111884002636
21.42510000000528,2.2748266666611414
21.42677000000528,2.2731421449220193
21.42844000000528,2.271457623182897
21.430110000005282,2.2697731014437466
21.431780000005283,2.2680885797046244
21.433450000005283,2.2664040579655023
21.435120000005284,2.2647195362263517
21.436790000005285,2.263035014487258
21.438460000005286,2.2613504927481074
21.440130000005286,2.259665971008957
21.441800000005287,2.2579814492698347
21.443470000005288,2.2562969275307125
21.44514000000529,2.2546124057915904
21.44681000000529,2.25292788405244
21.44848000000529,2.2512433623133177
21.45015000000529,2.2495588405741955
21.45182000000529,2.247874318835045
21.453490000005292,2.246189797095923
21.455160000005293,2.2445052753568007
21.456830000005294,2.24282075361765
21.458500000005294,2.241136231878528
21.460170000005295,2.239451710139406
21.461840000005296,2.2377671884002837
21.463510000005297,2.236082666661133
21.465180000005297,2.2343981449219825
21.466850000005298,2.232713623182889
21.4685200000053,2.2310291014437382
21.4701900000053,2.2293445797045877
21.4718600000053,2.2276600579654655
21.4735300000053,2.2259755362263434
21.4752000000053,2.224291014487221
21.476870000005302,2.2226064927480707
21.478540000005303,2.22092197100892
21.480210000005304,2.2192374492698264
21.481880000005305,2.217552927530676
21.483550000005305,2.2158684057915536
21.485220000005306,2.214183884052403
21.486890000005307,2.212499362313281
21.488560000005307,2.210814840574159
21.490230000005308,2.209130318835008
21.49190000000531,2.207445797095886
21.49357000000531,2.205761275356764
21.49524000000531,2.2040767536176133
21.49691000000531,2.202392231878491
21.49858000000531,2.2007077101393406
21.500250000005313,2.1990330935197164
21.501920000005313,2.1973799136636103
21.503590000005314,2.1957267338074757
21.505260000005315,2.1940735539513696
21.506930000005315,2.192420374095235
21.508600000005316,2.1907671942391573
21.510270000005317,2.1891140143830228
21.511940000005318,2.187460834526888
21.51361000000532,2.185807654670782
21.51528000000532,2.184154474814676
21.51695000000532,2.18250129495857
21.51862000000532,2.1808481151024353
21.52029000000532,2.179194935246329
21.521960000005322,2.177541755390223
21.523630000005323,2.1758885755340884
21.525300000005323,2.1742353956779823
21.526970000005324,2.172582215821876
21.528640000005325,2.1709290359657416
21.530310000005326,2.1692758561096355
21.531980000005326,2.167622676253501
21.533650000005327,2.1659694963973948
21.535320000005328,2.1643163165412886
21.53699000000533,2.162663136685154
21.53866000000533,2.1610038260813837
21.54033000000533,2.159319304342233
21.54200000000533,2.157634782603111
21.54367000000533,2.155950260863989
21.545340000005332,2.1542657391248383
21.547010000005333,2.152581217385716
21.548680000005334,2.150896695646594
21.550350000005334,2.1492121739074435
21.552020000005335,2.1475276521683213
21.553690000005336,2.145843130429199
21.555360000005336,2.144158608690077
21.557030000005337,2.1424740869509264
21.558700000005338,2.1407895652118043
21.56037000000534,2.139105043472682
21.56204000000534,2.1374205217335316
21.56371000000534,2.1357359999944094
21.56538000000534,2.1340514782552873
21.56705000000534,2.1323669565161367
21.568720000005342,2.1306824347770146
21.570390000005343,2.1289979130378924
21.572060000005344,2.1273133912987703
21.573730000005344,2.1256288695596197
21.575400000005345,2.123944347820469
21.577070000005346,2.122267395677966
21.578740000005347,2.1206142158218313
21.580410000005347,2.1189610359657536
21.582080000005348,2.117307856109619
21.58375000000535,2.1156546762534845
21.58542000000535,2.1140014963974068
21.58709000000535,2.112348316541272
21.58876000000535,2.110695136685166
21.59043000000535,2.1090419568290315
21.592100000005352,2.1073887769729254
21.593770000005353,2.1057355971168192
21.595440000005354,2.1040824172606847
21.597110000005355,2.10242923740455
21.598780000005355,2.1007760575484724
21.600450000005356,2.099122877692338
21.602120000005357,2.0974696978362317
21.603790000005358,2.0958165179801256
21.60546000000536,2.094163338123991
21.60713000000536,2.092510158267885
21.60880000000536,2.0908569784117503
21.61047000000536,2.0892037985556726
21.61214000000536,2.087550618699538
21.613810000005362,2.0858974388434035
21.615480000005363,2.0842404637625123
21.617150000005363,2.0825559420233617
21.618820000005364,2.080871420284268
21.620490000005365,2.0791868985451174
21.622160000005366,2.077502376805967
21.623830000005366,2.075817855066873
21.625500000005367,2.0741333333277225
21.627170000005368,2.0724488115886004
21.62884000000537,2.07076428984945
21.63051000000537,2.0690797681103277
21.63218000000537,2.0673952463712055
21.63385000000537,2.065710724632055
21.63552000000537,2.0640262028929612
21.637190000005372,2.0623416811538107
21.638860000005373,2.0606571594146885
21.640530000005374,2.0589726376755664
21.642200000005374,2.057288115936416
21.643870000005375,2.0556035941972937
21.645540000005376,2.053919072458143
21.647210000005376,2.0522345507190494
21.648880000005377,2.050550028979899
21.650550000005378,2.0488655072407767
21.65222000000538,2.0471809855016545
21.65389000000538,2.0455016978362153
21.65556000000538,2.043848517980109
21.65723000000538,2.0421953381239746
21.65890000000538,2.040542158267897
21.660570000005382,2.0388889784117623
21.662240000005383,2.0372357985556278
21.663910000005384,2.0355826186995216
21.665580000005384,2.0339294388434155
21.667250000005385,2.0322762589873093
21.668920000005386,2.030623079131175
21.670590000005387,2.0289698992750687
21.672260000005387,2.0273167194189625
21.673930000005388,2.025663539562828
21.67560000000539,2.024010359706722
21.67727000000539,2.0223571798505873
21.67894000000539,2.020703999994481
21.68061000000539,2.019050820138375
21.68228000000539,2.017397640282269
21.683950000005392,2.0157444604261343
21.685620000005393,2.0140912805699998
21.687290000005394,2.012438100713922
21.688960000005395,2.0107849208577875
21.690630000005395,2.0091317410016813
21.692300000005396,2.0074771014436408
21.693970000005397,2.0057925797045186
21.695640000005397,2.0041080579653965
21.697310000005398,2.002423536226246
21.6989800000054,2.0007390144871238
21.7006500000054,1.9990544927480016
21.7023200000054,1.997369971008851
21.7039900000054,1.995685449269729
21.705660000005402,1.9940009275306068
21.707330000005403,1.9923164057914846
21.709000000005403,1.990631884052334
21.710670000005404,1.9889473623131835
21.712340000005405,1.9872628405740898
21.714010000005405,1.9855783188349392
21.715680000005406,1.983893797095817
21.717350000005407,1.9822092753566949
21.719020000005408,1.9805247536175443
21.72069000000541,1.9788402318784222
21.72236000000541,1.9771557101393
21.72403000000541,1.9754711884001495
21.72570000000541,1.9737866666610273
21.72737000000541,1.9721021449218767
21.729040000005412,1.970417623182783
21.730710000005413,1.9687359999944647
21.732380000005413,1.9670828201383301
21.734050000005414,1.965429640282224
21.735720000005415,1.9637764604261179
21.737390000005416,1.9621232805700117
21.739060000005416,1.9604701007138772
21.740730000005417,1.958816920857771
21.742400000005418,1.957163741001665
21.74407000000542,1.9555105611455303
21.74574000000542,1.9538573812894242
21.74741000000542,1.952204201433318
21.74908000000542,1.9505510215771835
21.75075000000542,1.9488978417210774
21.752420000005422,1.9472446618649428
21.754090000005423,1.9455914820088651
21.755760000005424,1.9439383021527306
21.757430000005424,1.942285122296596
21.759100000005425,1.9406319424405183
21.760770000005426,1.9389787625843837
21.762440000005427,1.9373255827282776
21.764110000005427,1.935672402872143
21.765780000005428,1.934019223016037
21.76745000000543,1.9323660431599308
21.76912000000543,1.9307128633037962
21.77079000000543,1.9290292173856756
21.77246000000543,1.927344695646525
21.77413000000543,1.9256601739073744
21.775800000005432,1.9239756521682807
21.777470000005433,1.9222911304291301
21.779140000005434,1.920606608690008
21.780810000005435,1.9189220869508574
21.782480000005435,1.9172375652117353
21.784150000005436,1.9155530434726131
21.785820000005437,1.9138685217334626
21.787490000005437,1.9121839999943404
21.789160000005438,1.9104994782552183
21.79083000000544,1.9088149565160677
21.79250000000544,1.9071304347769455
21.79417000000544,1.9054459130378234
21.79584000000544,1.9037613912986728
21.797510000005442,1.9020768695595507
21.799180000005443,1.9003923478204285
21.800850000005443,1.8987078260813064
21.802520000005444,1.8970233043421558
21.804190000005445,1.8953387826030337
21.805860000005445,1.8936542608639115
21.807530000005446,1.8919703021527141
21.809200000005447,1.890317122296608
21.810870000005448,1.8886639424404734
21.81254000000545,1.8870107625843673
21.81421000000545,1.8853575827282611
21.81588000000545,1.8837044028721266
21.81755000000545,1.8820512230160205
21.81922000000545,1.8803980431599143
21.820890000005452,1.8787448633037798
21.822560000005453,1.8770916834476736
21.824230000005453,1.8754385035915675
21.825900000005454,1.8737853237354614
21.827570000005455,1.8721321438793268
21.829240000005456,1.8704789640231922
21.830910000005456,1.8688257841671145
21.832580000005457,1.86717260431098
21.834250000005458,1.8655194244548738
21.83592000000546,1.8638662445987393
21.83759000000546,1.8622130647426332
21.83926000000546,1.860559884886527
21.84093000000546,1.8589067050303925
21.84260000000546,1.8572535251743147
21.844270000005462,1.8556003453181802
21.845940000005463,1.8539471654620456
21.847610000005464,1.852265855066804
21.849280000005464,1.8505813333276535
21.850950000005465,1.848896811588503
21.852620000005466,1.8472122898493808
21.854290000005467,1.8455277681102586
21.855960000005467,1.8438432463711365
21.857630000005468,1.842158724631986
21.85930000000547,1.8404742028928354
21.86097000000547,1.8387896811537416
21.86264000000547,1.837105159414591
21.86431000000547,1.835420637675469
21.86598000000547,1.8337361159363184
21.867650000005472,1.8320515941971962
21.869320000005473,1.830367072458074
21.870990000005474,1.8286825507189235
21.872660000005475,1.8269980289798013
21.874330000005475,1.8253135072406792
21.876000000005476,1.8236289855015286
21.877670000005477,1.8219444637624065
21.879340000005477,1.820259942023256
21.881010000005478,1.8185754202841622
21.88268000000548,1.8168908985450116
21.88435000000548,1.815206376805861
21.88602000000548,1.813551424454829
21.88769000000548,1.8118982445986944
21.88936000000548,1.8102450647425883
21.891030000005482,1.8085918848864821
21.892700000005483,1.8069387050303476
21.894370000005484,1.8052855251742415
21.896040000005485,1.8036323453181353
21.897710000005485,1.8019791654620292
21.899380000005486,1.8003259856058946
21.901050000005487,1.79867280574976
21.902720000005488,1.7970196258936824
21.90439000000549,1.7953664460375478
21.90606000000549,1.7937132661814417
21.90773000000549,1.7920600863253355
21.90940000000549,1.790406906469201
21.91107000000549,1.7887537266130948
21.912740000005492,1.7871005467569603
21.914410000005493,1.7854473669008541
21.916080000005493,1.783794187044748
21.917750000005494,1.7821410071886135
21.919420000005495,1.7804878273325073
21.921090000005496,1.7788346474764012
21.922760000005496,1.7771814676202666
21.924430000005497,1.7755024927479042
21.926100000005498,1.7738179710087536
21.9277700000055,1.7721334492696315
21.9294400000055,1.7704489275305093
21.9311100000055,1.7687644057913587
21.9327800000055,1.7670798840522366
21.9344500000055,1.7653953623131144
21.936120000005502,1.7637108405739923
21.937790000005503,1.7620263188348417
21.939460000005504,1.7603417970957196
21.941130000005504,1.7586572753565974
21.942800000005505,1.7569727536174469
21.944470000005506,1.7552882318783247
21.946140000005506,1.7536037101392026
21.947810000005507,1.7519191884000804
21.949480000005508,1.7502346666609299
21.95115000000551,1.7485501449218077
21.95282000000551,1.7468656231826856
21.95449000000551,1.745181101443535
21.95616000000551,1.7434965797044129
21.95783000000551,1.7418120579652907
21.959500000005512,1.7401275362261401
21.961170000005513,1.738443014487018
21.962840000005514,1.7367584927478958
21.964510000005514,1.7350739710087737
21.966180000005515,1.7333894492696231
21.967850000005516,1.7317049275305294
21.969520000005517,1.7300204057913788
21.971190000005517,1.7283358840522283
21.972860000005518,1.7266513623131061
21.97453000000552,1.724966840573984
21.97620000000552,1.7232823188348618
21.97787000000552,1.7215977970957113
21.97954000000552,1.7199132753566175
21.98121000000552,1.718228753617467
21.982880000005522,1.7165442318783164
21.984550000005523,1.7148597101391942
21.986220000005524,1.713175188400072
21.987890000005525,1.71149066666095
21.989560000005525,1.7098061449217994
21.991230000005526,1.7081216231826772
21.992900000005527,1.706437101443555
21.994570000005528,1.7047525797044045
21.99624000000553,1.7030680579652824
21.99791000000553,1.7013835362261602
21.99958000000553,1.699699014487038
22.00125000000553,1.6036250000165353
22.00292000000553,1.6084680000165292
22.004590000005532,1.6133110000165232
22.006260000005533,1.6181540000165455
22.007930000005533,1.622997000016511
22.009600000005534,1.6278400000165334
22.011270000005535,1.6326830000165273
22.012940000005536,1.6375260000165213
22.014610000005536,1.6423690000165436
22.016280000005537,1.6472120000165376
22.017950000005538,1.6520550000165315
22.01962000000554,1.6568980000165254
22.02129000000554,1.6617410000165478
22.02296000000554,1.6665840000165417
22.02463000000554,1.6714270000165357
22.02630000000554,1.676270000016558
22.027970000005542,1.6811130000165235
22.029640000005543,1.6859560000165459
22.031310000005544,1.6907990000165398
22.032980000005544,1.6956420000165338
22.034650000005545,1.7004850000165561
22.036320000005546,1.70532800001655
22.037990000005546,1.710171000016544
22.039660000005547,1.715014000016538
22.041330000005548,1.7198570000165603
22.04300000000555,1.7247000000165258
22.04467000000555,1.7295430000165481
22.04634000000555,1.7343860000165705
22.04801000000555,1.739229000016536
22.04968000000555,1.7440720000165584
22.051350000005552,1.7489150000165523
22.053020000005553,1.7537580000165462
22.054690000005554,1.7586010000165686
22.056360000005554,1.7634440000165625
22.058030000005555,1.768287000016585
22.059700000005556,1.7731300000165504
22.061370000005557,1.7779730000165728
22.063040000005557,1.7828160000165667
22.064710000005558,1.7876590000165606
22.06638000000556,1.792502000016583
22.06805000000556,1.797345000016577
22.06972000000556,1.8021880000165709
22.07139000000556,1.8070310000165648
22.07306000000556,1.8118740000165872
22.074730000005562,1.816717000016581
22.076400000005563,1.821560000016575
22.078070000005564,1.8264030000165974
22.079740000005565,1.831246000016563
22.081410000005565,1.8360890000165853
22.083080000005566,1.8409320000166076
22.084750000005567,1.8457750000165731
22.086420000005567,1.8506180000165955
22.088090000005568,1.8554610000165894
22.08976000000557,1.8603040000165834
22.09143000000557,1.8651470000166057
22.09310000000557,1.8699900000165997
22.09477000000557,1.874833000016622
22.096440000005572,1.879676000016616
22.098110000005573,1.8845190000166099
22.099780000005573,1.8893620000166322
22.101450000005574,1.8942050000166262
22.103120000005575,1.89904800001662
22.104790000005575,1.9038910000166425
22.106460000005576,1.9087340000166364
22.108130000005577,1.9135770000166588
22.109800000005578,1.9184200000166243
22.11147000000558,1.9232630000166466
22.11314000000558,1.928106000016669
22.11481000000558,1.9329490000166345
22.11648000000558,1.9377920000166569
22.11815000000558,1.9426350000166508
22.119820000005582,1.9474780000166447
22.121490000005583,1.952321000016667
22.123160000005583,1.957164000016661
22.124830000005584,1.962007000016655
22.126500000005585,1.966850000016649
22.128170000005586,1.9716930000166712
22.129840000005586,1.9765360000166652
22.131510000005587,1.9813790000166591
22.133180000005588,1.9862220000166815
22.13485000000559,1.991065000016647
22.13652000000559,1.9959080000166693
22.13819000000559,2.0007510000166917
22.13986000000559,2.0055940000166856
22.14153000000559,2.0104370000166796
22.143200000005592,2.0152800000166735
22.144870000005593,2.020123000016696
22.146540000005594,2.02496600001669
22.148210000005594,2.0298090000166837
22.149880000005595,2.034652000016706
22.151550000005596,2.0394950000166716
22.153220000005597,2.044338000016694
22.154890000005597,2.0491810000167163
22.156560000005598,2.054024000016682
22.1582300000056,2.058867000016704
22.1599000000056,2.0637100000167266
22.1615700000056,2.068553000016692
22.1632400000056,2.0733960000167144
22.1649100000056,2.0782390000167084
22.166580000005602,2.0830820000167023
22.168250000005603,2.0879250000167247
22.169920000005604,2.0927680000167186
22.171590000005605,2.0976110000167125
22.173260000005605,2.1024540000167065
22.174930000005606,2.107297000016729
22.176600000005607,2.1121400000167228
22.178270000005607,2.1169830000167167
22.179940000005608,2.121826000016739
22.18161000000561,2.1266690000167046
22.18328000000561,2.131512000016727
22.18495000000561,2.1363550000167493
22.18662000000561,2.141198000016715
22.188290000005612,2.146041000016737
22.189960000005613,2.150884000016731
22.191630000005613,2.155727000016725
22.193300000005614,2.1605700000167474
22.194970000005615,2.1654130000167413
22.196640000005615,2.1702560000167352
22.198310000005616,2.175099000016729
22.199980000005617,2.1799420000167515
22.201650000005618,2.1847850000167455
22.20332000000562,2.1896280000167394
22.20499000000562,2.1944710000167618
22.20666000000562,2.1993140000167557
22.20833000000562,2.2041570000167496
22.21000000000562,2.209000000016772
22.211670000005622,2.213843000016766
22.213340000005623,2.2186860000167883
22.215010000005623,2.223529000016754
22.216680000005624,2.228372000016776
22.218350000005625,2.2332150000167985
22.220020000005626,2.2380580000167924
22.221690000005626,2.2429010000167864
22.223360000005627,2.2477440000168087
22.225030000005628,2.2525870000168027
22.22670000000563,2.257430000016825
22.22837000000563,2.2622730000167905
22.23004000000563,2.267116000016813
22.23171000000563,2.2719590000168353
22.23338000000563,2.2768020000168008
22.235050000005632,2.281645000016823
22.236720000005633,2.286488000016817
22.238390000005634,2.291331000016811
22.240060000005634,2.2961740000168334
22.241730000005635,2.3010170000168273
22.243400000005636,2.3058600000168212
22.245070000005637,2.310703000016815
22.246740000005637,2.3155460000168375
22.248410000005638,2.3203890000168315
22.25008000000564,2.3252320000168254
22.25175000000564,2.3300750000168478
22.25342000000564,2.3349180000168133
22.25509000000564,2.3397610000168356
22.25676000000564,2.344604000016858
22.258430000005642,2.3494470000168235
22.260100000005643,2.354290000016846
22.261770000005644,2.35913300001684
22.263440000005644,2.3639760000168337
22.265110000005645,2.368819000016856
22.266780000005646,2.37366200001685
22.268450000005647,2.378505000016844
22.270120000005647,2.383348000016838
22.271790000005648,2.3881910000168602
22.27346000000565,2.393034000016854
22.27513000000565,2.397877000016848
22.27680000000565,2.4027200000168705
22.27847000000565,2.407563000016836
22.28014000000565,2.4124060000168583
22.281810000005652,2.4172490000168807
22.283480000005653,2.422092000016846
22.285150000005654,2.4269350000168686
22.286820000005655,2.431778000016891
22.288490000005655,2.4366210000168564
22.290160000005656,2.441464000016879
22.291830000005657,2.4463070000168727
22.293500000005658,2.4511500000168667
22.29517000000566,2.455993000016889
22.29684000000566,2.460836000016883
22.29851000000566,2.465679000016877
22.30018000000566,2.470522000016871
22.30185000000566,2.475365000016893
22.303520000005662,2.4802080000169155
22.305190000005663,2.485051000016881
22.306860000005663,2.4898940000169034
22.308530000005664,2.4947370000168974
22.310200000005665,2.4995800000168913
22.311870000005666,2.5044230000169136
22.313540000005666,2.5092660000169076
22.315210000005667,2.5141090000169015
22.316880000005668,2.5189520000168955
22.31855000000567,2.523795000016918
22.32022000000567,2.52863800001694
22.32189000000567,2.5334810000169057
22.32356000000567,2.538324000016928
22.32523000000567,2.543167000016922
22.326900000005672,2.5480100000169443
22.328570000005673,2.55285300001691
22.330240000005674,2.557696000016932
22.331910000005674,2.5625390000169546
22.333580000005675,2.5673820000169485
22.335250000005676,2.5722250000169424
22.336920000005676,2.5770680000169364
22.338590000005677,2.5819110000169587
22.340260000005678,2.5867540000169242
22.34193000000568,2.5915970000169466
22.34360000000568,2.596440000016969
22.34527000000568,2.6012830000169345
22.34694000000568,2.606126000016957
22.34861000000568,2.6109690000169508
22.350280000005682,2.6158120000169447
22.351950000005683,2.6206550000169386
22.353620000005684,2.625498000016961
22.355290000005684,2.630341000016955
22.356960000005685,2.635184000016949
22.358630000005686,2.640027000016971
22.360300000005687,2.6448700000169367
22.361970000005687,2.649713000016959
22.363640000005688,2.6545560000169814
22.36531000000569,2.659399000016947
22.36698000000569,2.6642420000169693
22.36865000000569,2.6690850000169632
22.37032000000569,2.673928000016957
22.37199000000569,2.678771000016951
22.373660000005692,2.6836140000169735
22.375330000005693,2.6884570000169674
22.377000000005694,2.6933000000169613
22.378670000005695,2.6981430000169837
22.380340000005695,2.702986000016949
22.382010000005696,2.7078290000169716
22.383680000005697,2.712672000016994
22.385350000005698,2.7175150000169594
22.3870200000057,2.722358000016982
22.3886900000057,2.7272010000169757
22.3903600000057,2.732044000016998
22.3920300000057,2.736887000016992
22.3937000000057,2.741730000016986
22.395370000005702,2.7465730000170083
22.397040000005703,2.751416000016974
22.398710000005703,2.756259000016996
22.400380000005704,2.7611020000170186
22.402050000005705,2.765945000016984
22.403720000005706,2.7707880000170064
22.405390000005706,2.7756310000170004
22.407060000005707,2.7804740000169943
22.408730000005708,2.7853170000170167
22.41040000000571,2.7901600000170106
22.41207000000571,2.7950030000170045
22.41374000000571,2.799846000017027
22.41541000000571,2.804689000017021
22.41708000000571,2.8095320000170148
22.418750000005712,2.8143750000170087
22.420420000005713,2.819218000017031
22.422090000005714,2.824061000017025
22.423760000005714,2.828904000017019
22.425430000005715,2.8337470000170413
22.427100000005716,2.838590000017035
22.428770000005716,2.843433000017029
22.430440000005717,2.8482760000170515
22.432110000005718,2.8531190000170454
22.43378000000572,2.857962000017068
22.43545000000572,2.8628050000170333
22.43712000000572,2.8676480000170557
22.43879000000572,2.872491000017078
22.44046000000572,2.877334000017072
22.442130000005722,2.882177000017066
22.443800000005723,2.88702000001706
22.445470000005724,2.891863000017082
22.447140000005724,2.896706000017076
22.448810000005725,2.90154900001707
22.450480000005726,2.9063920000170924
22.452150000005727,2.911235000017058
22.453820000005727,2.9160780000170803
22.455490000005728,2.9209210000171026
22.45716000000573,2.925764000017068
22.45883000000573,2.9306070000170905
22.46050000000573,2.9354500000170844
22.46217000000573,2.9402930000170784
22.46384000000573,2.9451360000171007
22.465510000005732,2.9499790000170947
22.467180000005733,2.9548220000170886
22.468850000005734,2.959665000017111
22.470520000005735,2.964508000017105
22.472190000005735,2.9693510000171273
22.473860000005736,2.9741940000170928
22.475530000005737,2.979037000017115
22.477200000005737,2.9838800000171375
22.478870000005738,2.988723000017103
22.48054000000574,2.9935660000171254
22.48221000000574,2.9984090000171193
22.48388000000574,3.0032520000171132
22.48555000000574,3.0080950000171356
22.487220000005742,3.0129380000171295
22.488890000005743,3.0177810000171235
22.490560000005743,3.0226240000171174
22.492230000005744,3.0274670000171398
22.493900000005745,3.0323100000171337
22.495570000005745,3.0371530000171276
22.497240000005746,3.04199600001715
22.498910000005747,3.0468390000171155
22.500580000005748,3.051682000017138
22.50225000000575,3.05652500001716
22.50392000000575,3.0613680000171257
22.50559000000575,3.066211000017148
22.50726000000575,3.071054000017142
22.50893000000575,3.075897000017136
22.510600000005752,3.0807400000171583
22.512270000005753,3.0855830000171522
22.513940000005753,3.090426000017146
22.515610000005754,3.09526900001714
22.517280000005755,3.1001120000171625
22.518950000005756,3.1049550000171564
22.520620000005756,3.1097980000171503
22.522290000005757,3.1146410000171727
22.523960000005758,3.119484000017138
22.52563000000576,3.1243270000171606
22.52730000000576,3.129170000017183
22.52897000000576,3.1340130000171484
22.53064000000576,3.138856000017171
22.53231000000576,3.143699000017193
22.533980000005762,3.1485420000171587
22.535650000005763,3.153385000017181
22.537320000005764,3.158228000017175
22.538990000005764,3.1630710000171973
22.540660000005765,3.1679140000171913
22.542330000005766,3.172757000017185
22.544000000005767,3.1776000000172075
22.545670000005767,3.1824430000172015
22.547340000005768,3.1872860000171954
22.54901000000577,3.1921290000172178
22.55068000000577,3.1969720000172117
22.55235000000577,3.201815000017234
22.55402000000577,3.2066580000171996
22.55569000000577,3.211501000017222
22.557360000005772,3.2163440000172443
22.559030000005773,3.2211870000172382
22.560700000005774,3.226030000017232
22.562370000005775,3.230873000017226
22.564040000005775,3.2357160000172485
22.565710000005776,3.2405590000172424
22.567380000005777,3.2454020000172363
22.569050000005777,3.2502450000172587
22.570720000005778,3.255088000017224
22.57239000000578,3.2599310000172466
22.57406000000578,3.264774000017269
22.57573000000578,3.2696170000172344
22.57740000000578,3.274460000017257
22.579070000005782,3.2793030000172507
22.580740000005783,3.2841460000172447
22.582410000005783,3.288989000017267
22.584080000005784,3.293832000017261
22.585750000005785,3.298675000017255
22.587420000005785,3.303518000017249
22.589090000005786,3.308361000017271
22.590760000005787,3.313204000017265
22.592430000005788,3.318047000017259
22.59410000000579,3.3228900000172814
22.59577000000579,3.3277330000172753
22.59744000000579,3.3325760000172693
22.59911000000579,3.3374190000172916
22.60078000000579,3.342262000017257
22.602450000005792,3.3471050000172795
22.604120000005793,3.351948000017302
22.605790000005793,3.3567910000172674
22.607460000005794,3.3616340000172897
22.609130000005795,3.3664770000172837
22.610800000005796,3.3713200000172776
22.612470000005796,3.3761630000173
22.614140000005797,3.381006000017294
22.615810000005798,3.385849000017288
22.6174800000058,3.3906920000172818
22.6191500000058,3.395535000017304
22.6208200000058,3.400378000017298
22.6224900000058,3.405221000017292
22.6241600000058,3.4100640000173144
22.625830000005802,3.41490700001728
22.627500000005803,3.4197500000173022
22.629170000005804,3.4245930000173246
22.630840000005804,3.42943600001729
22.632510000005805,3.4342790000173125
22.634180000005806,3.4391220000173064
22.635850000005806,3.4439650000173287
22.637520000005807,3.4488080000172943
22.639190000005808,3.4536510000173166
22.64086000000581,3.458494000017339
22.64253000000581,3.4633370000173045
22.64420000000581,3.468180000017327
22.64587000000581,3.473023000017321
22.64754000000581,3.4778660000173147
22.649210000005812,3.4827090000173087
22.650880000005813,3.487552000017331
22.652550000005814,3.4923950000173534
22.654220000005814,3.497238000017319
22.655890000005815,3.5020810000173412
22.657560000005816,3.506924000017335
22.659230000005817,3.5117670000173575
22.660900000005817,3.5166100000173515
22.662570000005818,3.5214530000173454
22.66424000000582,3.5262960000173678
22.66591000000582,3.5311390000173617
22.66758000000582,3.5359820000173556
22.66925000000582,3.5408250000173496
22.67092000000582,3.545668000017372
22.672590000005822,3.550511000017366
22.674260000005823,3.55535400001736
22.675930000005824,3.560197000017382
22.677600000005825,3.5650400000173477
22.679270000005825,3.56988300001737
22.680940000005826,3.574726000017364
22.682610000005827,3.579569000017358
22.684280000005828,3.5844120000173803
22.68595000000583,3.589255000017374
22.68762000000583,3.594098000017368
22.68929000000583,3.598941000017362
22.69096000000583,3.6037840000173844
22.69263000000583,3.6086270000173784
22.694300000005832,3.6134700000173723
22.695970000005833,3.6183130000173946
22.697640000005833,3.62315600001736
22.699310000005834,3.6279990000173825
22.700980000005835,3.632842000017405
22.702650000005836,3.6376850000173704
22.704320000005836,3.6425280000173927
22.705990000005837,3.6473710000173867
22.707660000005838,3.6522140000173806
22.70933000000584,3.657057000017403
22.71100000000584,3.661900000017397
22.71267000000584,3.666743000017391
22.71434000000584,3.6715860000173848
22.71601000000584,3.676429000017407
22.717680000005842,3.6812720000174295
22.719350000005843,3.686115000017395
22.721020000005844,3.6909580000174174
22.722690000005844,3.6958010000174397
22.724360000005845,3.7006440000174052
22.726030000005846,3.7054870000174276
22.727700000005846,3.7103300000174215
22.729370000005847,3.7151730000174155
22.731040000005848,3.720016000017438
22.73271000000585,3.7248590000174318
22.73438000000585,3.7297020000174257
22.73605000000585,3.7345450000174196
22.73772000000585,3.739388000017442
22.73939000000585,3.744231000017436
22.741060000005852,3.74907400001743
22.742730000005853,3.753917000017452
22.744400000005854,3.7587600000174177
22.746070000005854,3.76360300001744
22.747740000005855,3.7684460000174624
22.749410000005856,3.773289000017428
22.751080000005857,3.7781320000174503
22.752750000005857,3.7829750000174442
22.754420000005858,3.787818000017438
22.75609000000586,3.7926610000174605
22.75776000000586,3.7975040000174545
22.75943000000586,3.802347000017477
22.76110000000586,3.8071900000174423
22.76277000000586,3.8120330000174647
22.764440000005862,3.816876000017487
22.766110000005863,3.821719000017481
22.767780000005864,3.826562000017475
22.769450000005865,3.831405000017469
22.771120000005865,3.836248000017491
22.772790000005866,3.8410910000175136
22.774460000005867,3.845934000017479
22.776130000005868,3.8507770000175015
22.77780000000587,3.8556200000174954
22.77947000000587,3.8604630000174893
22.78114000000587,3.8653060000175117
22.78281000000587,3.8701490000175056
22.78448000000587,3.8749920000174995
22.786150000005872,3.879835000017522
22.787820000005873,3.884678000017516
22.789490000005873,3.8895210000175098
22.791160000005874,3.8943640000175037
22.792830000005875,3.899207000017526
22.794500000005876,3.90405000001752
22.796170000005876,3.908893000017514
22.797840000005877,3.9137360000175363
22.799510000005878,3.9185790000175302
22.80118000000588,3.923422000017524
22.80285000000588,3.9282650000175465
22.80452000000588,3.9331080000175405
22.80619000000588,3.9379510000175344
22.80786000000588,3.9427940000175283
22.809530000005882,3.9476370000175507
22.811200000005883,3.9524800000175446
22.812870000005883,3.9573230000175386
22.814540000005884,3.962166000017561
22.816210000005885,3.9670090000175264
22.817880000005886,3.971852000017549
22.819550000005886,3.976695000017571
22.821220000005887,3.9815380000175367
22.822890000005888,3.986381000017559
22.82456000000589,3.991224000017553
22.82623000000589,3.996067000017547
22.82790000000589,4.000910000017569
22.82957000000589,4.005753000017563
22.83124000000589,4.010596000017557
22.832910000005892,4.015439000017551
22.834580000005893,4.020282000017573
22.836250000005894,4.025125000017567
22.837920000005894,4.029968000017561
22.839590000005895,4.034811000017584
22.841260000005896,4.039654000017549
22.842930000005897,4.0444970000175715
22.844600000005897,4.049340000017594
22.846270000005898,4.054183000017559
22.8479400000059,4.059026000017582
22.8496100000059,4.063869000017604
22.8512800000059,4.06871200001757
22.8529500000059,4.073555000017592
22.8546200000059,4.078398000017586
22.856290000005902,4.08324100001758
22.857960000005903,4.088084000017602
22.859630000005904,4.092927000017596
22.861300000005905,4.09777000001759
22.862970000005905,4.102613000017584
22.864640000005906,4.107456000017606
22.866310000005907,4.1122990000176
22.867980000005907,4.117142000017594
22.869650000005908,4.121985000017617
22.87132000000591,4.1268280000176105
22.87299000000591,4.1316710000176045
22.87466000000591,4.136514000017627
22.87633000000591,4.141357000017621
22.878000000005912,4.146200000017643
22.879670000005913,4.151043000017609
22.881340000005913,4.155886000017631
22.883010000005914,4.160729000017653
22.884680000005915,4.165572000017647
22.886350000005915,4.170415000017641
22.888020000005916,4.175258000017635
22.889690000005917,4.1801010000176575
22.891360000005918,4.18494400001768
22.89303000000592,4.189787000017645
22.89470000000592,4.194630000017668
22.89637000000592,4.199473000017662
22.89804000000592,4.204316000017656
22.89971000000592,4.209159000017678
22.901380000005922,4.214002000017672
22.903050000005923,4.218845000017666
22.904720000005923,4.22368800001766
22.906390000005924,4.228531000017682
22.908060000005925,4.233374000017676
22.909730000005926,4.23821700001767
22.911400000005926,4.243060000017692
22.913070000005927,4.247903000017686
22.914740000005928,4.25274600001768
22.91641000000593,4.257589000017703
22.91808000000593,4.262432000017668
22.91975000000593,4.2672750000176904
22.92142000000593,4.272118000017713
22.92309000000593,4.276961000017678
22.924760000005932,4.281804000017701
22.926430000005933,4.286647000017695
22.928100000005934,4.2914900000176885
22.929770000005934,4.296333000017711
22.931440000005935,4.301176000017705
22.933110000005936,4.306019000017699
22.934780000005937,4.310862000017693
22.936450000005937,4.315705000017715
22.938120000005938,4.320548000017709
22.93979000000594,4.325391000017703
22.94146000000594,4.330234000017725
22.94313000000594,4.335077000017691
22.94480000000594,4.339920000017713
22.94647000000594,4.344763000017707
22.948140000005942,4.349606000017701
22.949810000005943,4.354449000017723
22.951480000005944,4.359292000017717
22.953150000005945,4.364135000017711
22.954820000005945,4.368978000017705
22.956490000005946,4.373821000017728
22.958160000005947,4.3786640000177215
22.959830000005947,4.383507000017715
22.961500000005948,4.388350000017738
22.96317000000595,4.393193000017703
22.96484000000595,4.398036000017726
22.96651000000595,4.40287900001772
22.96818000000595,4.407722000017742
22.969850000005952,4.412565000017736
22.971520000005953,4.41740800001773
22.973190000005953,4.422251000017752
22.974860000005954,4.427094000017718
22.976530000005955,4.43193700001774
22.978200000005955,4.436780000017734
22.979870000005956,4.441623000017728
22.981540000005957,4.44646600001775
22.983210000005958,4.451309000017744
22.98488000000596,4.456152000017767
22.98655000000596,4.460995000017732
22.98822000000596,4.465838000017754
22.98989000000596,4.470681000017777
22.99156000000596,4.475524000017771
22.993230000005962,4.480367000017765
22.994900000005963,4.485210000017759
22.996570000005963,4.490053000017781
22.998240000005964,4.494896000017775
22.999910000005965,4.499739000017769
23.001580000005966,4.503828461553354
23.003250000005966,4.507875000014877
23.004920000005967,4.5119215384764
23.006590000005968,4.515968076937952
23.00826000000597,4.5200146153995036
23.00993000000597,4.524061153861027
23.01160000000597,4.528107692322578
23.01327000000597,4.53215423078413
23.01494000000597,4.536136037749941
23.016610000005972,4.539964433976365
23.018280000005973,4.5437928302027615
23.019950000005974,4.547621226429186
23.021620000005974,4.551449622655582
23.023290000005975,4.555278018882035
23.024960000005976,4.559106415108431
23.026630000005976,4.562934811334827
23.028300000005977,4.56676320756128
23.029970000005978,4.570591603787676
23.03164000000598,4.574420000014101
23.03331000000598,4.578248396240525
23.03498000000598,4.582076792466921
23.03665000000598,4.585905188693346
23.03832000000598,4.58973358491977
23.039990000005982,4.593561981146195
23.041660000005983,4.597390377372591
23.043330000005984,4.601218773599015
23.045000000005984,4.60504716982544
23.046670000005985,4.608875566051836
23.048340000005986,4.612703962278289
23.050010000005987,4.616532358504685
23.051680000005987,4.620360754731081
23.053350000005988,4.624189150957534
23.05502000000599,4.62801754718393
23.05669000000599,4.6318459434103545
23.05836000000599,4.635674339636779
23.06003000000599,4.6395027358632035
23.06170000000599,4.6433311320896
23.063370000005992,4.6471595283160525
23.065040000005993,4.650987924542449
23.066710000005994,4.654816320768873
23.068380000005995,4.658644716995298
23.070050000005995,4.662473113221722
23.071720000005996,4.666301509448118
23.073390000005997,4.670129905674571
23.075060000005998,4.673958301900967
23.076730000006,4.677786698127392
23.078400000006,4.681615094353816
23.080070000006,4.685443490580212
23.081740000006,4.689271886806637
23.083410000006,4.693100283033061
23.085080000006002,4.696928679259486
23.086750000006003,4.700757075485882
23.088420000006003,4.704585471712306
23.090090000006004,4.708413867938731
23.091760000006005,4.712242264165127
23.093430000006006,4.716070660391551
23.095100000006006,4.719899056617976
23.096770000006007,4.723727452844372
23.098440000006008,4.7275558490707965
23.10011000000601,4.731384245297193
23.10178000000601,4.7352126415236455
23.10345000000601,4.739041037750042
23.10512000000601,4.742869433976438
23.10679000000601,4.746697830202862
23.108460000006012,4.750526226429287
23.110130000006013,4.754354622655711
23.111800000006014,4.758183018882107
23.113470000006014,4.762011415108503
23.115140000006015,4.765839811334956
23.116810000006016,4.769668207561352
23.118480000006016,4.773496603787777
23.120150000006017,4.777325000014201
23.121820000006018,4.781153396240597
23.12349000000602,4.784981792467022
23.12516000000602,4.788810188693446
23.12683000000602,4.792638584919871
23.12850000000602,4.796466981146267
23.13017000000602,4.8002953773726915
23.131840000006022,4.804123773599116
23.133510000006023,4.807952169825512
23.135180000006024,4.811780566051965
23.136850000006024,4.815608962278361
23.138520000006025,4.819437358504786
23.140190000006026,4.82326575473121
23.141860000006027,4.827094150957635
23.143530000006027,4.830922547184031
23.145200000006028,4.834750943410484
23.14687000000603,4.83857933963688
23.14854000000603,4.842407735863304
23.15021000000603,4.846236132089729
23.15188000000603,4.850064528316153
23.15355000000603,4.853892924542549
23.155220000006032,4.857721320768974
23.156890000006033,4.861549716995398
23.158560000006034,4.865378113221794
23.160230000006035,4.869206509448247
23.161900000006035,4.873034905674643
23.163570000006036,4.8768633019010394
23.165240000006037,4.880691698127492
23.166910000006038,4.8845200943538885
23.16858000000604,4.888348490580313
23.17025000000604,4.8921768868067375
23.17192000000604,4.8960052830331335
23.17359000000604,4.899833679259558
23.17526000000604,4.9036620754859825
23.176930000006042,4.907490471712407
23.178600000006043,4.911318867938803
23.180270000006043,4.915147264165228
23.181940000006044,4.918975660391652
23.183610000006045,4.922804056618048
23.185280000006045,4.926632452844501
23.186950000006046,4.930460849070897
23.188620000006047,4.934289245297293
23.190290000006048,4.938117641523718
23.19196000000605,4.941946037750142
23.19363000000605,4.945774433976567
23.19530000000605,4.949602830202963
23.19697000000605,4.953431226429387
23.19864000000605,4.957259622655812
23.200310000006052,4.961088018882208
23.201980000006053,4.964916415108661
23.203650000006053,4.968744811335057
23.205320000006054,4.972573207561453
23.206990000006055,4.9764016037878775
23.208660000006056,4.980230000014302
23.210330000006056,4.9840583962407266
23.212000000006057,4.987886792467151
23.213670000006058,4.991715188693547
23.21534000000606,4.99554358492
23.21701000000606,4.999371981146396
23.21868000000606,5.003200377372821
23.22035000000606,5.007028773599217
23.22202000000606,5.010857169825641
23.223690000006062,5.014685566052066
23.225360000006063,5.018513962278462
23.227030000006064,5.022342358504915
23.228700000006064,5.026170754731311
23.230370000006065,5.029999150957735
23.232040000006066,5.03382754718416
23.233710000006067,5.037655943410556
23.235380000006067,5.04148433963698
23.237050000006068,5.045312735863405
23.23872000000607,5.049141132089829
23.24039000000607,5.0529695283162255
23.24206000000607,5.05679792454265
23.24373000000607,5.0606263207690745
23.24540000000607,5.064454716995471
23.247070000006072,5.0682831132219235
23.248740000006073,5.07211150944832
23.250410000006074,5.075993461553622
23.252080000006075,5.080040000015174
23.253750000006075,5.0840865384767255
23.255420000006076,5.088133076938249
23.257090000006077,5.0921796153998
23.258760000006077,5.096226153861352
23.260430000006078,5.100272692322875
23.26210000000608,5.1043192307844265
23.26377000000608,5.108365769245978
23.26544000000608,5.112282264165316
23.26711000000608,5.11611066039174
23.268780000006082,5.119939056618165
23.270450000006083,5.123767452844561
23.272120000006083,5.127595849070985
23.273790000006084,5.13142424529741
23.275460000006085,5.135252641523806
23.277130000006085,5.1390810377502305
23.278800000006086,5.142909433976655
23.280470000006087,5.1467378302030795
23.282140000006088,5.150566226429476
23.28381000000609,5.1543946226559285
23.28548000000609,5.158223018882325
23.28715000000609,5.162051415108749
23.28882000000609,5.165879811335174
23.29049000000609,5.169708207561598
23.292160000006092,5.173536603787994
23.293830000006093,5.177365000014447
23.295500000006093,5.181193396240843
23.297170000006094,5.185021792467268
23.298840000006095,5.188850188693692
23.300510000006096,5.192678584920088
23.302180000006096,5.196506981146513
23.303850000006097,5.200335377372937
23.305520000006098,5.204163773599362
23.3071900000061,5.207992169825758
23.3088600000061,5.211820566052182
23.3105300000061,5.215648962278607
23.3122000000061,5.219477358505003
23.3138700000061,5.223305754731456
23.315540000006102,5.227134150957852
23.317210000006103,5.230962547184248
23.318880000006104,5.2347909434106725
23.320550000006104,5.238619339637097
23.322220000006105,5.2424477358635215
23.323890000006106,5.246276132089918
23.325560000006107,5.250104528316314
23.327230000006107,5.253932924542767
23.328900000006108,5.257761320769163
23.33057000000611,5.261589716995587
23.33224000000611,5.265418113221983
23.33391000000611,5.269246509448408
23.33558000000611,5.273074905674832
23.33725000000611,5.276903301901228
23.338920000006112,5.280731698127681
23.340590000006113,5.284560094354077
23.342260000006114,5.2883884905804734
23.343930000006115,5.292216886806926
23.345600000006115,5.2960452830333224
23.347270000006116,5.299873679259747
23.348940000006117,5.3037020754861715
23.350610000006117,5.3075304717125675
23.352280000006118,5.311358867938992
23.35395000000612,5.315187264165388
23.35562000000612,5.319015660391841
23.35729000000612,5.322844056618237
23.35896000000612,5.326672452844662
23.36063000000612,5.330500849071086
23.362300000006123,5.334329245297511
23.363970000006123,5.338157641523907
23.365640000006124,5.34198603775036
23.367310000006125,5.345814433976756
23.368980000006125,5.34964283020318
23.370650000006126,5.353471226429605
23.372320000006127,5.357299622656029
23.373990000006128,5.361128018882425
23.37566000000613,5.364956415108878
23.37733000000613,5.368784811335274
23.37900000000613,5.37261320756167
23.38067000000613,5.376441603788123
23.38234000000613,5.380270000014519
23.384010000006132,5.384098396240944
23.385680000006133,5.387926792467368
23.387350000006133,5.3917551886937645
23.389020000006134,5.395583584920189
23.390690000006135,5.3994119811466135
23.392360000006136,5.403240377373038
23.394030000006136,5.407068773599434
23.395700000006137,5.4108971698258586
23.397370000006138,5.414725566052283
23.39904000000614,5.418553962278679
23.40071000000614,5.422382358505132
23.40238000000614,5.426210754731528
23.40405000000614,5.430039150957924
23.40572000000614,5.433867547184377
23.407390000006142,5.437695943410773
23.409060000006143,5.441524339637198
23.410730000006144,5.445352735863622
23.412400000006144,5.449181132090018
23.414070000006145,5.453009528316443
23.415740000006146,5.456837924542867
23.417410000006146,5.460666320769292
23.419080000006147,5.464494716995688
23.420750000006148,5.468323113222112
23.42242000000615,5.472151509448537
23.42409000000615,5.475979905674933
23.42576000000615,5.4798083019013575
23.42743000000615,5.483636698127782
23.42910000000615,5.4874650943542065
23.430770000006152,5.491293490580603
23.432440000006153,5.495121886807027
23.434110000006154,5.498950283033452
23.435780000006154,5.502778679259876
23.437450000006155,5.506607075486272
23.439120000006156,5.510435471712697
23.440790000006157,5.514263867939121
23.442460000006157,5.518092264165546
23.444130000006158,5.521920660391942
23.44580000000616,5.525749056618338
23.44747000000616,5.529577452844791
23.44914000000616,5.533405849071187
23.45081000000616,5.537234245297611
23.45248000000616,5.541062641524036
23.454150000006162,5.544891037750432
23.455820000006163,5.548719433976856
23.457490000006164,5.552547830203281
23.459160000006165,5.556376226429705
23.460830000006165,5.5602046226561015
23.462500000006166,5.564033018882526
23.464170000006167,5.5678614151089505
23.465840000006168,5.571689811335347
23.46751000000617,5.5755182075617995
23.46918000000617,5.579346603788196
23.47085000000617,5.583175000014592
23.47252000000617,5.587003396241045
23.47419000000617,5.590831792467441
23.475860000006172,5.594660188693865
23.477530000006173,5.59848858492029
23.479200000006173,5.602316981146686
23.480870000006174,5.60614537737311
23.482540000006175,5.609973773599535
23.484210000006176,5.613802169825959
23.485880000006176,5.617630566052355
23.487550000006177,5.62145896227878
23.489220000006178,5.625287358505204
23.49089000000618,5.6291157547316
23.49256000000618,5.632944150958053
23.49423000000618,5.636772547184449
23.49590000000618,5.6406009434108455
23.49757000000618,5.644429339637298
23.499240000006182,5.6482577358636945
23.500910000006183,5.652205000015471
23.502580000006184,5.656251538477022
23.504250000006184,5.660298076938574
23.505920000006185,5.664344615400097
23.507590000006186,5.668391153861677
23.509260000006186,5.6724376923232
23.510930000006187,5.676484230784752
23.512600000006188,5.680530769246303
23.51427000000619,5.684577307707826
23.51594000000619,5.688428490580719
23.51761000000619,5.692256886807144
23.51928000000619,5.696085283033568
23.52095000000619,5.699913679259964
23.522620000006192,5.703742075486389
23.524290000006193,5.707570471712813
23.525960000006194,5.711398867939238
23.527630000006194,5.715227264165634
23.529300000006195,5.719055660392087
23.530970000006196,5.722884056618483
23.532640000006197,5.726712452844879
23.534310000006197,5.730540849071332
23.535980000006198,5.734369245297728
23.5376500000062,5.7381976415241525
23.5393200000062,5.7420260377505485
23.5409900000062,5.745854433976973
23.5426600000062,5.7496828302033975
23.5443300000062,5.753511226429794
23.546000000006202,5.757339622656218
23.547670000006203,5.761168018882643
23.549340000006204,5.764996415109039
23.551010000006205,5.768824811335463
23.552680000006205,5.772653207561859
23.554350000006206,5.776481603788312
23.556020000006207,5.780310000014708
23.557690000006207,5.784138396241104
23.55936000000621,5.787966792467557
23.56103000000621,5.791795188693953
23.56270000000621,5.795623584920378
23.56437000000621,5.799451981146802
23.56604000000621,5.8032803773731985
23.567710000006212,5.807108773599623
23.569380000006213,5.8109371698260475
23.571050000006213,5.814765566052472
23.572720000006214,5.818593962278868
23.574390000006215,5.8224223585052926
23.576060000006215,5.826250754731717
23.577730000006216,5.830079150958113
23.579400000006217,5.833907547184566
23.581070000006218,5.837735943410991
23.58274000000622,5.841564339637387
23.58441000000622,5.84539273586384
23.58608000000622,5.849221132090236
23.58775000000622,5.85304952831666
23.58942000000622,5.856877924543085
23.591090000006222,5.860706320769481
23.592760000006223,5.864534716995905
23.594430000006223,5.86836311322233
23.596100000006224,5.872191509448754
23.597770000006225,5.87601990567515
23.599440000006226,5.879848301901546
23.601110000006226,5.883676698127999
23.602780000006227,5.887505094354395
23.604450000006228,5.89133349058082
23.60612000000623,5.895161886807244
23.60779000000623,5.8989902830336405
23.60946000000623,5.902818679260065
23.61113000000623,5.9066470754864895
23.61280000000623,5.910475471712914
23.614470000006232,5.91430386793931
23.616140000006233,5.918132264165735
23.617810000006234,5.921960660392159
23.619480000006234,5.925789056618555
23.621150000006235,5.929617452845008
23.622820000006236,5.933445849071404
23.624490000006237,5.9372742452978
23.626160000006237,5.941102641524253
23.627830000006238,5.944931037750649
23.62950000000624,5.948759433977074
23.63117000000624,5.952587830203498
23.63284000000624,5.956416226429894
23.63451000000624,5.960244622656319
23.63618000000624,5.964073018882743
23.637850000006242,5.967901415109168
23.639520000006243,5.971729811335564
23.641190000006244,5.975558207561988
23.642860000006245,5.979386603788413
23.644530000006245,5.983215000014809
23.646200000006246,5.987043396241262
23.647870000006247,5.990871792467658
23.649540000006247,5.9947001886940825
23.651210000006248,5.998528584920479
23.65288000000625,6.0023569811469315
23.65455000000625,6.006185377373328
23.65622000000625,6.010013773599752
23.65789000000625,6.013842169826148
23.659560000006252,6.017670566052601
23.661230000006253,6.021498962278997
23.662900000006253,6.025327358505422
23.664570000006254,6.029155754731818
23.666240000006255,6.032984150958242
23.667910000006255,6.036812547184667
23.669580000006256,6.040640943411063
23.671250000006257,6.044469339637516
23.672920000006258,6.048297735863912
23.67459000000626,6.052126132090336
23.67626000000626,6.055954528316761
23.67793000000626,6.059782924543157
23.67960000000626,6.063611320769581
23.68127000000626,6.0674397169959775
23.682940000006262,6.07126811322243
23.684610000006263,6.0750965094488265
23.686280000006263,6.078924905675223
23.687950000006264,6.0827533019016755
23.689620000006265,6.086581698128072
23.691290000006266,6.090410094354496
23.692960000006266,6.094238490580921
23.694630000006267,6.098066886807317
23.696300000006268,6.101895283033741
23.69797000000627,6.105723679260166
23.69964000000627,6.10955207548659
23.70131000000627,6.113380471712986
23.70298000000627,6.117208867939411
23.70465000000627,6.121037264165835
23.706320000006272,6.124865660392231
23.707990000006273,6.128694056618684
23.709660000006274,6.13252245284508
23.711330000006274,6.136350849071476
23.713000000006275,6.140179245297929
23.714670000006276,6.144007641524325
23.716340000006277,6.14783603775075
23.718010000006277,6.151664433977174
23.719680000006278,6.1554928302035705
23.72135000000628,6.159321226429995
23.72302000000628,6.1631496226564195
23.72469000000628,6.166978018882844
23.72636000000628,6.17080641510924
23.72803000000628,6.174634811335693
23.729700000006282,6.178463207562089
23.731370000006283,6.182291603788514
23.733040000006284,6.186120000014938
23.734710000006285,6.189948396241363
23.736380000006285,6.193776792467759
23.738050000006286,6.197605188694212
23.739720000006287,6.201433584920608
23.741390000006287,6.205261981147032
23.743060000006288,6.209090377373457
23.74473000000629,6.212918773599853
23.74640000000629,6.216747169826277
23.74807000000629,6.220575566052702
23.74974000000629,6.224403962279126
23.75141000000629,6.228416538477347
23.753080000006292,6.232463076938899
23.754750000006293,6.236509615400422
23.756420000006294,6.240556153861974
23.758090000006295,6.244602692323497
23.759760000006295,6.248649230785048
23.761430000006296,6.2526957692466
23.763100000006297,6.256742307708123
23.764770000006298,6.26074632076967
23.7664400000063,6.264574716996123
23.7681100000063,6.268403113222519
23.7697800000063,6.272231509448915
23.7714500000063,6.276059905675339
23.7731200000063,6.279888301901764
23.774790000006302,6.283716698128188
23.776460000006303,6.287545094354584
23.778130000006303,6.29137349058098
23.779800000006304,6.295201886807433
23.781470000006305,6.299030283033829
23.783140000006306,6.302858679260254
23.784810000006306,6.306687075486678
23.786480000006307,6.3105154717130745
23.788150000006308,6.314343867939499
23.78982000000631,6.3181722641659235
23.79149000000631,6.322000660392348
23.79316000000631,6.325829056618744
23.79483000000631,6.329657452845197
23.79650000000631,6.333485849071593
23.798170000006312,6.337314245298018
23.799840000006313,6.341142641524442
23.801510000006314,6.344971037750867
23.803180000006314,6.348799433977263
23.804850000006315,6.352627830203716
23.806520000006316,6.356456226430112
23.808190000006316,6.360284622656536
23.809860000006317,6.364113018882961
23.811530000006318,6.367941415109357
23.81320000000632,6.371769811335781
23.81487000000632,6.375598207562206
23.81654000000632,6.37942660378863
23.81821000000632,6.383255000015026
23.81988000000632,6.387083396241451
23.821550000006322,6.390911792467875
23.823220000006323,6.394740188694271
23.824890000006324,6.398568584920724
23.826560000006324,6.40239698114712
23.828230000006325,6.406225377373545
23.829900000006326,6.410053773599969
23.831570000006327,6.4138821698263655
23.833240000006327,6.41771056605279
23.834910000006328,6.4215389622792145
23.83658000000633,6.425367358505639
23.83825000000633,6.429195754732035
23.83992000000633,6.43302415095846
23.84159000000633,6.436852547184884
23.84326000000633,6.44068094341128
23.844930000006332,6.444509339637733
23.846600000006333,6.448337735864129
23.848270000006334,6.452166132090525
23.849940000006335,6.45599452831695
23.851610000006335,6.459822924543374
23.853280000006336,6.463651320769799
23.854950000006337,6.467479716996195
23.856620000006338,6.471308113222619
23.85829000000634,6.475136509449044
23.85996000000634,6.47896490567544
23.86163000000634,6.482793301901893
23.86330000000634,6.486621698128289
23.86497000000634,6.490450094354685
23.866640000006342,6.494278490581138
23.868310000006343,6.498106886807534
23.869980000006343,6.5019352830339585
23.871650000006344,6.505763679260383
23.873320000006345,6.5095920754868075
23.874990000006346,6.513420471713204
23.876660000006346,6.517248867939628
23.878330000006347,6.521077264166053
23.880000000006348,6.524905660392477
23.88167000000635,6.528734056618873
23.88334000000635,6.532562452845298
23.88501000000635,6.536390849071722
23.88668000000635,6.540219245298147
23.88835000000635,6.544047641524543
23.890020000006352,6.547876037750939
23.891690000006353,6.551704433977392
23.893360000006354,6.555532830203788
23.895030000006354,6.559361226430212
23.896700000006355,6.563189622656637
23.898370000006356,6.567018018883033
23.900040000006356,6.570846415109457
23.901710000006357,6.574674811335882
23.903380000006358,6.578503207562306
23.90505000000636,6.5823316037887025
23.90672000000636,6.586160000015127
23.90839000000636,6.5899883962415515
23.91006000000636,6.593816792467948
23.91173000000636,6.5976451886944005
23.913400000006362,6.601473584920797
23.915070000006363,6.605301981147193
23.916740000006364,6.609130377373646
23.918410000006364,6.612958773600042
23.920080000006365,6.616787169826466
23.921750000006366,6.620615566052891
23.923420000006367,6.624443962279287
23.925090000006367,6.628272358505711
23.926760000006368,6.632100754732136
23.92843000000637,6.63592915095856
23.93010000000637,6.639757547184956
23.93177000000637,6.6435859434113524
23.93344000000637,6.647414339637805
23.93511000000637,6.6512427358642014
23.936780000006372,6.655071132090626
23.938450000006373,6.6588995283170505
23.940120000006374,6.6627279245434465
23.941790000006375,6.666556320769871
23.943460000006375,6.6703847169962955
23.945130000006376,6.67421311322272
23.946800000006377,6.678041509449116
23.948470000006377,6.681869905675569
23.950140000006378,6.685698301901965
23.95181000000638,6.68952669812839
23.95348000000638,6.6933550943548425
23.95515000000638,6.697183490581239
23.95682000000638,6.701011886807635
23.958490000006382,6.704840283034088
23.960160000006383,6.708668679260484
23.961830000006383,6.712497075486908
23.963500000006384,6.716325471713333
23.965170000006385,6.720153867939729
23.966840000006385,6.723982264166153
23.968510000006386,6.727810660392578
23.970180000006387,6.731639056619002
23.971850000006388,6.735467452845398
23.97352000000639,6.739295849071851
23.97519000000639,6.743124245298247
23.97686000000639,6.7469526415246435
23.97853000000639,6.750781037751096
23.98020000000639,6.7546094339774925
23.981870000006392,6.758437830203917
23.983540000006393,6.762266226430313
23.985210000006393,6.766094622656738
23.986880000006394,6.769923018883162
23.988550000006395,6.773751415109558
23.990220000006396,6.777579811335983
23.991890000006396,6.781408207562407
23.993560000006397,6.785236603788803
23.995230000006398,6.789065000015228
23.9969000000064,6.792893396241624
23.9985700000064,6.796721792468077
24.0002400000064,6.799909370627063
24.0019100000064,6.7992787412564155
24.0035800000064,6.798648111885797
24.005250000006402,6.798017482515178
24.006920000006403,6.7973868531445305
24.008590000006404,6.796756223773912
24.010260000006404,6.796125594403264
24.011930000006405,6.795494965032617
24.013600000006406,6.794864335661998
24.015270000006407,6.794341543737801
24.016940000006407,6.793929056602309
24.018610000006408,6.793516569466789
24.02028000000641,6.793104082331297
24.02195000000641,6.792691595195805
24.02362000000641,6.792279108060285
24.02529000000641,6.791866620924793
24.02696000000641,6.791454133789273
24.028630000006412,6.791041646653781
24.030300000006413,6.790629159518289
24.031970000006414,6.790051347706651
24.033640000006415,6.789443665765958
24.035310000006415,6.788835983825265
24.036980000006416,6.788228301884573
24.038650000006417,6.78762061994388
24.040320000006417,6.7870129380031585
24.041990000006418,6.786405256062466
24.04366000000642,6.7857975741217444
24.04533000000642,6.785189892181052
24.04700000000642,6.784686106345049
24.04867000000642,6.784273619209529
24.050340000006422,6.7838611320740085
24.052010000006423,6.783448644938488
24.053680000006423,6.7830361578029965
24.055350000006424,6.782623670667505
24.057020000006425,6.7822111835319845
24.058690000006425,6.781798696396493
24.060360000006426,6.781386209260944
24.062030000006427,6.780973722125452
24.063700000006428,6.780561234989932
24.06537000000643,6.78014874785444
24.06704000000643,6.77973626071892
24.06871000000643,6.779323773583428
24.07038000000643,6.778911286447908
24.07205000000643,6.778498799312388
24.073720000006432,6.7780863121768675
24.075390000006433,6.777673825041376
24.077060000006433,6.777215363879094
24.078730000006434,6.7766076819384296
24.080400000006435,6.775999999997737
24.082070000006436,6.7753923180570155
24.083740000006436,6.774784636116323
24.085410000006437,6.774176954175601
24.087080000006438,6.773569272234909
24.08875000000644,6.772961590294216
24.09042000000644,6.772353908353523
24.09209000000644,6.77174622641283
24.09376000000644,6.771318284732615
24.09543000000644,6.770905797597123
24.097100000006442,6.770493310461632
24.098770000006443,6.770080823326111
24.100440000006444,6.76966833619062
24.102110000006444,6.769255849055099
24.103780000006445,6.768843361919608
24.105450000006446,6.768430874784116
24.107120000006447,6.7680183876485955
24.108790000006447,6.767455121291533
24.110460000006448,6.766847439350812
24.11213000000645,6.766239757410148
24.11380000000645,6.765632075469426
24.11547000000645,6.7650243935287335
24.11714000000645,6.764416711588041
24.11881000000645,6.7638090296473194
24.120480000006452,6.763201347706627
24.122150000006453,6.762593665765905
24.123820000006454,6.762075334475355
24.125490000006454,6.7616628473398634
24.127160000006455,6.761250360204343
24.128830000006456,6.760837873068823
24.130500000006457,6.760425385933303
24.132170000006457,6.760012898797811
24.133840000006458,6.759600411662319
24.13551000000646,6.759187924526799
24.13718000000646,6.758775437391307
24.13885000000646,6.758362950255787
24.14052000000646,6.757950463120267
24.14219000000646,6.7575379759847465
24.143860000006462,6.757125488849226
24.145530000006463,6.7567130017137345
24.147200000006464,6.756300514578214
24.148870000006465,6.755888027442722
24.150540000006465,6.755475540307202
24.152210000006466,6.755063053171682
24.153880000006467,6.754619137463976
24.155550000006468,6.754011455523283
24.15722000000647,6.7534037735825905
24.15889000000647,6.752796091641898
24.16056000000647,6.752188409701176
24.16223000000647,6.751580727760484
24.16390000000647,6.750973045819762
24.165570000006472,6.7503653638790695
24.167240000006473,6.749757681938405
24.168910000006473,6.749149999997684
24.170580000006474,6.74870751286295
24.172250000006475,6.74829502572743
24.173920000006476,6.747882538591938
24.175590000006476,6.747470051456446
24.177260000006477,6.747057564320926
24.178930000006478,6.746645077185434
24.18060000000648,6.746232590049914
24.18227000000648,6.745820102914422
24.18394000000648,6.74540761577893
24.18561000000648,6.744858894876387
24.18728000000648,6.744251212935694
24.188950000006482,6.743643530995001
24.190620000006483,6.7430358490543085
24.192290000006484,6.742428167113616
24.193960000006484,6.7418204851728945
24.195630000006485,6.741212803232202
24.197300000006486,6.74060512129148
24.198970000006486,6.7399974393507875
24.200640000006487,6.73946456260569
24.202310000006488,6.73905207547017
24.20398000000649,6.738639588334678
24.20565000000649,6.738227101199158
24.20732000000649,6.7378146140636375
24.20899000000649,6.737402126928117
24.21066000000649,6.736989639792625
24.212330000006492,6.736577152657105
24.214000000006493,6.736164665521613
24.215670000006494,6.735752178386093
24.217340000006494,6.735339691250601
24.219010000006495,6.734927204115053
24.220680000006496,6.734514716979561
24.222350000006497,6.734102229844041
24.224020000006497,6.733689742708549
24.225690000006498,6.733277255573057
24.2273600000065,6.732864768437537
24.2290300000065,6.732452281302045
24.2307000000065,6.73202291104883
24.2323700000065,6.7314152291081655
24.2340400000065,6.730807547167473
24.235710000006502,6.730199865226751
24.237380000006503,6.729592183286059
24.239050000006504,6.728984501345337
24.240720000006505,6.7283768194046445
24.242390000006505,6.727769137463952
24.244060000006506,6.72716145552323
24.245730000006507,6.726553773582566
24.247400000006508,6.726096740993256
24.24907000000651,6.725684253857764
24.25074000000651,6.7251751048926565
24.25241000000651,6.724544475522009
24.25408000000651,6.72391384615139
24.25575000000651,6.7232832167807715
24.257420000006512,6.722652587410153
24.259090000006513,6.722021958039505
24.260760000006513,6.7213913286688864
24.262430000006514,6.720760699298268
24.264100000006515,6.72013006992762
24.265770000006516,6.719672590049896
24.267440000006516,6.719260102914376
24.269110000006517,6.718847615778856
24.270780000006518,6.718435128643364
24.27245000000652,6.718022641507844
24.27412000000652,6.717610154372352
24.27579000000652,6.717197667236832
24.27746000000652,6.716692452827829
24.27913000000652,6.716084770887136
24.280800000006522,6.715477088946415
24.282470000006523,6.714869407005722
24.284140000006524,6.7142617250650005
24.285810000006524,6.713654043124308
24.287480000006525,6.713046361183615
24.289150000006526,6.712438679242922
24.290820000006526,6.711830997302201
24.292490000006527,6.711254614063591
24.294160000006528,6.710842126928071
24.29583000000653,6.710429639792579
24.29750000000653,6.710017152657031
24.29917000000653,6.709604665521539
24.30084000000653,6.709192178386019
24.30251000000653,6.708779691250527
24.304180000006532,6.708367204115035
24.305850000006533,6.707954716979515
24.307520000006534,6.7075398921808755
24.309190000006534,6.706932210240183
24.310860000006535,6.70632452829949
24.312530000006536,6.705716846358797
24.314200000006537,6.705109164418076
24.315870000006537,6.704501482477383
24.317540000006538,6.703893800536662
24.31921000000654,6.703286118595969
24.32088000000654,6.702678436655276
24.32255000000654,6.702070754714583
24.32422000000654,6.701599176670783
24.32589000000654,6.7011866895352625
24.327560000006542,6.700774202399771
24.329230000006543,6.700361715264279
24.330900000006544,6.699949228128759
24.332570000006545,6.6995367409932385
24.334240000006545,6.699124253857718
24.335910000006546,6.6987117667222265
24.337580000006547,6.698299279586735
24.339250000006547,6.697886792451214
24.340920000006548,6.697474305315723
24.34259000000655,6.697061818180202
24.34426000000655,6.696649331044711
24.34593000000655,6.696236843909219
24.34760000000655,6.69582435677367
24.349270000006552,6.695411869638178
24.350940000006553,6.694999382502658
24.352610000006553,6.694586895367166
24.354280000006554,6.694096226412682
24.355950000006555,6.69348854447199
24.357620000006555,6.692880862531268
24.359290000006556,6.6922731805905755
24.360960000006557,6.691665498649854
24.362630000006558,6.691057816709161
24.36430000000656,6.690450134768469
24.36597000000656,6.689842452827776
24.36764000000656,6.6892347708870545
24.36931000000656,6.688643842193898
24.37098000000656,6.688231355058406
24.372650000006562,6.687818867922886
24.374320000006563,6.687406380787394
24.375990000006563,6.686993893651845
24.377660000006564,6.686581406516353
24.379330000006565,6.6861689193808616
24.381000000006566,6.685756432245341
24.382670000006566,6.6853439451098495
24.384340000006567,6.684931457974329
24.386010000006568,6.684335983825065
24.38768000000657,6.683728301884372
24.38935000000657,6.683120619943651
24.39102000000657,6.682512938002958
24.39269000000657,6.681905256062237
24.39436000000657,6.681297574121544
24.396030000006572,6.680689892180851
24.397700000006573,6.68008221024013
24.399370000006574,6.679474528299465
24.401040000006574,6.678988404801089
24.402710000006575,6.678575917665597
24.404380000006576,6.678163430530105
24.406050000006577,6.677750943394585
24.407720000006577,6.677338456259093
24.409390000006578,6.676925969123573
24.41106000000658,6.676513481988081
24.41273000000658,6.676100994852561
24.41440000000658,6.675688507717069
24.41607000000658,6.675276020581549
24.41774000000658,6.674863533446029
24.419410000006582,6.674451046310537
24.421080000006583,6.674038559175017
24.422750000006584,6.673626072039525
24.424420000006585,6.673213584904033
24.426090000006585,6.672801097768513
24.427760000006586,6.672388610632993
24.429430000006587,6.671976123497473
24.431100000006587,6.671499999997565
24.432770000006588,6.670892318056843
24.43444000000659,6.6702846361161505
24.43611000000659,6.669676954175429
24.43778000000659,6.6690692722347364
24.43945000000659,6.668461590294015
24.441120000006592,6.667853908353351
24.442790000006593,6.6672462264126295
24.444460000006593,6.666638544471937
24.446130000006594,6.666033070324204
24.447800000006595,6.665620583188712
24.449470000006595,6.66520809605322
24.451140000006596,6.6647956089177
24.452810000006597,6.664383121782208
24.454480000006598,6.663970634646688
24.4561500000066,6.663558147511168
24.4578200000066,6.663145660375676
24.4594900000066,6.662733173240156
24.4611600000066,6.662320686104664
24.4628300000066,6.661908198969144
24.464500000006602,6.661495711833652
24.466170000006603,6.661083224698132
24.467840000006603,6.6606707375626115
24.469510000006604,6.66025825042712
24.471180000006605,6.6598457632915995
24.472850000006606,6.659433276156108
24.474520000006606,6.659020789020616
24.476190000006607,6.658608301885096
24.477860000006608,6.658056334229315
24.47953000000661,6.657448652288593
24.48120000000661,6.656840970347929
24.48287000000661,6.656233288407236
24.48454000000661,6.655625606466515
24.48621000000661,6.655017924525822
24.487880000006612,6.654410242585129
24.489550000006613,6.653802560644436
24.491220000006614,6.653194878703744
24.492890000006614,6.652665248711884
24.494560000006615,6.652252761576364
24.496230000006616,6.651840274440843
24.497900000006616,6.651427787305352
24.499570000006617,6.65101530016986
24.501240000006618,6.6504408391582785
24.50291000000662,6.649810209787631
24.50458000000662,6.649179580417012
24.50625000000662,6.648548951046365
24.50792000000662,6.647869230765849
24.50959000000662,6.647043406590029
24.511260000006622,6.646217582414181
24.512930000006623,6.645391758238361
24.514600000006624,6.644586253366754
24.516270000006624,6.643978571426061
24.517940000006625,6.64337088948534
24.519610000006626,6.642763207544675
24.521280000006627,6.642155525603954
24.522950000006627,6.641547843663261
24.524620000006628,6.64112301886621
24.52629000000663,6.64071053173069
24.52796000000663,6.640298044595198
24.52963000000663,6.639885557459678
24.53130000000663,6.639473070324186
24.53297000000663,6.639060583188694
24.534640000006632,6.638648096053146
24.536310000006633,6.638235608917654
24.537980000006634,6.637823121782134
24.539650000006635,6.637410634646642
24.541320000006635,6.63699814751115
24.542990000006636,6.63658566037563
24.544660000006637,6.636173173240138
24.546330000006638,6.6357606861045895
24.54800000000664,6.635348198969098
24.54967000000664,6.634935711833606
24.55134000000664,6.634523224698086
24.55301000000664,6.634110737562594
24.55468000000664,6.633573315361332
24.556350000006642,6.632965633420639
24.558020000006643,6.632357951479975
24.559690000006643,6.631750269539253
24.561360000006644,6.631142587598561
24.563030000006645,6.630534905657839
24.564700000006646,6.629927223717175
24.566370000006646,6.629319541776454
24.568040000006647,6.628711859835761
24.569710000006648,6.628167684389382
24.57138000000665,6.627755197253862
24.57305000000665,6.6273427101183415
24.57472000000665,6.626930222982821
24.57639000000665,6.6265177358473295
24.57806000000665,6.626105248711809
24.579730000006652,6.6256927615763175
24.581400000006653,6.625280274440797
24.583070000006654,6.6248677873053055
24.584740000006654,6.624420754714436
24.586410000006655,6.623813072773743
24.588080000006656,6.6232053908330215
24.589750000006656,6.622597708892329
24.591420000006657,6.621990026951607
24.593090000006658,6.621382345010915
24.59476000000666,6.620774663070222
24.59643000000666,6.620166981129529
24.59810000000666,6.619559299188836
24.59977000000666,6.618951617248115
24.60144000000666,6.6185122469965165
24.603110000006662,6.618099759861025
24.604780000006663,6.6176872727255045
24.606450000006664,6.617274785590013
24.608120000006664,6.6168622984544925
24.609790000006665,6.616449811319001
24.611460000006666,6.616037324183509
24.613130000006667,6.61562483704796
24.614800000006667,6.615212349912468
24.616470000006668,6.614799862776948
24.61814000000667,6.614387375641456
24.61981000000667,6.613974888505965
24.62148000000667,6.613562401370444
24.62315000000667,6.613149914234953
24.62482000000667,6.612737427099404
24.626490000006672,6.612324939963912
24.628160000006673,6.61191245282842
24.629830000006674,6.6114999656929
24.631500000006675,6.610977088946214
24.633170000006675,6.610369407005493
24.634840000006676,6.609761725064828
24.636510000006677,6.609154043124136
24.638180000006678,6.608546361183414
24.63985000000668,6.6079386792427215
24.64152000000668,6.607330997302
24.64319000000668,6.606723315361336
24.64486000000668,6.606115633420643
24.64653000000668,6.605556912519688
24.648200000006682,6.605144425384196
24.649870000006683,6.604731938248676
24.651540000006683,6.604319451113184
24.653210000006684,6.603906963977636
24.654880000006685,6.603494476842144
24.656550000006686,6.603081989706624
24.658220000006686,6.602669502571132
24.659890000006687,6.602257015435612
24.661560000006688,6.60184452830012
24.66323000000669,6.601432041164571
24.66490000000669,6.6010195540290795
24.66657000000669,6.600607066893559
24.66824000000669,6.6001945797580674
24.66991000000669,6.599782092622576
24.671580000006692,6.599369605487055
24.673250000006693,6.598957118351564
24.674920000006693,6.598544631216015
24.676590000006694,6.598132144080523
24.678260000006695,6.5975334231779925
24.679930000006696,6.596925741237271
24.681600000006696,6.596318059296607
24.683270000006697,6.595710377355886
24.684940000006698,6.595102695415193
24.6866100000067,6.5944950134745
24.6882800000067,6.593887331533779
24.6899500000067,6.593279649593086
24.6916200000067,6.592671967652365
24.6932900000067,6.592189090907283
24.694960000006702,6.591776603771791
24.696630000006703,6.591364116636271
24.698300000006704,6.590951629500779
24.699970000006704,6.590539142365259
24.701640000006705,6.590126655229767
24.703310000006706,6.589714168094247
24.704980000006707,6.589301680958727
24.706650000006707,6.588889193823235
24.708320000006708,6.588380862531068
24.70999000000671,6.587773180590375
24.71166000000671,6.587165498649654
24.71333000000671,6.586557816708989
24.71500000000671,6.5859501347682965
24.71667000000671,6.585342452827575
24.718340000006712,6.584734770886882
24.720010000006713,6.58412708894619
24.721680000006714,6.583519407005497
24.723350000006715,6.5829461406499945
24.725020000006715,6.582533653514503
24.726690000006716,6.5821211663789825
24.728360000006717,6.581708679243491
24.730030000006717,6.5812961921079705
24.731700000006718,6.58088370497245
24.73337000000672,6.58047121783693
24.73504000000672,6.580058730701438
24.73671000000672,6.579646243565918
24.73838000000672,6.579233756430426
24.740050000006722,6.578821269294934
24.741720000006723,6.578408782159414
24.743390000006723,6.577996295023894
24.745060000006724,6.577583807888374
24.746730000006725,6.577171320752882
24.748400000006725,6.57675883361739
24.750070000006726,6.576337202794463
24.751740000006727,6.575706573423844
24.753410000006728,6.5750759440531965
24.75508000000673,6.574273626370058
24.75675000000673,6.573447802194238
24.75842000000673,6.5726219780184465
24.76009000000673,6.571796153842627
24.76176000000673,6.570970329666778
24.763430000006732,6.570144505490958
24.765100000006733,6.569404312665824
24.766770000006733,6.568796630725103
24.768440000006734,6.56818894878441
24.770110000006735,6.567691526584781
24.771780000006736,6.567279039449289
24.773450000006736,6.5668665523137975
24.775120000006737,6.566454065178277
24.776790000006738,6.566041578042785
24.77846000000674,6.565629090907265
24.78013000000674,6.565216603771773
24.78180000000674,6.564804116636282
24.78347000000674,6.564391629500761
24.78514000000674,6.563897843663142
24.786810000006742,6.563290161722421
24.788480000006743,6.562682479781728
24.790150000006744,6.562074797841035
24.791820000006744,6.561467115900314
24.793490000006745,6.560859433959678
24.795160000006746,6.5602517520189565
24.796830000006747,6.559644070078264
24.798500000006747,6.559036388137542
24.800170000006748,6.5584485763275495
24.80184000000675,6.558036089192029
24.80351000000675,6.557623602056481
24.80518000000675,6.55721111492096
24.80685000000675,6.556798627785469
24.80852000000675,6.556386140649948
24.810190000006752,6.555973653514457
24.811860000006753,6.555561166378936
24.813530000006754,6.555148679243445
24.815200000006755,6.554736192107953
24.816870000006755,6.554323704972376
24.818540000006756,6.553911217836884
24.820210000006757,6.553498730701364
24.821880000006757,6.553086243565872
24.823550000006758,6.55267375643038
24.82522000000676,6.55226126929486
24.82689000000676,6.551848782159368
24.82856000000676,6.551436295023848
24.83023000000676,6.551023807888356
24.831900000006762,6.550454177894949
24.833570000006763,6.5498464959542275
24.835240000006763,6.549238814013535
24.836910000006764,6.548631132072813
24.838580000006765,6.548023450132121
24.840250000006765,6.547415768191428
24.841920000006766,6.5468080862507065
24.843590000006767,6.5462004043100706
24.845260000006768,6.545592722369349
24.84693000000677,6.545080754715144
24.84860000000677,6.544668267579652
24.85027000000677,6.544255780444132
24.85194000000677,6.54384329330864
24.85361000000677,6.54343080617312
24.855280000006772,6.543018319037628
24.856950000006773,6.5426058319021365
24.858620000006773,6.5421933447665594
24.860290000006774,6.541780857631068
24.861960000006775,6.541368370495547
24.863630000006776,6.540955883360056
24.865300000006776,6.540543396224535
24.866970000006777,6.540130909089044
24.868640000006778,6.539718421953552
24.87031000000678,6.539305934818032
24.87198000000678,6.53889344768254
24.87365000000678,6.5384809605470195
24.87532000000678,6.538068473411528
24.87699000000678,6.537618194067392
24.878660000006782,6.537010512126699
24.880330000006783,6.536402830185978
24.882000000006784,6.535795148245256
24.883670000006784,6.5351874663045635
24.885340000006785,6.534579784363871
24.887010000006786,6.533972102423149
24.888680000006786,6.533364420482457
24.890350000006787,6.532756738541735
24.892020000006788,6.5321490566010425
24.89369000000679,6.531712933102739
24.89536000000679,6.531300445967219
24.89703000000679,6.530887958831727
24.89870000000679,6.530475471696207
24.90037000000679,6.530062984560715
24.902040000006792,6.529650497425223
24.903710000006793,6.529238010289703
24.905380000006794,6.528825523154211
24.907050000006794,6.528413036018691
24.908720000006795,6.5278579514798025
24.910390000006796,6.52725026953911
24.912060000006797,6.5266425875983884
24.913730000006797,6.526034905657696
24.915400000006798,6.525427223716974
24.9170700000068,6.5248195417762815
24.9187400000068,6.524211859835589
24.9204100000068,6.5236041778948675
24.9220800000068,6.5229964959542315
24.9237500000068,6.522469982845479
24.925420000006802,6.522057495709987
24.927090000006803,6.521645008574495
24.928760000006804,6.521232521438975
24.930430000006805,6.520820034303426
24.932100000006805,6.520407547167906
24.933770000006806,6.519995060032414
24.935440000006807,6.519582572896923
24.937110000006808,6.519170085761402
24.93878000000681,6.5187575986259105
24.94045000000681,6.51834511149039
24.94212000000681,6.5179326243548985
24.94379000000681,6.517520137219378
24.94546000000681,6.5171076500838865
24.947130000006812,6.516695162948366
24.948800000006813,6.5162826758128745
24.950470000006813,6.515870188677354
24.952140000006814,6.515457701541862
24.953810000006815,6.515021967652245
24.955480000006816,6.514414285711553
24.957150000006816,6.513806603770831
24.958820000006817,6.5131989218301385
24.960490000006818,6.512591239889446
24.96216000000682,6.511983557948724
24.96383000000682,6.511375876008032
24.96550000000682,6.51076819406731
24.96717000000682,6.5101605121266175
24.96884000000682,6.509552830185925
24.970510000006822,6.5091021612330735
24.972180000006823,6.508689674097582
24.973850000006824,6.5082771869620615
24.975520000006824,6.50786469982657
24.977190000006825,6.507452212691078
24.978860000006826,6.507039725555558
24.980530000006826,6.506627238420066
24.982200000006827,6.506214751284546
24.983870000006828,6.505802264148997
24.98554000000683,6.505261725064685
24.98721000000683,6.5046540431239634
24.98888000000683,6.504046361183271
24.99055000000683,6.503438679242549
24.99222000000683,6.5028309973018565
24.993890000006832,6.502223315361164
24.995560000006833,6.5016156334204425
24.997230000006834,6.50100795147975
24.998900000006834,6.500400269539085
25.000570000006835,6.500729960483113
25.002240000006836,6.5028686166095895
25.003910000006837,6.505007272736066
25.005580000006837,6.507145928862542
25.007250000006838,6.509284584989018
25.00892000000684,6.511423241115494
25.01059000000684,6.513561897241971
25.01226000000684,6.515700553368475
25.01393000000684,6.5178392094949515
25.01560000000684,6.519977865621428
25.017270000006842,6.522116521747904
25.018940000006843,6.524255177874437
25.020610000006844,6.526393834000913
25.022280000006845,6.52853249012739
25.023950000006845,6.530671146253866
25.025620000006846,6.532809802380342
25.027290000006847,6.534948458506818
25.028960000006848,6.5370871146332945
25.03063000000685,6.539234472059292
25.03230000000685,6.541568322990969
25.03397000000685,6.543902173922646
25.03564000000685,6.546236024854323
25.03731000000685,6.548569875786001
25.038980000006852,6.550903726717678
25.040650000006853,6.553237577649355
25.042320000006853,6.555571428581004
25.043990000006854,6.557905279512681
25.045660000006855,6.560239130444415
25.047330000006855,6.5624305138427985
25.049000000006856,6.564569169969275
25.050670000006857,6.566707826095779
25.052340000006858,6.568846482222256
25.05401000000686,6.570985138348732
25.05568000000686,6.573123794475208
25.05735000000686,6.575262450601684
25.05902000000686,6.577401106728217
25.06069000000686,6.579539762854694
25.062360000006862,6.581678418981198
25.064030000006863,6.5838170751076746
25.065700000006863,6.585955731234151
25.067370000006864,6.588094387360627
25.069040000006865,6.590233043487103
25.070710000006866,6.5923716996135795
25.072380000006866,6.594510355740056
25.074050000006867,6.59664901186656
25.075720000006868,6.598787667993037
25.07739000000687,6.6008904255404275
25.07906000000687,6.602946200616401
25.08073000000687,6.605001975692375
25.08240000000687,6.607057750768405
25.08407000000687,6.6091135258443785
25.085740000006872,6.611169300920324
25.087410000006873,6.613225075996354
25.089080000006874,6.6152808510723276
25.090750000006874,6.617507763984861
25.092420000006875,6.619818498032544
25.094090000006876,6.62195715415902
25.095760000006877,6.624095810285496
25.097430000006877,6.626234466411972
25.099100000006878,6.628373122538449
25.10077000000688,6.630511778664925
25.10244000000688,6.632650434791401
25.10411000000688,6.634789090917934
25.10578000000688,6.63692774704441
25.10745000000688,6.639066403170887
25.109120000006882,6.641394409947537
25.110790000006883,6.6437282608792145
25.112460000006884,6.646062111810892
25.114130000006885,6.648395962742569
25.115800000006885,6.650729813674246
25.117470000006886,6.65306366460598
25.119140000006887,6.655397515537629
25.120810000006887,6.6577313664693065
25.122480000006888,6.660065217400984
25.12415000000689,6.662271146253914
25.12582000000689,6.664409802380391
25.12749000000689,6.666548458506867
25.12916000000689,6.668687114633343
25.130830000006892,6.670825770759848
25.132500000006893,6.672964426886324
25.134170000006893,6.6751030830128
25.135840000006894,6.677241739139276
25.137510000006895,6.679380395265753
25.139180000006895,6.681519051392229
25.140850000006896,6.683657707518734
25.142520000006897,6.68579636364521
25.144190000006898,6.687935019771743
25.1458600000069,6.690073675898219
25.1475300000069,6.692212332024695
25.1492000000069,6.694350988151172
25.1508700000069,6.696489644277648
25.1525400000069,6.6986283004041525
25.154210000006902,6.700737234051104
25.155880000006903,6.7027930091270775
25.157550000006903,6.704848784203051
25.159220000006904,6.7069045592790815
25.160890000006905,6.708960334355055
25.162560000006906,6.711016109431
25.164230000006906,6.713071884506974
25.165900000006907,6.715127659583004
25.167570000006908,6.7173338509413725
25.16924000000691,6.7196591304436595
25.17091000000691,6.721797786570136
25.17258000000691,6.723936442696612
25.17425000000691,6.726075098823088
25.17592000000691,6.728213754949621
25.177590000006912,6.7303524110760975
25.179260000006913,6.732491067202574
25.180930000006914,6.73462972332905
25.182600000006914,6.736768379455526
25.184270000006915,6.738907035582002
25.185940000006916,6.741220496904106
25.187610000006917,6.743554347835783
25.189280000006917,6.745888198767517
25.190950000006918,6.748222049699194
25.19262000000692,6.7505559006308715
25.19429000000692,6.752889751562549
25.19596000000692,6.755223602494198
25.19763000000692,6.757557453425875
25.19930000000692,6.759891304357552
25.200970000006922,6.76211177866503
25.202640000006923,6.7642504347915064
25.204310000006924,6.766389090917983
25.205980000006925,6.768527747044459
25.207650000006925,6.770666403170935
25.209320000006926,6.77280505929744
25.210990000006927,6.774943715423916
25.212660000006927,6.777082371550392
25.214330000006928,6.7792210276768685
25.21600000000693,6.781359683803402
25.21767000000693,6.783498339929878
25.21934000000693,6.7856369960563825
25.22101000000693,6.787775652182859
25.222680000006932,6.789914308309335
25.224350000006933,6.792052964435811
25.226020000006933,6.794191620562287
25.227690000006934,6.796330276688764
25.229360000006935,6.79846893281524
25.231030000006935,6.800663043488015
25.232700000006936,6.802996894419692
25.234370000006937,6.80533074535137
25.236040000006938,6.807664596283047
25.23771000000694,6.809998447214724
25.23938000000694,6.812332298146373
25.24105000000694,6.81466614907805
25.24272000000694,6.817000000009784
25.24439000000694,6.819157902744166
25.246060000006942,6.82121367782014
25.247730000006943,6.823080232116041
25.249400000006943,6.8249408123868704
25.251070000006944,6.826801392657643
25.252740000006945,6.828661972928444
25.254410000006946,6.830522553199273
25.256080000006946,6.832383133470046
25.257750000006947,6.834470355740166
25.259420000006948,6.836609011866642
25.26109000000695,6.838747667993118
25.26276000000695,6.8408863241195945
25.26443000000695,6.843024980246071
25.26610000000695,6.845163636372547
25.26777000000695,6.847302292499023
25.269440000006952,6.8494409486254995
25.271110000006953,6.851579604752004
25.272780000006954,6.85371826087848
25.274450000006954,6.855856917004957
25.276120000006955,6.85799557313149
25.277790000006956,6.8602655279601095
25.279460000006956,6.862599378891787
25.281130000006957,6.864933229823464
25.282800000006958,6.867267080755113
25.28447000000696,6.86960093168679
25.28614000000696,6.871934782618467
25.28781000000696,6.874268633550145
25.28948000000696,6.876602484481822
25.29115000000696,6.878936335413499
25.292820000006962,6.881200316214461
25.294490000006963,6.883338972340937
25.296160000006964,6.885477628467413
25.297830000006964,6.887616284593889
25.299500000006965,6.889754940720394
25.301170000006966,6.89189359684687
25.302840000006967,6.894032252973403
25.304510000006967,6.8961709090998795
25.306180000006968,6.898309565226356
25.30785000000697,6.9004891304445835
25.30952000000697,6.902822981376261
25.31119000000697,6.905156832307938
25.31286000000697,6.907490683239615
25.31453000000697,6.9098245341712925
25.316200000006972,6.912158385102998
25.317870000006973,6.914492236034675
25.319540000006974,6.916826086966353
25.321210000006975,6.919004711254843
25.322880000006975,6.921060486330816
25.324550000006976,6.922941586081265
25.326220000006977,6.9248021663520944
25.327890000006978,6.926662746622867
25.32956000000698,6.9285233268936395
25.33123000000698,6.930383907164412
25.33290000000698,6.932244487435241
25.33457000000698,6.934310988151253
25.33624000000698,6.936449644277758
25.337910000006982,6.938588300404234
25.339580000006983,6.94072695653071
25.341250000006983,6.942865612657187
25.342920000006984,6.945004268783663
25.344590000006985,6.947142924910139
25.346260000006986,6.949281581036615
25.347930000006986,6.9514202371630915
25.349600000006987,6.953558893289596
25.351270000006988,6.955697549416072
25.35294000000699,6.957836205542549
25.35461000000699,6.960091614916621
25.35628000000699,6.962425465848298
25.35795000000699,6.9647593167799755
25.35962000000699,6.967093167711624
25.361290000006992,6.9694270186433585
25.362960000006993,6.971760869575036
25.364630000006994,6.974094720506713
25.366300000006994,6.97642857143839
25.367970000006995,6.9787624223700675
25.369640000006996,6.9810409486255764
25.371310000006996,6.983179604752053
25.372980000006997,6.985318260878529
25.374650000006998,6.987456917005062
25.376320000007,6.989595573131538
25.377990000007,6.991734229258043
25.379660000007,6.993872885384519
25.381330000007,6.996011541510995
25.383000000007,6.998150197637472
25.384670000007002,7.000315217401152
25.386340000007003,7.002649068332829
25.388010000007004,7.004982919264506
25.389680000007004,7.007316770196184
25.391350000007005,7.009650621127861
25.393020000007006,7.01198447205951
25.394690000007007,7.014318322991187
25.396360000007007,7.016652173922864
25.398030000007008,7.0189860248545415
25.39970000000701,7.021319875786219
25.40137000000701,7.023493596846976
25.40304000000701,7.025632252973452
25.40471000000701,7.027770909099928
25.40638000000701,7.029909565226404
25.408050000007012,7.0320482213528805
25.409720000007013,7.034186877479357
25.411390000007014,7.03609408124575
25.413060000007015,7.0379546615165225
25.414730000007015,7.039815241787295
25.416400000007016,7.0416758220580675
25.418070000007017,7.0435364023288685
25.419740000007017,7.045396982599698
25.42141000000702,7.04725756287047
25.42308000000702,7.049122213447731
25.42475000000702,7.051260869574207
25.42642000000702,7.053399525700684
25.42809000000702,7.055538181827188
25.429760000007022,7.0576768379536645
25.431430000007023,7.059917701873189
25.433100000007023,7.0622515528049234
25.434770000007024,7.064585403736601
25.436440000007025,7.0669192546682496
25.438110000007025,7.069253105599927
25.439780000007026,7.071586956531604
25.441450000007027,7.073920807463281
25.443120000007028,7.076254658394959
25.44479000000703,7.078588509326636
25.44646000000703,7.080881581036749
25.44813000000703,7.083020237163225
25.44980000000703,7.085158893289702
25.45147000000703,7.087297549416178
25.453140000007032,7.089436205542654
25.454810000007033,7.09157486166913
25.456480000007033,7.093713517795635
25.458150000007034,7.095852173922111
25.459820000007035,7.097990830048587
25.461490000007036,7.100129486175064
25.463160000007036,7.10226814230154
25.464830000007037,7.104406798428016
25.466500000007038,7.106545454554492
25.46817000000704,7.108684110680997
25.46984000000704,7.110822766807473
25.47151000000704,7.1129614229339495
25.47318000000704,7.115100079060483
25.47485000000704,7.117238735186959
25.476520000007042,7.119377391313435
25.478190000007043,7.1216940993888045
25.479860000007044,7.124027950320482
25.481530000007044,7.126361801252159
25.483200000007045,7.128695652183836
25.484870000007046,7.131029503115485
25.486540000007047,7.133363354047162
25.488210000007047,7.135486474172808
25.489880000007048,7.1375422492487814
25.49155000000705,7.139598024324812
25.49322000000705,7.1415371760232915
25.49489000000705,7.143397756294064
25.49656000000705,7.145258336564922
25.49823000000705,7.147118916835694
25.499900000007052,7.148979497106524
25.501570000007053,7.151101501985323
25.503240000007054,7.1532401581117995
25.504910000007055,7.155378814238276
25.506580000007055,7.157517470364837
25.508250000007056,7.1597437888298145
25.509920000007057,7.162077639761492
25.511590000007057,7.164411490693169
25.513260000007058,7.166745341624818
25.51493000000706,7.169079192556495
25.51660000000706,7.171413043488172
25.51827000000706,7.17374689441985
25.51994000000706,7.176080745351527
25.521610000007062,7.178414596283204
25.523280000007063,7.18072221344778
25.524950000007063,7.182860869574284
25.526620000007064,7.184999525700761
25.528290000007065,7.187138181827237
25.529960000007065,7.189276837953713
25.531630000007066,7.191415494080189
25.533300000007067,7.193554150206722
25.534970000007068,7.195692806333227
25.53664000000707,7.197831462459703
25.53831000000707,7.1999701185861795
25.53998000000707,7.202108774712656
25.54165000000707,7.204247430839132
25.54332000000707,7.206386086965608
25.544990000007072,7.2085247430920845
25.546660000007073,7.210663399218589
25.548330000007073,7.212802055345065
25.550000000007074,7.214940711471542
25.551670000007075,7.217079367598018
25.553340000007076,7.219218023724494
25.555010000007076,7.221520186345316
25.556680000007077,7.223854037276993
25.558350000007078,7.2261878882086705
25.56002000000708,7.228521739140405
25.56169000000708,7.230855590072082
25.56336000000708,7.233189441003731
25.56503000000708,7.235523291935408
25.56670000000708,7.237857142867085
25.568370000007082,7.2401909937987625
25.570040000007083,7.242422766807493
25.571710000007084,7.24456142293397
25.573380000007084,7.246700079060503
25.575050000007085,7.248838735187007
25.576720000007086,7.250968510646203
25.578390000007087,7.252829090917032
25.580060000007087,7.254689671187805
25.581730000007088,7.256550251458577
25.58340000000709,7.25841083172935
25.58507000000709,7.260344528884104
25.58674000000709,7.262400303960135
25.58841000000709,7.264456079036108
25.59008000000709,7.266571428581329
25.591750000007092,7.2689052795130635
25.593420000007093,7.271239130444741
25.595090000007094,7.273572981376418
25.596760000007095,7.275906832308095
25.598430000007095,7.278240683239773
25.600100000007096,7.280562845858896
25.601770000007097,7.282701501985372
25.603440000007097,7.2848401581118765
25.605110000007098,7.286978814238353
25.6067800000071,7.289117470364829
25.6084500000071,7.291256126491305
25.6101200000071,7.293394782617781
25.6117900000071,7.295533438744258
25.6134600000071,7.297672094870734
25.615130000007102,7.2998107509972385
25.616800000007103,7.301949407123715
25.618470000007104,7.304088063250248
25.620140000007105,7.306226719376724
25.621810000007105,7.3083653755032
25.623480000007106,7.3105040316296765
25.625150000007107,7.312642687756181
25.626820000007108,7.314781343882657
25.62849000000711,7.316920000009134
25.63016000000711,7.31905865613561
25.63183000000711,7.321346273301941
25.63350000000711,7.3236801242336185
25.63517000000711,7.326013975165296
25.636840000007112,7.328347826096973
25.638510000007113,7.33068167702865
25.640180000007113,7.333015527960299
25.641850000007114,7.335349378891976
25.643520000007115,7.337683229823654
25.645190000007116,7.340017080755331
25.646860000007116,7.342263399218609
25.648530000007117,7.3444020553450855
25.650200000007118,7.346540711471562
25.65187000000712,7.348679367598038
25.65354000000712,7.350818023724543
25.65521000000712,7.3526904448821995
25.65688000000712,7.354551025152972
25.65855000000712,7.356411605423801
25.660220000007122,7.358272185694574
25.661890000007123,7.360132765965403
25.663560000007124,7.361993346236176
25.665230000007124,7.363853926506977
25.666900000007125,7.365753359692974
25.668570000007126,7.36789201581945
25.670240000007126,7.370030671945926
25.671910000007127,7.3721693280724025
25.673580000007128,7.374307984198879
25.67525000000713,7.376446640325355
25.67692000000713,7.3786149068423015
25.67859000000713,7.380948757773979
25.68026000000713,7.383282608705656
25.68193000000713,7.385616459637333
25.683600000007132,7.3879503105690105
25.685270000007133,7.390284161500688
25.686940000007134,7.392618012432365
25.688610000007134,7.394951863364014
25.690280000007135,7.397285714295748
25.691950000007136,7.399619565227425
25.693620000007137,7.4017900395348875
25.695290000007137,7.403928695661364
25.696960000007138,7.40606735178784
25.69863000000714,7.408206007914316
25.70030000000714,7.410344664040792
25.70197000000714,7.412483320167269
25.70364000000714,7.414621976293802
25.70531000000714,7.416760632420306
25.706980000007142,7.418899288546783
25.708650000007143,7.421172360258538
25.710320000007144,7.423506211190187
25.711990000007145,7.425840062121864
25.713660000007145,7.428173913053541
25.715330000007146,7.430507763985219
25.717000000007147,7.4328416149168675
25.718670000007148,7.435175465848545
25.72034000000715,7.437509316780222
25.72201000000715,7.439843167711899
25.72368000000715,7.442104031629725
25.72535000000715,7.444242687756201
25.72702000000715,7.446381343882678
25.728690000007152,7.448520000009154
25.730360000007153,7.450658656135687
25.732030000007153,7.4527973122621916
25.733700000007154,7.454935968388668
25.735370000007155,7.457074624515144
25.737040000007156,7.459213280641563
25.738710000007156,7.46135193676804
25.740380000007157,7.463490592894516
25.742050000007158,7.465629249020992
25.74372000000716,7.4677035203174285
25.74539000000716,7.469564100588258
25.74706000000716,7.47142468085903
25.74873000000716,7.473285261129803
25.75040000000716,7.475145841400632
25.752070000007162,7.477006421671405
25.753740000007163,7.478882066878157
25.755410000007164,7.48093784195413
25.757080000007164,7.483108695662224
25.758750000007165,7.485442546593902
25.760420000007166,7.487776397525579
25.762090000007166,7.490110248457256
25.763760000007167,7.49244409938899
25.765430000007168,7.494777950320639
25.76710000000717,7.497111801252316
25.76877000000717,7.499445652183994
25.77044000000717,7.501630671945975
25.77211000000717,7.503769328072451
25.77378000000717,7.505907984198927
25.775450000007172,7.508046640325404
25.777120000007173,7.51018529645188
25.778790000007174,7.512323952578356
25.780460000007174,7.514462608704832
25.782130000007175,7.5166012648313085
25.783800000007176,7.518739920957785
25.785470000007177,7.520998447214993
25.787140000007177,7.52333229814667
25.788810000007178,7.525666149078347
25.79048000000718,7.528000000010081
25.79215000000718,7.5303338509417586
25.79382000000718,7.532667701873436
25.79549000000718,7.535001552805113
25.79716000000718,7.5373354037367335
25.798830000007182,7.539669254668411
25.800500000007183,7.541944664040784
25.802170000007184,7.54408332016726
25.803840000007185,7.546221976293793
25.805510000007185,7.54836063242027
25.807180000007186,7.550499288546746
25.808850000007187,7.552637944673222
25.810520000007187,7.554776600799698
25.812190000007188,7.556915256926175
25.81386000000719,7.559053913052651
25.81553000000719,7.561192569179127
25.81720000000719,7.56333122530566
25.81887000000719,7.565469881432136
25.820540000007192,7.567564874282709
25.822210000007193,7.569425454553482
25.823880000007193,7.571286034824254
25.825550000007194,7.573146615095084
25.827220000007195,7.575007195365856
25.828890000007195,7.576867775636686
25.830560000007196,7.578728875388833
25.832230000007197,7.580784650464807
25.833900000007198,7.582934782618736
25.8355700000072,7.585268633550413
25.8372400000072,7.58760248448209
25.8389100000072,7.589936335413768
25.8405800000072,7.592270186345445
25.8422500000072,7.594604037277122
25.843920000007202,7.5969378882087994
25.845590000007203,7.599271739140477
25.847260000007203,7.6014713043570055
25.848930000007204,7.6036099604835385
25.850600000007205,7.605748616610015
25.852270000007206,7.607887272736491
25.853940000007206,7.610025928862967
25.855610000007207,7.6121645849894435
25.857280000007208,7.61430324111592
25.85895000000721,7.616441897242453
25.86062000000721,7.618580553368929
25.86229000000721,7.620719209495405
25.86396000000721,7.6228578656218815
25.86563000000721,7.624996521748358
25.867300000007212,7.627135177874834
25.868970000007213,7.62927383400131
25.870640000007214,7.631412490127786
25.872310000007214,7.633551146254263
25.873980000007215,7.635689802380739
25.875650000007216,7.637828458507272
25.877320000007217,7.640043478270968
25.878990000007217,7.642377329202645
25.880660000007218,7.644711180134323
25.88233000000722,7.647045031066
25.88400000000722,7.649378881997677
25.88567000000722,7.651712732929354
25.88734000000722,7.654046583861032
25.88901000000722,7.656380434792766
25.890680000007222,7.658714285724443
25.892350000007223,7.661033201590328
25.894020000007224,7.663171857716804
25.895690000007225,7.665310513843281
25.897360000007225,7.667449169969757
25.899030000007226,7.669587826096233
25.900700000007227,7.671726482222709
25.902370000007227,7.673865138349186
25.904040000007228,7.676003794475662
25.90571000000723,7.678142450602138
25.90738000000723,7.680281106728614
25.90905000000723,7.682600931687148
25.91072000000723,7.684814893625855
25.912390000007232,7.686870668701886
25.914060000007233,7.688926443777859
25.915730000007233,7.690982218853833
25.917400000007234,7.693037993929863
25.919070000007235,7.695093769005837
25.920740000007235,7.697149544081867
25.922410000007236,7.699205319157841
25.924080000007237,7.70131193676815
25.925750000007238,7.703450592894626
25.92742000000724,7.705589249021102
25.92909000000724,7.707727905147578
25.93076000000724,7.7098665612741115
25.93243000000724,7.712005217400588
25.93410000000724,7.714143873527064
25.935770000007242,7.71628252965354
25.937440000007243,7.7184211857800165
25.939110000007243,7.720559841906493
25.940780000007244,7.722698498032969
25.942450000007245,7.724837154159445
25.944120000007246,7.726975810285921
25.945790000007246,7.729114466412398
25.947460000007247,7.731253122538931
25.949130000007248,7.733391778665407
25.95080000000725,7.735530434791883
25.95247000000725,7.737669090918359
25.95414000000725,7.739869565227536
25.95581000000725,7.742203416159214
25.95748000000725,7.744537267090891
25.959150000007252,7.746871118022568
25.960820000007253,7.749204968954302
25.962490000007254,7.75153881988598
25.964160000007254,7.753872670817657
25.965830000007255,7.756206521749334
25.967500000007256,7.758540372681011
25.969170000007257,7.760873834001416
25.970840000007257,7.763012490127892
25.972510000007258,7.765151146254368
25.97418000000726,7.767289802380844
25.97585000000726,7.769428458507321
25.97752000000726,7.771567114633797
25.97919000000726,7.773705770760273
25.98086000000726,7.775844426886749
25.982530000007262,7.7779830830132255
25.984200000007263,7.780121739139702
25.985870000007264,7.782427018643716
25.987540000007264,7.7846617021366455
25.989210000007265,7.786717477212562
25.990880000007266,7.788773252288536
25.992550000007267,7.790829027364509
25.994220000007267,7.79288480244054
25.995890000007268,7.794940577516513
25.99756000000727,7.796996352592487
25.99923000000727,7.79905212766846
26.00090000000727,7.803408134670121
26.00257000000727,7.809732117839815
26.00424000000727,7.816056101009565
26.005910000007272,7.822380084179258
26.007580000007273,7.828704067349008
26.009250000007274,7.8350280505187015
26.010920000007275,7.841352033688395
26.012590000007275,7.847676016858145
26.014260000007276,7.854000000027838
26.015930000007277,7.860323983197588
26.017600000007278,7.866647966367282
26.01927000000728,7.872971949536975
26.02094000000728,7.879295932706611
26.02261000000728,7.885619915876362
26.02428000000728,7.891943899046055
26.02595000000728,7.898225543503372
26.027620000007282,7.90394347828601
26.029290000007283,7.909661413068591
26.030960000007283,7.915379347851228
26.032630000007284,7.921097282633866
26.034300000007285,7.926815217416447
26.035970000007286,7.932985974782412
26.037640000007286,7.939309957952105
26.039310000007287,7.945633941121798
26.040980000007288,7.951957924291548
26.04265000000729,7.958281907461242
26.04432000000729,7.964605890630935
26.04599000000729,7.970929873800628
26.04766000000729,7.977253856970378
26.04933000000729,7.983577840140015
26.051000000007292,7.989901823309765
26.052670000007293,7.9959625000251435
26.054340000007294,8.001680434807781
26.056010000007294,8.007398369590362
26.057680000007295,8.013116304373
26.059350000007296,8.018834239155638
26.061020000007296,8.024619915876428
26.062690000007297,8.030943899046065
26.064360000007298,8.037267882215758
26.0660300000073,8.043591865385451
26.0677000000073,8.049915848555202
26.0693700000073,8.056239831724895
26.0710400000073,8.062563814894588
26.0727100000073,8.068887798064338
26.074380000007302,8.075211781234032
26.076050000007303,8.081535764403725
26.077720000007304,8.088035140729232
26.079390000007304,8.094152925558319
26.081060000007305,8.10014893619666
26.082730000007306,8.106144946834945
26.084400000007307,8.112140957473173
26.086070000007307,8.118136968111514
26.087740000007308,8.124421688429948
26.08941000000731,8.131023747455288
26.09108000000731,8.137399719522989
26.09275000000731,8.143723702692682
26.09442000000731,8.150047685862376
26.09609000000731,8.156371669032126
26.097760000007312,8.162695652201819
26.099430000007313,8.16901963537157
26.101100000007314,8.175343618541262
26.102770000007315,8.181667601710956
26.104440000007315,8.187991584880706
26.106110000007316,8.1943155680504
26.107780000007317,8.200639551220036
26.109450000007318,8.206963534389729
26.11112000000732,8.213287517559479
26.11279000000732,8.219607065242599
26.11446000000732,8.225325000025236
26.11613000000732,8.231042934807817
26.11780000000732,8.236760869590455
26.119470000007322,8.242478804373036
26.121140000007323,8.248196739155617
26.122810000007323,8.254329593295779
26.124480000007324,8.260653576465472
26.126150000007325,8.266977559635166
26.127820000007326,8.273301542804859
26.129490000007326,8.279625525974609
26.131160000007327,8.285949509144302
26.132830000007328,8.292273492313996
26.13450000000733,8.298597475483746
26.13617000000733,8.304921458653439
26.13784000000733,8.31124544182319
26.13951000000733,8.31734402176437
26.14118000000733,8.323061956547008
26.142850000007332,8.328779891329589
26.144520000007333,8.334497826112226
26.146190000007334,8.340215760894864
26.147860000007334,8.345963534389796
26.149530000007335,8.352287517559489
26.151200000007336,8.358611500729182
26.152870000007336,8.364935483898876
26.154540000007337,8.371414138670218
26.156210000007338,8.378016197695615
26.15788000000734,8.384618256721012
26.15955000000734,8.391220315746466
26.16122000000734,8.397822374771863
26.16289000000734,8.404424433797203
26.16456000000734,8.411026492822657
26.166230000007342,8.417182180877603
26.167900000007343,8.422972826112186
26.169570000007344,8.428690760894824
26.171240000007344,8.434408695677405
26.172910000007345,8.440126630460043
26.174580000007346,8.44609537169697
26.176250000007347,8.452419354866663
26.177920000007347,8.458743338036413
26.179590000007348,8.46506732120605
26.18126000000735,8.471391304375743
26.18293000000735,8.477715287545493
26.18460000000735,8.484039270715186
26.18627000000735,8.490363253884937
26.18794000000735,8.49668723705463
26.189610000007352,8.503011220224323
26.191280000007353,8.509273913068796
26.192950000007354,8.514991847851377
26.194620000007355,8.520709782633958
26.196290000007355,8.526427717416595
26.197960000007356,8.532145652199176
26.199630000007357,8.537863586981814
26.201300000007357,8.54405329596068
26.202970000007358,8.550377279130373
26.20464000000736,8.556701262300123
26.20631000000736,8.56302524546976
26.20798000000736,8.56934922863951
26.20965000000736,8.575673211809203
26.211320000007362,8.581997194978896
26.212990000007363,8.58832117814859
26.214660000007363,8.594645161318283
26.216330000007364,8.600969144488033
26.218000000007365,8.607293127657726
26.219670000007365,8.61361711082742
26.221340000007366,8.61994109399717
26.223010000007367,8.626265077166863
26.224680000007368,8.632589060336613
26.22635000000737,8.638725543503597
26.22802000000737,8.644443478286178
26.22969000000737,8.650161413068815
26.23136000000737,8.655879347851453
26.23303000000737,8.661597282633977
26.234700000007372,8.667315217416615
26.236370000007373,8.673631136072913
26.238040000007373,8.679955119242607
26.239710000007374,8.6862791024123
26.241380000007375,8.692603085581993
26.243050000007376,8.698927068751743
26.244720000007376,8.705481949239982
26.246390000007377,8.712084008265322
26.248060000007378,8.718686067290776
26.24973000000738,8.725288126316173
26.25140000000738,8.73189018534157
26.25307000000738,8.738083776622318
26.25474000000738,8.744079787260603
26.25641000000738,8.750072282633994
26.258080000007382,8.755790217416575
26.259750000007383,8.761508152199212
26.261420000007384,8.767438990210337
26.263090000007384,8.77376297338003
26.264760000007385,8.78008695654978
26.266430000007386,8.786410939719474
26.268100000007387,8.792734922889167
26.269770000007387,8.799058906058917
26.271440000007388,8.80538288922861
26.27311000000739,8.81170687239836
26.27478000000739,8.818030855568054
26.27645000000739,8.824354838737747
26.27812000000739,8.830655434807966
26.27979000000739,8.836373369590547
26.281460000007392,8.842091304373128
26.283130000007393,8.847809239155765
26.284800000007394,8.853527173938346
26.286470000007395,8.859245108720984
26.288140000007395,8.865396914474047
26.289810000007396,8.87172089764374
26.291480000007397,8.87804488081349
26.293150000007397,8.884368863983184
26.294820000007398,8.890692847152934
26.2964900000074,8.897016830322627
26.2981600000074,8.90334081349232
26.2998300000074,8.909664796662014
26.3015000000074,8.915988779831707
26.303170000007402,8.922312763001457
26.304840000007403,8.92863674617115
26.306510000007403,8.934960729340787
26.308180000007404,8.941284712510537
26.309850000007405,8.94760869568023
26.311520000007405,8.953932678849924
26.313190000007406,8.960107065242767
26.314860000007407,8.965825000025347
26.316530000007408,8.971542934807985
26.31820000000741,8.977260869590623
26.31987000000741,8.982978804373147
26.32154000000741,8.988906914920221
26.32321000000741,8.995463006206421
26.32488000000741,9.002065065231818
26.326550000007412,9.008667124257215
26.328220000007413,9.015269183282612
26.329890000007413,9.02187124230801
26.331560000007414,9.028473301333406
26.333230000007415,9.035075360358803
26.334900000007416,9.041416549817768
26.336570000007416,9.047740532987461
26.338240000007417,9.054064516157155
26.339910000007418,9.060017934808002
26.34158000000742,9.065735869590583
26.34325000000742,9.07145380437322
26.34492000000742,9.077171739155801
26.34659000000742,9.082889673938382
26.34826000000742,9.088782608723761
26.349930000007422,9.095106591893455
26.351600000007423,9.101430575063205
26.353270000007424,9.107754558232898
26.354940000007424,9.114078541402591
26.356610000007425,9.120402524572341
26.358280000007426,9.126726507742035
26.359950000007426,9.133050490911785
26.361620000007427,9.139374474081478
26.363290000007428,9.145698457251171
26.36496000000743,9.152022440420865
26.36663000000743,9.157754891329773
26.36830000000743,9.163472826112354
26.36997000000743,9.169190760894992
26.37164000000743,9.174908695677573
26.373310000007432,9.180626630460154
26.374980000007433,9.186740532987471
26.376650000007434,9.193064516157165
26.378320000007434,9.199388499326858
26.379990000007435,9.205712482496551
26.381660000007436,9.212036465666245
26.383330000007437,9.218360448835995
26.385000000007437,9.224684432005688
26.386670000007438,9.231008415175381
26.38834000000744,9.237332398345075
26.39001000000744,9.243656381514825
26.39168000000744,9.24977391306885
26.39335000000744,9.255491847851488
26.39502000000744,9.261209782634126
26.396690000007442,9.266927717416706
26.398360000007443,9.272645652199344
26.400030000007444,9.278374474081488
26.401700000007445,9.284698457251181
26.403370000007445,9.291022440420875
26.405040000007446,9.297346423590568
26.406710000007447,9.303670406760261
26.408380000007448,9.309994389930011
26.41005000000745,9.31632669872539
26.41172000000745,9.322928757750788
26.41339000000745,9.329530816776185
26.41506000000745,9.336132875801525
26.41673000000745,9.342734934826979
26.418400000007452,9.349336993852376
26.420070000007453,9.355939052877773
26.421740000007453,9.36254111190317
26.423410000007454,9.369084151500829
26.425080000007455,9.375408134670579
26.426750000007456,9.381399456547172
26.428420000007456,9.38711739132981
26.430090000007457,9.39283532611239
26.431760000007458,9.398553260895028
26.43343000000746,9.404271195677609
26.43510000000746,9.410126227237186
26.43677000000746,9.416450210406822
26.43844000000746,9.422774193576515
26.44011000000746,9.429098176746265
26.441780000007462,9.435422159915959
26.443450000007463,9.441746143085709
26.445120000007464,9.448070126255402
26.446790000007464,9.454394109425095
26.448460000007465,9.460718092594846
26.450130000007466,9.467042075764539
26.451800000007466,9.473366058934289
26.453470000007467,9.479136413069
26.455140000007468,9.48485434785158
26.45681000000747,9.490572282634162
26.45848000000747,9.4962902174168
26.46015000000747,9.50200815219938
26.46182000000747,9.508084151500896
26.46349000000747,9.514408134670532
26.465160000007472,9.520732117840282
26.466830000007473,9.527056101009975
26.468500000007474,9.533380084179669
26.470170000007474,9.539704067349419
26.471840000007475,9.546028050519112
26.473510000007476,9.552352033688805
26.475180000007477,9.558676016858499
26.476850000007477,9.565000000028249
26.478520000007478,9.571155434808077
26.48019000000748,9.576873369590714
26.48186000000748,9.582591304373295
26.48353000000748,9.588309239155933
26.48520000000748,9.59402717393857
26.48687000000748,9.599745108721152
26.488540000007482,9.60630775569183
26.490210000007483,9.612909814717227
26.491880000007484,9.619511873742681
26.493550000007485,9.626113932768021
26.495220000007485,9.632715991793475
26.496890000007486,9.639318050818872
26.498560000007487,9.645920109844212
26.500230000007488,9.65248387099598
26.50190000000749,9.658807854165673
26.50357000000749,9.665131837335423
26.50524000000749,9.671455820505116
26.50691000000749,9.67777980367481
26.50858000000749,9.68410378684456
26.510250000007492,9.690427770014196
26.511920000007493,9.696751753183946
26.513590000007493,9.702780978286341
26.515260000007494,9.70849891306898
26.516930000007495,9.71421684785156
26.518600000007496,9.719934782634198
26.520270000007496,9.725652717416779
26.521940000007497,9.731469845750553
26.523610000007498,9.737793828920246
26.5252800000075,9.74411781208994
26.5269500000075,9.75044179525969
26.5286200000075,9.756765778429383
26.5302900000075,9.763089761599133
26.5319600000075,9.769413744768826
26.533630000007502,9.77573772793852
26.535300000007503,9.78206171110827
26.536970000007504,9.788385694277906
26.538640000007504,9.794709677447656
26.540310000007505,9.800517934808113
26.541980000007506,9.80623586959075
26.543650000007506,9.811953804373331
26.545320000007507,9.81767173915597
26.546990000007508,9.82338967393855
26.54866000000751,9.829427770014263
26.55033000000751,9.835751753183956
26.55200000000751,9.842075736353706
26.55367000000751,9.8483997195234
26.55534000000751,9.854723702693093
26.557010000007512,9.861047685862843
26.558680000007513,9.867371669032536
26.560350000007514,9.87369565220223
26.562020000007514,9.880019635371923
26.563690000007515,9.88634361854156
26.565360000007516,9.892536956547247
26.567030000007517,9.898254891329884
26.568700000007517,9.903972826112465
26.570370000007518,9.909690760895103
26.57204000000752,9.91540869567774
26.57371000000752,9.921126630460321
26.57538000000752,9.927385694277973
26.57705000000752,9.93377350723614
26.57872000000752,9.940375566261594
26.580390000007522,9.94697762528699
26.582060000007523,9.95357968431233
26.583730000007524,9.960181743337785
26.585400000007525,9.966783802363182
26.587070000007525,9.973385861388579
26.588740000007526,9.979987920413919
26.590410000007527,9.986475455848847
26.592080000007527,9.992447826112539
26.593750000007528,9.998165760895176
26.59542000000753,10.0038836956777
26.59709000000753,10.009601630460338
26.59876000000753,10.015319565242976
26.60043000000753,10.021193548415454
26.602100000007532,10.027517531585147
26.603770000007533,10.03384151475484
26.605440000007533,10.040165497924534
26.607110000007534,10.046489481094227
26.608780000007535,10.052813464263977
26.610450000007535,10.05913744743367
26.612120000007536,10.065461430603364
26.613790000007537,10.071785413773114
26.615460000007538,10.078109396942807
26.61713000000754,10.084433380112557
26.61880000000754,10.09075736328225
26.62047000000754,10.097081346451944
26.62214000000754,10.103405329621637
26.62381000000754,10.10972931279133
26.625480000007542,10.11605329596108
26.627150000007543,10.12189945654734
26.628820000007543,10.127617391329977
26.630490000007544,10.133335326112558
26.632160000007545,10.139053260895196
26.633830000007546,10.144771195677777
26.635500000007546,10.15077138852763
26.637170000007547,10.157095371697324
26.638840000007548,10.163419354867074
26.64051000000755,10.169743338036767
26.64218000000755,10.17606732120646
26.64385000000755,10.18239130437621
26.64552000000755,10.188715287545904
26.64719000000755,10.195039270715597
26.648860000007552,10.20136325388529
26.650530000007553,10.207687237054984
26.652200000007554,10.213918478286473
26.653870000007554,10.219679521303476
26.655540000007555,10.22567553194176
26.657210000007556,10.231671542580102
26.658880000007557,10.237667553218387
26.660550000007557,10.243663563856671
26.662220000007558,10.250162800304224
26.66389000000756,10.256764859329564
26.66556000000756,10.263366918355018
26.66723000000756,10.269875175343998
26.66890000000756,10.276199158513691
26.67057000000756,10.282523141683441
26.672240000007562,10.288847124853135
26.673910000007563,10.295171108022828
26.675580000007564,10.301495091192521
26.677250000007565,10.307819074362271
26.678920000007565,10.313829347851765
26.680590000007566,10.319547282634346
26.682260000007567,10.325265217416927
26.683930000007567,10.330983152199565
26.685600000007568,10.336701086982146
26.68727000000757,10.342537166928878
26.68894000000757,10.348861150098571
26.69061000000757,10.355185133268265
26.69228000000757,10.361509116437958
26.693950000007572,10.367833099607594
26.695620000007573,10.374157082777344
26.697290000007573,10.380481065947038
26.698960000007574,10.386805049116731
26.700630000007575,10.393129032286481
26.702300000007575,10.399453015456174
26.703970000007576,10.405776998625925
26.705640000007577,10.412100981795618
26.707310000007578,10.418424964965311
26.70898000000758,10.424748948135061
26.71065000000758,10.431072931304755
26.71232000000758,10.437396914474505
26.71399000000758,10.443280978286566
26.71566000000758,10.448998913069147
26.717330000007582,10.454716847851785
26.719000000007583,10.460434782634366
26.720670000007583,10.466152717416946
26.722340000007584,10.472115007041054
26.724010000007585,10.478438990210748
26.725680000007586,10.484762973380441
26.727350000007586,10.491086956550191
26.729020000007587,10.497410939719884
26.730690000007588,10.503734922889635
26.73236000000759,10.510058906059328
26.73403000000759,10.516382889229021
26.73570000000759,10.522706872398714
26.73737000000759,10.529030855568408
26.73904000000759,10.5353000000257
26.740710000007592,10.54101793480828
26.742380000007593,10.546735869590918
26.744050000007594,10.552573138324874
26.745720000007594,10.558569148963159
26.747390000007595,10.564565159601443
26.749060000007596,10.571026492823194
26.750730000007596,10.57762855184859
26.752400000007597,10.584230610873988
26.754070000007598,10.590832669899385
26.7557400000076,10.597434728924782
26.7574100000076,10.603866760196809
26.7590800000076,10.610190743366502
26.7607500000076,10.616514726536195
26.7624200000076,10.622838709705889
26.764090000007602,10.629162692875582
26.765760000007603,10.635210869590935
26.767430000007604,10.64092880437346
26.769100000007604,10.646646739156097
26.770770000007605,10.652364673938735
26.772440000007606,10.658082608721315
26.774110000007607,10.663880785442188
26.775780000007607,10.670204768611939
26.777450000007608,10.676528751781632
26.77912000000761,10.682852734951325
26.78079000000761,10.689176718121018
26.78246000000761,10.695500701290712
26.78413000000761,10.701824684460462
26.78580000000761,10.708148667630155
26.787470000007612,10.714472650799905
26.789140000007613,10.720796633969599
26.790810000007614,10.727120617139292
26.792480000007615,10.732947826112706
26.794150000007615,10.73866576089523
26.795820000007616,10.744383695677868
26.797490000007617,10.750101630460506
26.799160000007618,10.755819565243087
26.80083000000762,10.761838709705955
26.80250000000762,10.768162692875649
26.80417000000762,10.774486676045342
26.80584000000762,10.780810659215035
26.80751000000762,10.787134642384729
26.809180000007622,10.793458625554479
26.810850000007623,10.799782608724172
26.812520000007623,10.806106591893865
26.814190000007624,10.812430575063615
26.815860000007625,10.818754558233309
26.817530000007626,10.825078541403059
26.819200000007626,10.831402524572752
26.820870000007627,10.837825120139655
26.822540000007628,10.844427179164995
26.82421000000763,10.851029238190392
26.82588000000763,10.857614361729134
26.82755000000763,10.863610372367418
26.82922000000763,10.86960638300576
26.83089000000763,10.875602393643987
26.832560000007632,10.881598404282329
26.834230000007633,10.887445108721408
26.835900000007634,10.893590462861653
26.837570000007634,10.899914446031346
26.839240000007635,10.906238429201096
26.840910000007636,10.91256241237079
26.842580000007636,10.918886395540483
26.844250000007637,10.925210378710233
26.845920000007638,10.931534361879926
26.84759000000764,10.93785834504962
26.84926000000764,10.944182328219313
26.85093000000764,10.950506311389006
26.85260000000764,10.956592391330105
26.85427000000764,10.962310326112686
26.855940000007642,10.968028260895323
26.857610000007643,10.973746195677904
26.859280000007644,10.979464130460542
26.860950000007644,10.985224403955613
26.862620000007645,10.991548387125363
26.864290000007646,10.997872370295056
26.865960000007647,11.00419635346475
26.867630000007647,11.010520336634443
26.869300000007648,11.016844319804136
26.87097000000765,11.023168302973886
26.87264000000765,11.02949228614358
26.87431000000765,11.03581626931333
26.87598000000765,11.042140252483023
26.87765000000765,11.048464235652716
26.879320000007652,11.054329347851876
26.880990000007653,11.060047282634457
26.882660000007654,11.065765217417095
26.884330000007655,11.071483152199733
26.886000000007655,11.077201086982313
26.887670000007656,11.083182328219323
26.889340000007657,11.089506311389073
26.891010000007658,11.095830294558766
26.89268000000766,11.102154277728403
26.89435000000766,11.108478260898096
26.89602000000766,11.114802244067846
26.89769000000766,11.12112622723754
26.89936000000766,11.127450210407233
26.901030000007662,11.133774193576983
26.902700000007663,11.140098176746676
26.904370000007663,11.146422159916426
26.906040000007664,11.15274614308612
26.907710000007665,11.159070126255813
26.909380000007666,11.165394109425506
26.911050000007666,11.171892930709362
26.912720000007667,11.178494989734816
26.914390000007668,11.18451196811219
26.91606000000767,11.190507978750531
26.91773000000767,11.196503989388816
26.91940000000767,11.2025000000271
26.92107000000767,11.208496010665385
26.92274000000767,11.21488153743553
26.924410000007672,11.22125806454477
26.926080000007673,11.227582047714463
26.927750000007673,11.233906030884214
26.929420000007674,11.240230014053907
26.931090000007675,11.246553997223657
26.932760000007676,11.25287798039335
26.934430000007676,11.259201963563044
26.936100000007677,11.265525946732737
26.937770000007678,11.271849929902373
26.93944000000768,11.277973913069275
26.94111000000768,11.283691847851912
26.94278000000768,11.28940978263455
26.94445000000768,11.295127717417131
26.94612000000768,11.300845652199769
26.947790000007682,11.306568022469037
26.949460000007683,11.312892005638787
26.951130000007684,11.319215988808423
26.952800000007684,11.325539971978117
26.954470000007685,11.33186395514781
26.956140000007686,11.338187938317503
26.957810000007687,11.344511921487253
26.959480000007687,11.350835904656947
26.961150000007688,11.357159887826697
26.96282000000769,11.36348387099639
26.96449000000769,11.369807854166083
26.96616000000769,11.375710869591103
26.96783000000769,11.381428804373684
26.96950000000769,11.387146739156321
26.971170000007692,11.392864673938902
26.972840000007693,11.39858260872154
26.974510000007694,11.404525946732747
26.976180000007695,11.410849929902497
26.977850000007695,11.417173913072133
26.979520000007696,11.423497896241827
26.981190000007697,11.42982187941152
26.982860000007697,11.436145862581213
26.984530000007698,11.442469845750963
26.9862000000077,11.448793828920657
26.9878700000077,11.455271928650461
26.9895400000077,11.461873987675801
26.9912100000077,11.468440159601641
26.992880000007702,11.474436170239926
26.994550000007703,11.480432180878267
26.996220000007703,11.486428191516552
26.997890000007704,11.492424202154837
26.999560000007705,11.498420212793121
27.001230000007705,11.504166129057523
27.002900000007706,11.509822580670459
27.004570000007707,11.515479032283338
27.006240000007708,11.521135483896273
27.00791000000771,11.526791935509095
27.00958000000771,11.532448387122031
27.01125000000771,11.538104838734967
27.01292000000771,11.543761290347845
27.01459000000771,11.54866374195609
27.016260000007712,11.553318193568998
27.017930000007713,11.557972645181906
27.019600000007713,11.562627096794813
27.021270000007714,11.567876881745747
27.022940000007715,11.573533333358625
27.024610000007716,11.579189784971504
27.026280000007716,11.585008333361486
27.027950000007717,11.590667500023471
27.029620000007718,11.595928000023548
27.03129000000772,11.601188500023511
27.03296000000772,11.606449000023474
27.03463000000772,11.612154166694836
27.03630000000772,11.61784408604683
27.03797000000772,11.623500537659766
27.039640000007722,11.629156989272701
27.041310000007723,11.634360774214201
27.042980000007724,11.639015225827166
27.044650000007724,11.643669677440073
27.046320000007725,11.64832412905298
27.047990000007726,11.653272580670546
27.049660000007727,11.658929032283481
27.051330000007727,11.66458548389636
27.053000000007728,11.670625000028224
27.05467000000773,11.67658550002352
27.05634000000773,11.681846000023597
27.05801000000773,11.68710650002356
27.05968000000773,11.69236700002358
27.06135000000773,11.69758333335875
27.063020000007732,11.703239784971629
27.064690000007733,11.708896236584565
27.066360000007734,11.7145526881975
27.068030000007735,11.720057806472312
27.069700000007735,11.724712258085276
27.071370000007736,11.729366709698184
27.073040000007737,11.734021161311091
27.074710000007737,11.738675612923998
27.076380000007738,11.74432473120828
27.07805000000774,11.749981182821159
27.07972000000774,11.756241666695018
27.08139000000774,11.762503500023627
27.08306000000774,11.767764000023703
27.084730000007742,11.773024500023723
27.086400000007743,11.778285000023686
27.088070000007743,11.783137032278887
27.089740000007744,11.788635483896485
27.091410000007745,11.794291935509364
27.093080000007745,11.7999483871223
27.094750000007746,11.805604838735178
27.096420000007747,11.810409290343443
27.098090000007748,11.815063741956351
27.09976000000775,11.819718193569202
27.10143000000775,11.824372645182109
27.10310000000775,11.829720430133023
27.10477000000775,11.835376881745958
27.10644000000775,11.841033333358894
27.108110000007752,11.846689784971772
27.109780000007753,11.851644903246665
27.111450000007753,11.856299354859573
27.113120000007754,11.861078000023781
27.114790000007755,11.866338500023744
27.116460000007756,11.872141666695143
27.118130000007756,11.878404166695134
27.119800000007757,11.884666666695125
27.121470000007758,11.890929166695116
27.12314000000776,11.896106322601554
27.12481000000776,11.900760774214461
27.12648000000776,11.905415225827426
27.12815000000776,11.910069677440276
27.12982000000776,11.915116129057878
27.131490000007762,11.920772580670814
27.133160000007763,11.92642903228375
27.134830000007764,11.932085483896572
27.136500000007764,11.937341935504833
27.138170000007765,11.941996387117683
27.139840000007766,11.94699600002383
27.141510000007766,11.952256500023793
27.143180000007767,11.95775833336188
27.144850000007768,11.964020833361872
27.14652000000777,11.970283333361863
27.14819000000777,11.976396236584776
27.14986000000777,11.981803354859721
27.15153000000777,11.986457806472629
27.15320000000777,11.991112258085536
27.154870000007772,11.995766709698387
27.156540000007773,12.000511827982677
27.158210000007774,12.006168279595613
27.159880000007774,12.011824731208492
27.161550000007775,12.017481182821427
27.163220000007776,12.023038967763
27.164890000007777,12.02769341937585
27.166560000007777,12.03291400002388
27.168230000007778,12.0381745000239
27.16990000000778,12.04343500002392
27.17157000000778,12.049637500028666
27.17324000000778,12.0559000000286
27.17491000000778,12.061791935509632
27.17658000000778,12.067448387122568
27.178250000007782,12.07215483873074
27.179920000007783,12.076809290343704
27.181590000007784,12.081463741956554
27.183260000007785,12.086118193569519
27.184930000007785,12.091563978520469
27.186600000007786,12.09722043013329
27.188270000007787,12.102876881746226
27.189940000007788,12.108533333359048
27.19161000000779,12.113571500023909
27.19328000000779,12.118832000023986
27.19495000000779,12.124092500024005
27.19662000000779,12.129353000024025
27.19829000000779,12.135254166695404
27.199960000007792,12.141516666695395
27.201630000007793,12.147187634434431
27.203300000007793,12.152844086047367
27.204970000007794,12.15785187098885
27.206640000007795,12.162506322601814
27.208310000007796,12.167160774214665
27.209980000007796,12.171815225827629
27.211650000007797,12.176959677445268
27.213320000007798,12.182616129058147
27.2149900000078,12.188272580671025
27.2166600000078,12.193929032283961
27.2183300000078,12.199087483892185
27.2200000000078,12.203741935505093
27.2216700000078,12.208396387117944
27.223340000007802,12.213050838730908
27.225010000007803,12.218044623681806
27.226680000007804,12.224008333362121
27.228350000007804,12.23027083336217
27.230020000007805,12.23653333336216
27.231690000007806,12.242448500024068
27.233360000007806,12.247709000024088
27.235030000007807,12.252857806472775
27.236700000007808,12.25751225808574
27.23837000000781,12.26235537637001
27.24004000000781,12.268011827982946
27.24171000000781,12.273668279595825
27.24338000000781,12.27932473120876
27.24505000000781,12.284784516150296
27.246720000007812,12.289438967763203
27.248390000007813,12.29409341937611
27.250060000007814,12.298747870989075
27.251730000007814,12.303440322606662
27.253400000007815,12.30962500002886
27.255070000007816,12.315887500028907
27.256740000007817,12.322150000028898
27.258410000007817,12.328366500024174
27.260080000007818,12.333627000024194
27.26175000000782,12.338554838731
27.26342000000782,12.343209290343907
27.26509000000782,12.347863741956814
27.26676000000782,12.353407526907802
27.26843000000782,12.35906397852068
27.270100000007822,12.36472043013356
27.271770000007823,12.370376881746495
27.273440000007824,12.375136000021257
27.275110000007825,12.379790451634221
27.276780000007825,12.384444903247129
27.278450000007826,12.389242500024238
27.280120000007827,12.395241666695597
27.281790000007828,12.401504166695645
27.28346000000783,12.407766666695636
27.28513000000783,12.414029166695684
27.28680000000783,12.419545000024243
27.28847000000783,12.424251870989167
27.29014000000783,12.428906322602074
27.291810000007832,12.433560774214925
27.293480000007833,12.4388032258326
27.295150000007833,12.44445967744548
27.296820000007834,12.450116129058358
27.298490000007835,12.455772580671294
27.300160000007835,12.460833032279481
27.301830000007836,12.465487483892446
27.303500000007837,12.470141935505296
27.305170000007838,12.474796387118204
27.30684000000784,12.479888172069195
27.30851000000784,12.485544623682074
27.31018000000784,12.49120107529501
27.31185000000784,12.496857526907888
27.31352000000784,12.502338000024281
27.315190000007842,12.507598500024358
27.316860000007843,12.51285900002432
27.318530000007843,12.51811950002434
27.320200000007844,12.52366666669576
27.321870000007845,12.529855376370278
27.323540000007846,12.535511827983214
27.325210000007846,12.541168279596093
27.326880000007847,12.546530064537592
27.328550000007848,12.5511845161505
27.33022000000785,12.555838967763407
27.33189000000785,12.560493419376371
27.33356000000785,12.565283870993994
27.33523000000785,12.570940322606873
27.33690000000785,12.576596774219809
27.338570000007852,12.582253225832687
27.340240000007853,12.588400000029083
27.341910000007854,12.59466250002913
27.343580000007854,12.600925000029122
27.345250000007855,12.60718750002917
27.346920000007856,12.613298000024429
27.348590000007857,12.618263741957037
27.350260000007857,12.622918193569944
27.351930000007858,12.627572645182852
27.35360000000786,12.63222709679576
27.35527000000786,12.637876881746763
27.35694000000786,12.643533333359642
27.35861000000786,12.64918978497252
27.36028000000786,12.654844903247294
27.361950000007862,12.659499354860259
27.363620000007863,12.664153806473166
27.365290000007864,12.668913500024473
27.366960000007865,12.674174000024436
27.368630000007865,12.680279166695925
27.370300000007866,12.68654166669586
27.371970000007867,12.692804166695907
27.373640000007867,12.699066666695899
27.375310000007868,12.703960774215147
27.37698000000787,12.708615225828055
27.37865000000787,12.713269677440962
27.38032000000787,12.71792412905387
27.38199000000787,12.723272580671505
27.383660000007872,12.72892903228444
27.385330000007873,12.734585483897376
27.387000000007873,12.740241935510312
27.388670000007874,12.745196387118483
27.390340000007875,12.749850838731334
27.392010000007875,12.75483150002458
27.393680000007876,12.760092000024542
27.395350000007877,12.765895833362663
27.397020000007878,12.772158333362654
27.39869000000788,12.778420833362645
27.40036000000788,12.78455268819846
27.40203000000788,12.789657806473315
27.40370000000788,12.794312258086222
27.40537000000788,12.798966709699073
27.407040000007882,12.80362116131198
27.408710000007883,12.808668279596304
27.410380000007883,12.81432473120924
27.412050000007884,12.819981182822175
27.413720000007885,12.825637634435054
27.415390000007886,12.830893419376594
27.417060000007886,12.835547870989444
27.418730000007887,12.840202322602408
27.420400000007888,12.844856774215316
27.42207000000789,12.849753225832956
27.42374000000789,12.855409677445891
27.42541000000789,12.861066129058713
27.42708000000789,12.86717500002942
27.42875000000789,12.873187500024642
27.430420000007892,12.878448000024662
27.432090000007893,12.883708500024682
27.433760000007894,12.888969000024701
27.435430000007894,12.894063978521217
27.437100000007895,12.899720430134096
27.438770000007896,12.905376881746975
27.440440000007897,12.911033333359853
27.442110000007897,12.916590451634704
27.443780000007898,12.921244903247555
27.4454500000079,12.925899354860519
27.4471200000079,12.93055380647337
27.4487900000079,12.935208258086334
27.4504600000079,12.94080537637069
27.4521300000079,12.946529166696166
27.453800000007902,12.952791666696157
27.455470000007903,12.959054166696149
27.457140000007904,12.964366000024768
27.458810000007905,12.96962650002473
27.460480000007905,12.97488700002475
27.462150000007906,12.979669677441223
27.463820000007907,12.985116129058895
27.465490000007907,12.990772580671774
27.467160000007908,12.99642903228471
27.46883000000791,13.002085483897645
27.47050000000791,13.006941935505722
27.47217000000791,13.01159638711863
27.47384000000791,13.016250838731537
27.47551000000791,13.020905290344501
27.477180000007912,13.02620107529549
27.478850000007913,13.032145833362904
27.480520000007914,13.038408333362895
27.482190000007915,13.044670833362943
27.483860000007915,13.050284000024817
27.485530000007916,13.055544500024837
27.487200000007917,13.060712258086426
27.488870000007918,13.06536670969939
27.49054000000792,13.07051182798375
27.49221000000792,13.076168279596573
27.49388000000792,13.081824731209508
27.49555000000792,13.087481182822387
27.49722000000792,13.092638967763833
27.498890000007922,13.09729341937674
27.500560000007923,13.101947870989704
27.502230000007923,13.106602322602612
27.503900000007924,13.111596774220288
27.505570000007925,13.117253225833224
27.507240000007926,13.122909677446103
27.508910000007926,13.128566129058981
27.510580000007927,13.133874580667111
27.512250000007928,13.138529032279962
27.51392000000793,13.143598000024895
27.51559000000793,13.148858500024858
27.51726000000793,13.154308333363076
27.51893000000793,13.160570833363067
27.52060000000793,13.166833333363059
27.522270000007932,13.172876881747243
27.523940000007933,13.178336000022057
27.525610000007934,13.182990451634907
27.527280000007934,13.187644903247815
27.528950000007935,13.19229935486078
27.530620000007936,13.196992473145087
27.532290000007936,13.202648924758023
27.533960000007937,13.208305376370902
27.535630000007938,13.213961827983837
27.53730000000794,13.219571612925279
27.53897000000794,13.224255500024924
27.54064000000794,13.229516000024944
27.54231000000794,13.234776500024964
27.54398000000794,13.240037000024984
27.545650000007942,13.246187500029748
27.547320000007943,13.252450000029796
27.548990000007944,13.258272580672042
27.550660000007944,13.263929032284977
27.552330000007945,13.268687483893018
27.554000000007946,13.273341935505982
27.555670000007947,13.27799638711889
27.557340000007947,13.282650838731797
27.559010000007948,13.288044623682822
27.56068000000795,13.293701075295758
27.56235000000795,13.299357526908693
27.56402000000795,13.305013978521515
27.56569000000795,13.31017350002503
27.56736000000795,13.31543400002505
27.569030000007952,13.32069450002507
27.570700000007953,13.32595500002509
27.572370000007954,13.331804166696543
27.574040000007955,13.338011827983905
27.575710000007955,13.34366827959684
27.577380000007956,13.349324731209776
27.579050000007957,13.354384516151129
27.580720000007958,13.359038967764093
27.58239000000796,13.363693419376943
27.58406000000796,13.368347870989908
27.58573000000796,13.373440322607621
27.58740000000796,13.379096774220557
27.58907000000796,13.384753225833492
27.590740000007962,13.390409677446371
27.592410000007963,13.396091500025136
27.594080000007963,13.4013520000251
27.595750000007964,13.406612500025176
27.597420000007965,13.411873000025139
27.599090000007966,13.41742083336328
27.600760000007966,13.423407526908761
27.602430000007967,13.42906397852164
27.604100000007968,13.434720430134576
27.60577000000797,13.440081548409353
27.60744000000797,13.44473600002226
27.60911000000797,13.449390451635168
27.61078000000797,13.454044903248075
27.61245000000797,13.458836021532477
27.614120000007972,13.464492473145356
27.615790000007973,13.470148924758291
27.617460000007974,13.47580537637117
27.619130000007974,13.481317161312575
27.620800000007975,13.485971612925539
27.622470000007976,13.49062606453839
27.624140000007976,13.495280516151354
27.625810000007977,13.499934967764204
27.627480000007978,13.506175000030055
27.62915000000798,13.512437500030046
27.63082000000798,13.518700000030037
27.63249000000798,13.524962500030028
27.63416000000798,13.530229000025258
27.63583000000798,13.535087483893278
27.637500000007982,13.539741935506242
27.639170000007983,13.544396387119093
27.640840000007984,13.549888172070212
27.642510000007984,13.55554462368309
27.644180000007985,13.561201075295969
27.645850000007986,13.566857526908848
27.647520000007987,13.57166864518365
27.649190000007987,13.576323096796557
27.650860000007988,13.580977548409464
27.65253000000799,13.585844500025303
27.65420000000799,13.59179166669685
27.65587000000799,13.59805416669684
27.65754000000799,13.604316666696832
27.65921000000799,13.61057916669688
27.660880000007992,13.616130064538481
27.662550000007993,13.620784516151446
27.664220000007994,13.625438967764353
27.665890000007995,13.630093419377204
27.667560000007995,13.635283870994954
27.669230000007996,13.640940322607833
27.670900000007997,13.646596774220768
27.672570000007997,13.652253225833704
27.674240000007998,13.65790967744664
27.675910000008,13.663566129059518
27.677580000008,13.669222580672397
27.679250000008,13.675312500030145
27.680920000008,13.681023000025334
27.682590000008002,13.686283500025354
27.684260000008003,13.691544000025374
27.685930000008003,13.696804500025394
27.687600000008004,13.702220430134787
27.689270000008005,13.707876881747723
27.690940000008005,13.713533333360658
27.692610000008006,13.719189784973594
27.694280000008007,13.724444903248298
27.695950000008008,13.729099354861205
27.69762000000801,13.733753806474112
27.69929000000801,13.73840825808702
27.70096000000801,13.743305376371438
27.70263000000801,13.748961827984317
27.70430000000801,13.754618279597196
27.705970000008012,13.760274731210131
27.707640000008013,13.76568051615152
27.709310000008013,13.770334967764427
27.710980000008014,13.774989419377334
27.712650000008015,13.779643870990185
27.714320000008016,13.784950000030278
27.715990000008016,13.791212500030326
27.717660000008017,13.797475000030317
27.719330000008018,13.803737500030309
27.72100000000802,13.809900000025493
27.72267000000802,13.814796387119316
27.72434000000802,13.81945083873228
27.72601000000802,13.82410529034513
27.72768000000802,13.828759741958038
27.729350000008022,13.834357526909173
27.731020000008023,13.840013978522052
27.732690000008024,13.84567043013493
27.734360000008024,13.851326881747866
27.736030000008025,13.856032000022594
27.737700000008026,13.860686451635502
27.739370000008027,13.865515500025538
27.741040000008027,13.870776000025558
27.742710000008028,13.876829166697064
27.74438000000803,13.883091666697055
27.74605000000803,13.889354166697103
27.74772000000803,13.895616666697038
27.74939000000803,13.900493419377426
27.75106000000803,13.905147870990334
27.752730000008032,13.909802322603241
27.754400000008033,13.914456774216148
27.756070000008034,13.919753225833972
27.757740000008035,13.92540967744685
27.759410000008035,13.931066129059786
27.761080000008036,13.936722580672665
27.762750000008037,13.941729032280762
27.764420000008037,13.946383483893612
27.766090000008038,13.951433500025587
27.76776000000804,13.956694000025664
27.76943000000804,13.962445833363802
27.77110000000804,13.968708333363793
27.77277000000804,13.974970833363841
27.774440000008042,13.98103333336087
27.776110000008043,13.986190451635593
27.777780000008043,13.990844903248501
27.779450000008044,13.995499354861408
27.781120000008045,14.000153806474373
27.782790000008045,14.005148924758771
27.784460000008046,14.01080537637165
27.786130000008047,14.016461827984585
27.787800000008048,14.022118279597464
27.78947000000805,14.027426064538872
27.79114000000805,14.032091000025673
27.79281000000805,14.037351500025693
27.79448000000805,14.042612000025656
27.79615000000805,14.048062500030596
27.797820000008052,14.054325000030587
27.799490000008053,14.060587500030579
27.801160000008053,14.066429032285669
27.802830000008054,14.071887483893704
27.804500000008055,14.076541935506611
27.806170000008056,14.081196387119576
27.807840000008056,14.085850838732483
27.809510000008057,14.09054462368357
27.811180000008058,14.096201075296506
27.81285000000806,14.101857526909441
27.81452000000806,14.107513978522263
27.81619000000806,14.113123096796983
27.81786000000806,14.117777548409833
27.81953000000806,14.122432000022798
27.821200000008062,14.127086451635705
27.822870000008063,14.13174090324867
27.824540000008064,14.137286021533157
27.826210000008064,14.143079166697362
27.827880000008065,14.149341666697353
27.829550000008066,14.155604166697344
27.831220000008067,14.160968000025832
27.832890000008067,14.166228500025795
27.834560000008068,14.171489000025815
27.83623000000807,14.176202322603501
27.83790000000807,14.181596774221305
27.83957000000807,14.187253225834183
27.84124000000807,14.192909677447119
27.84291000000807,14.198566129059998
27.844580000008072,14.203474580668
27.846250000008073,14.208129032280908
27.847920000008074,14.212783483893872
27.849590000008074,14.21743793550678
27.851260000008075,14.2226817204579
27.852930000008076,14.228695833364043
27.854600000008077,14.23495833336409
27.856270000008077,14.241220833364082
27.857940000008078,14.246886000025881
27.85961000000808,14.252146500025901
27.86128000000808,14.257244903248761
27.86295000000808,14.261899354861669
27.86462000000808,14.26699247314616
27.86629000000808,14.27264892475904
27.867960000008082,14.278305376371975
27.869630000008083,14.283961827984797
27.871300000008084,14.289171612926168
27.872970000008085,14.293826064539132
27.874640000008085,14.298480516151983
27.876310000008086,14.303134967764947
27.877980000008087,14.308077419382698
27.879650000008088,14.314312500030837
27.88132000000809,14.320575000030829
27.88299000000809,14.32683750003082
27.88466000000809,14.332804000025874
27.88633000000809,14.33806450002595
27.88800000000809,14.342941935506815
27.889670000008092,14.34759638711978
27.891340000008093,14.352388172070903
27.893010000008093,14.358044623683838
27.894680000008094,14.363701075296774
27.896350000008095,14.369357526909653
27.898020000008096,14.374868645184335
27.899690000008096,14.379523096797243
27.901360000008097,14.38417754841015
27.903030000008098,14.388832000023058
27.9047000000081,14.393486451635908
27.9063700000081,14.399129569920433
27.9080400000081,14.404786021533312
27.9097100000081,14.410442473146247
27.9113800000081,14.416098924759183
27.913050000008102,14.420857500026045
27.914720000008103,14.426118000026065
27.916390000008104,14.431378500026028
27.918060000008104,14.436639000026048
27.919730000008105,14.442737500030944
27.921400000008106,14.449000000030992
27.923070000008106,14.454753225834452
27.924740000008107,14.460409677447387
27.926410000008108,14.465220129055353
27.92808000000811,14.469874580668261
27.92975000000811,14.474529032281225
27.93142000000811,14.479183483894076
27.93309000000811,14.484525268845232
27.93476000000811,14.490181720458168
27.936430000008112,14.495838172071046
27.938100000008113,14.501494623683982
27.939770000008114,14.506775500026151
27.941440000008114,14.512036000026114
27.943110000008115,14.517296500026134
27.944780000008116,14.522557000026154
27.946450000008117,14.528354166697738
27.948120000008117,14.534492473146372
27.949790000008118,14.54014892475925
27.95146000000812,14.54580537637213
27.95313000000812,14.55091716131352
27.95480000000812,14.555571612926428
27.95647000000812,14.560226064539336
27.95814000000812,14.564880516152243
27.959810000008122,14.569920967770088
27.961480000008123,14.575577419382967
27.963150000008124,14.581233870995902
27.964820000008125,14.586890322608838
27.966490000008125,14.592693500026144
27.968160000008126,14.59795400002622
27.969830000008127,14.603214500026183
27.971500000008128,14.608475000026203
27.97317000000813,14.613970833364476
27.97484000000813,14.619888172071171
27.97651000000813,14.62554462368405
27.97818000000813,14.631201075296985
27.97985000000813,14.636614193571631
27.981520000008132,14.641268645184596
27.983190000008133,14.645923096797446
27.984860000008133,14.650577548410354
27.986530000008134,14.655316666694887
27.988200000008135,14.660973118307766
27.989870000008136,14.666629569920701
27.991540000008136,14.672441666697807
27.993210000008137,14.67861150002625
27.994880000008138,14.68387200002627
27.99655000000814,14.68913250002629
27.99822000000814,14.69439300002631
27.99989000000814,14.69965350002633
28.00156000000814,14.704680000025235
28.00323000000814,14.709690000025205
28.004900000008142,14.714700000025232
28.006570000008143,14.719710000025202
28.008240000008144,14.72472000002523
28.009910000008144,14.7297300000252
28.011580000008145,14.73474000002517
28.013250000008146,14.73975000002514
28.014920000008146,14.745712000030096
28.016590000008147,14.751724000030094
28.018260000008148,14.757736000030093
28.01993000000815,14.763748000030091
28.02160000000815,14.768966666691881
28.02327000000815,14.773078571446717
28.02494000000815,14.776657142875308
28.02661000000815,14.780235714303899
28.028280000008152,14.784808000030125
28.029950000008153,14.790820000030124
28.031620000008154,14.796832000030122
28.033290000008154,14.802844000030177
28.034960000008155,14.808213333358538
28.036630000008156,14.813223333358508
28.038300000008157,14.818233333358535
28.039970000008157,14.823243333358562
28.041640000008158,14.828904000030093
28.04331000000816,14.834916000030091
28.04498000000816,14.84070704764207
28.04665000000816,14.845287619070632
28.04832000000816,14.849376190494297
28.04999000000816,14.852954761922888
28.051660000008162,14.857480000025248
28.053330000008163,14.862490000025218
28.055000000008164,14.868000000030179
28.056670000008165,14.874012000030177
28.058340000008165,14.880024000030119
28.060010000008166,14.886036000030117
28.061680000008167,14.891706666691846
28.063350000008167,14.896716666691873
28.065020000008168,14.901726666691843
28.06669000000817,14.90673666669187
28.06836000000817,14.912096000030147
28.07003000000817,14.918108000030145
28.07170000000817,14.924120000030086
28.073370000008172,14.929624380975383
28.075040000008173,14.93401428573236
28.076710000008173,14.93759285716095
28.078380000008174,14.941171428589541
28.080050000008175,14.945983333358583
28.081720000008175,14.951192000030119
28.083390000008176,14.957204000030117
28.085060000008177,14.963216000030172
28.086730000008178,14.96922800003017
28.08840000000818,14.975200000025211
28.09007000000818,14.980210000025181
28.09174000000818,14.985220000025151
28.09341000000818,14.990230000025178
28.09508000000818,14.995288000030087
28.096750000008182,15.000038095261118
28.098420000008183,15.004618666689737
28.100090000008183,15.009199238118299
28.101760000008184,15.014336000030141
28.103430000008185,15.019456666691838
28.105100000008186,15.024466666691865
28.106770000008186,15.029476666691892
28.108440000008187,15.034486666691862
28.110110000008188,15.04039600003017
28.11178000000819,15.046408000030112
28.11345000000819,15.05242000003011
28.11512000000819,15.058432000030052
28.11679000000819,15.06370333335849
28.11846000000819,15.068713333358517
28.120130000008192,15.073723333358487
28.121800000008193,15.07873333335857
28.123470000008194,15.084374857165926
28.125140000008194,15.088955428594431
28.126810000008195,15.09353600002305
28.128480000008196,15.098116571451556
28.130150000008197,15.102950000025146
28.131820000008197,15.107960000025173
28.133490000008198,15.1129700000252
28.1351600000082,15.117980000025227
28.1368300000082,15.123588000030168
28.1385000000082,15.12960000003011
28.1401700000082,15.135612000030164
28.1418400000082,15.141624000030106
28.143510000008202,15.147196666691798
28.145180000008203,15.152206666691825
28.146850000008204,15.156345238113317
28.148520000008205,15.159923809541908
28.150190000008205,15.163949714308728
28.151860000008206,15.168696000030138
28.153530000008207,15.174708000030193
28.155200000008207,15.180720000030135
28.156870000008208,15.186443333358511
28.15854000000821,15.191453333358481
28.16021000000821,15.196463333358508
28.16188000000821,15.201473333358479
28.16355000000821,15.206780000030108
28.165220000008212,15.212792000030163
28.166890000008213,15.218804000030161
28.168560000008213,15.22481600003016
28.170230000008214,15.23069000002522
28.171900000008215,15.23570000002519
28.173570000008215,15.24071000002516
28.175240000008216,15.244561904779971
28.176910000008217,15.248286476213536
28.178580000008218,15.252867047642042
28.18025000000822,15.257900000030133
28.18192000000822,15.263912000030075
28.18359000000822,15.269924000030073
28.18526000000822,15.274946666691847
28.18693000000822,15.279956666691817
28.188600000008222,15.284966666691787
28.190270000008223,15.28997666669187
28.191940000008223,15.29598400003016
28.193610000008224,15.301996000030158
28.195280000008225,15.308008000030156
28.196950000008226,15.313539047642053
28.198620000008226,15.317280952399017
28.200290000008227,15.320859523827608
28.201960000008228,15.324438095256198
28.20363000000823,15.329223333358527
28.20530000000823,15.335080000030189
28.20697000000823,15.341092000030187
28.20864000000823,15.347104000030185
28.21031000000823,15.353116000030127
28.211980000008232,15.358440000025155
28.213650000008233,15.363450000025125
28.215320000008234,15.368460000025152
28.216990000008234,15.373470000025122
28.218660000008235,15.3791760000301
28.220330000008236,15.385188000030098
28.222000000008236,15.391200000030096
28.223670000008237,15.397212000030152
28.225340000008238,15.40191904763708
28.22701000000824,15.405497619065613
28.22868000000824,15.409076190494261
28.23035000000824,15.412716666691836
28.23202000000824,15.418272000030186
28.23369000000824,15.424284000030127
28.235360000008242,15.430296000030125
28.237030000008243,15.43630800003018
28.238700000008244,15.44193333335852
28.240370000008244,15.44694333335849
28.242040000008245,15.45195333335846
28.243710000008246,15.45696333335843
28.245380000008247,15.462368000030153
28.247050000008247,15.468289523832482
28.248720000008248,15.4728700952611
28.25039000000825,15.477450666689663
28.25206000000825,15.481795238113307
28.25373000000825,15.486190000025147
28.25540000000825,15.491200000025174
28.25707000000825,15.4962100000252
28.258740000008252,15.501464000030182
28.260410000008253,15.507476000030124
28.262080000008254,15.51348800003018
28.263750000008255,15.51950000003012
28.265420000008255,15.525426666691772
28.267090000008256,15.530436666691799
28.268760000008257,15.535446666691769
28.270430000008258,15.539611904779917
28.27210000000826,15.543283809546836
28.27377000000826,15.547864380975398
28.27544000000826,15.552584000030208
28.27711000000826,15.55859600003015
28.27878000000826,15.564608000030205
28.280450000008262,15.569683333358512
28.282120000008263,15.574693333358482
28.283790000008263,15.579703333358452
28.285460000008264,15.584713333358422
28.287130000008265,15.59066800003012
28.288800000008266,15.59668000003012
28.290470000008266,15.602692000030117
28.292140000008267,15.608704000030173
28.293810000008268,15.613930000025164
28.29548000000827,15.618940000025134
28.29715000000827,15.623950000025104
28.29882000000827,15.627828571446514
28.30049000000827,15.632201142880092
28.30216000000827,15.636781714308711
28.303830000008272,15.641788000030203
28.305500000008273,15.647800000030202
28.307170000008274,15.65317666669182
28.308840000008274,15.658186666691847
28.310510000008275,15.663196666691874
28.312180000008276,15.668206666691844
28.313850000008276,15.673860000030118
28.315520000008277,15.679872000030116
28.317190000008278,15.685884000030114
28.31886000000828,15.691896000030113
28.32053000000828,15.696969047637026
28.32220000000828,15.70054761906556
28.32387000000828,15.704126190494208
28.32554000000828,15.707704761922741
28.327210000008282,15.712956000030147
28.328880000008283,15.718968000030145
28.330550000008284,15.724980000030143
28.332220000008284,15.730992000030142
28.333890000008285,15.736670000025185
28.335560000008286,15.741680000025156
28.337230000008287,15.746690000025126
28.338900000008287,15.75170000002521
28.340570000008288,15.75671000002518
28.34224000000829,15.76172000002515
28.34391000000829,15.76673000002512
28.34558000000829,15.771740000025204
28.34725000000829,15.777100000030146
28.34892000000829,15.782371047642073
28.350590000008292,15.786951619070578
28.352260000008293,15.791532190499197
28.353930000008294,15.79595666669178
28.355600000008295,15.800966666691806
28.357270000008295,15.805976666691834
28.358940000008296,15.81098666669186
28.360610000008297,15.816196000030175
28.362280000008298,15.822208000030173
28.3639500000083,15.828220000030171
28.3656200000083,15.83423200003017
28.3672900000083,15.840203333358431
28.3689600000083,15.845213333358458
28.3706300000083,15.850159523827472
28.372300000008302,15.85373809525612
28.373970000008303,15.85736533335637
28.375640000008303,15.861945904784932
28.377310000008304,15.8673160000302
28.378980000008305,15.873328000030199
28.380650000008306,15.87934000003014
28.382320000008306,15.884460000025115
28.383990000008307,15.889470000025142
28.385660000008308,15.894480000025112
28.38733000000831,15.89949000002514
28.38900000000831,15.90540000003017
28.39067000000831,15.911412000030168
28.39234000000831,15.917424000030223
28.39401000000831,15.923436000030165
28.395680000008312,15.928706666691824
28.397350000008313,15.933716666691794
28.399020000008314,15.938376190494125
28.400690000008314,15.941954761922716
28.402360000008315,15.946282666689683
28.404030000008316,15.950863238118245
28.405700000008316,15.956520000030196
28.407370000008317,15.962532000030194
28.409040000008318,15.96795333335848
28.41071000000832,15.972963333358507
28.41238000000832,15.977973333358477
28.41405000000832,15.982983333358504
28.41572000000832,15.988592000030167
28.41739000000832,15.994604000030165
28.419060000008322,16.000616000030163
28.420730000008323,16.00662800003016
28.422400000008324,16.01109523811317
28.424070000008324,16.014673809541762
28.425740000008325,16.018252380970353
28.427410000008326,16.02223000002516
28.429080000008327,16.027688000030196
28.430750000008327,16.03370000003025
28.432420000008328,16.039712000030192
28.43409000000833,16.04572400003019
28.43576000000833,16.05144666669179
28.43743000000833,16.05645666669176
28.43910000000833,16.061466666691842
28.44077000000833,16.066476666691813
28.442440000008332,16.071784000030163
28.444110000008333,16.07779600003022
28.445780000008334,16.08380800003016
28.447450000008335,16.089820000030215
28.449120000008335,16.09569333335844
28.450790000008336,16.099311904779825
28.452460000008337,16.102890476208415
28.454130000008337,16.106469047637006
28.455800000008338,16.110880000030193
28.45747000000834,16.11689200003019
28.45914000000834,16.12290400003019
28.46081000000834,16.128916000030188
28.46248000000834,16.134928000030186
28.464150000008342,16.139950000025124
28.465820000008343,16.144960000025094
28.467490000008343,16.149970000025064
28.469160000008344,16.154980000025148
28.470830000008345,16.16098800003016
28.472500000008345,16.166285714308685
28.474170000008346,16.170866285737247
28.475840000008347,16.175446857165866
28.477510000008348,16.179196666691894
28.47918000000835,16.184206666691864
28.48085000000835,16.189216666691834
28.48252000000835,16.194226666691804
28.48419000000835,16.200084000030188
28.48586000000835,16.206096000030186
28.487530000008352,16.212108000030184
28.489200000008353,16.218120000030126
28.490870000008353,16.22344333335849
28.492540000008354,16.22845333335846
28.494210000008355,16.23346333335843
28.495880000008356,16.238473333358456
28.497550000008356,16.244180000030212
28.499220000008357,16.250192000030154
28.500890000008358,16.255203047642
28.50256000000836,16.25978361907056
28.50423000000836,16.263826190494115
28.50590000000836,16.267700000025172
28.50757000000836,16.272710000025143
28.50924000000836,16.27772000002517
28.510910000008362,16.28327600003024
28.512580000008363,16.289288000030183
28.514250000008364,16.29530000003018
28.515920000008364,16.30131200003018
28.517590000008365,16.306936666691797
28.519260000008366,16.311946666691767
28.520930000008367,16.316956666691738
28.522600000008367,16.321642857160725
28.524270000008368,16.325616761927733
28.52594000000837,16.330197333356296
28.52761000000837,16.334777904784858
28.52928000000837,16.34040800003021
28.53095000000837,16.346183333358454
28.53262000000837,16.35119333335848
28.534290000008372,16.356203333358508
28.535960000008373,16.361213333358478
28.537630000008374,16.36646800003018
28.539300000008375,16.37248000003018
28.540970000008375,16.378492000030178
28.542640000008376,16.384504000030176
28.544310000008377,16.390430000025162
28.545980000008377,16.394361904779828
28.547650000008378,16.397940476208362
28.54932000000838,16.401519047636953
28.55099000000838,16.40556400003021
28.55266000000838,16.411576000030152
28.55433000000838,16.417588000030207
28.556000000008382,16.42360000003015
28.557670000008383,16.429612000030204
28.559340000008383,16.43468666669179
28.561010000008384,16.43969666669176
28.562680000008385,16.444706666691843
28.564350000008385,16.449716666691813
28.566020000008386,16.455672000030177
28.567690000008387,16.461684000030175
28.569360000008388,16.467696000030173
28.57103000000839,16.47370800003017
28.57270000000839,16.478933333358384
28.57437000000839,16.48257857144648
28.57604000000839,16.486157142875015
28.57771000000839,16.489735714303663
28.579380000008392,16.494768000030206
28.581050000008393,16.500780000030204
28.582720000008393,16.506792000030202
28.584390000008394,16.5128040000302
28.586060000008395,16.518180000025097
28.587730000008396,16.523190000025124
28.589400000008396,16.528200000025095
28.591070000008397,16.533210000025065
28.592740000008398,16.53886400003023
28.5944100000084,16.544876000030172
28.5960800000084,16.550200380975298
28.5977500000084,16.554780952403917
28.5994200000084,16.558876190494118
28.6010900000084,16.562454761922652
28.602760000008402,16.567446666691808
28.604430000008403,16.572456666691778
28.606100000008404,16.577960000030203
28.607770000008404,16.5839720000302
28.609440000008405,16.5899840000302
28.611110000008406,16.595996000030198
28.612780000008406,16.601673333358463
28.614450000008407,16.606683333358433
28.616120000008408,16.61169333335846
28.61779000000841,16.616703333358487
28.61946000000841,16.62205600003017
28.62113000000841,16.62806800003017
28.62280000000841,16.63408000003011
28.62447000000841,16.63911771430861
28.626140000008412,16.643514285732124
28.627810000008413,16.647092857160715
28.629480000008414,16.650940000025173
28.631150000008414,16.655950000025143
28.632820000008415,16.6611520000302
28.634490000008416,16.667164000030198
28.636160000008417,16.67317600003014
28.637830000008417,16.679188000030194
28.639500000008418,16.685166666691714
28.64117000000842,16.690176666691798
28.64284000000842,16.695186666691768
28.64451000000842,16.700196666691795
28.64618000000842,16.704950857165784
28.64785000000842,16.709531428594403
28.649520000008422,16.714112000022965
28.651190000008423,16.718692571451527
28.652860000008424,16.724296000030222
28.654530000008425,16.729423333358454
28.656200000008425,16.734433333358425
28.657870000008426,16.73944333335845
28.659540000008427,16.744453333358422
28.661210000008428,16.750356000030138
28.66288000000843,16.756368000030193
28.66455000000843,16.76238000003019
28.66622000000843,16.768392000030133
28.66789000000843,16.773670000025106
28.66956000000843,16.778680000025076
28.671230000008432,16.783690000025103
28.672900000008433,16.788700000025074
28.674570000008433,16.793126190494036
28.676240000008434,16.796704761922626
28.677910000008435,16.80028333335116
28.679580000008436,16.803861904779808
28.681250000008436,16.809500000030255
28.682920000008437,16.815512000030253
28.684590000008438,16.82152400003025
28.68626000000844,16.82753600003025
28.68793000000844,16.832956666691757
28.68960000000844,16.837966666691727
28.69127000000844,16.842976666691698
28.69294000000844,16.84798666669178
28.694610000008442,16.853596000030166
28.696280000008443,16.85960800003022
28.697950000008444,16.86428190478489
28.699620000008444,16.868862476213394
28.701290000008445,16.873002380970263
28.702960000008446,16.877213333358497
28.704630000008446,16.882223333358468
28.706300000008447,16.887233333358438
28.707970000008448,16.892692000030195
28.70964000000845,16.89870400003025
28.71131000000845,16.90471600003025
28.71298000000845,16.91072800003019
28.71465000000845,16.916450000025122
28.71632000000845,16.92146000002515
28.717990000008452,16.92647000002512
28.719660000008453,16.93148000002509
28.721330000008454,16.93678800003022
28.723000000008454,16.942800000030218
28.724670000008455,16.948618666689583
28.726340000008456,16.953199238118145
28.728010000008457,16.95764047620827
28.729680000008457,16.96121904763686
28.731350000008458,16.965716666691833
28.73302000000846,16.970726666691803
28.73469000000846,16.97588400003025
28.73636000000846,16.981896000030247
28.73803000000846,16.98790800003019
28.73970000000846,16.993920000030244
28.741370000008462,16.999932000030185
28.743040000008463,17.0049533333584
28.744710000008464,17.00996333335837
28.746380000008465,17.014973333358455
28.748050000008465,17.019035714303527
28.749720000008466,17.023612952403937
28.751390000008467,17.028193523832442
28.753060000008468,17.033016000030273
28.75473000000847,17.039028000030214
28.75640000000847,17.044200000025114
28.75807000000847,17.04921000002514
28.75974000000847,17.05422000002511
28.76141000000847,17.05923000002508
28.763080000008472,17.065088000030244
28.764750000008473,17.071100000030242
28.766420000008473,17.077112000030183
28.768090000008474,17.08312400003024
28.769760000008475,17.088176190493982
28.771430000008476,17.091754761922573
28.773100000008476,17.095333333351107
28.774770000008477,17.098911904779754
28.776440000008478,17.104184000030216
28.77811000000848,17.11019600003027
28.77978000000848,17.116208000030213
28.78145000000848,17.122220000030268
28.78312000000848,17.12769333335848
28.78479000000848,17.13270333335845
28.786460000008482,17.137713333358477
28.788130000008483,17.142723333358447
28.789800000008483,17.14828000003024
28.791470000008484,17.154292000030182
28.793140000008485,17.160304000030237
28.794810000008486,17.16631600003018
28.796480000008486,17.171940000025018
28.798150000008487,17.176392857160636
28.799820000008488,17.17997142858917
28.80149000000849,17.183550000017817
28.80316000000849,17.18752457145149
28.80483000000849,17.19338800003021
28.80650000000849,17.199400000030266
28.80817000000849,17.205412000030208
28.809840000008492,17.21118666669173
28.811510000008493,17.216196666691758
28.813180000008494,17.221206666691785
28.814850000008494,17.226216666691812
28.816520000008495,17.231472000030294
28.818190000008496,17.237484000030236
28.819860000008497,17.243496000030234
28.821530000008497,17.248196571451444
28.823200000008498,17.252690476208272
28.8248700000085,17.256269047636863
28.8265400000085,17.26045333335844
28.8282100000085,17.26546333335841
28.8298800000085,17.27056800003021
28.8315500000085,17.276580000030265
28.833220000008502,17.282592000030206
28.834890000008503,17.288604000030205
28.836560000008504,17.29461600003026
28.838230000008505,17.299690000025066
28.839900000008505,17.30470000002515
28.841570000008506,17.30971000002512
28.843240000008507,17.31472000002509
28.844910000008507,17.320676000030232
28.846580000008508,17.326688000030174
28.84825000000851,17.332533333356196
28.84992000000851,17.337113904784815
28.85159000000851,17.340907142874926
28.85326000000851,17.344485714303516
28.854930000008512,17.348956666691777
28.856600000008513,17.353966666691747
28.858270000008513,17.359772000030205
28.859940000008514,17.365784000030203
28.861610000008515,17.3717960000302
28.863280000008515,17.3778080000302
28.864950000008516,17.383183333358375
28.866620000008517,17.3881933333584
28.868290000008518,17.39320333335843
28.86996000000852,17.398213333358456
28.87163000000852,17.40294704764193
28.87330000000852,17.40752761907055
28.87497000000852,17.412108190499055
28.87664000000852,17.41690400003023
28.878310000008522,17.422430000025088
28.879980000008523,17.427440000025115
28.881650000008523,17.432450000025085
28.883320000008524,17.43746000002517
28.884990000008525,17.442964000030315
28.886660000008526,17.448976000030314
28.888330000008526,17.454988000030312
28.890000000008527,17.461000000030253
28.891670000008528,17.46667666669174
28.89334000000853,17.47168666669171
28.89501000000853,17.476696666691737
28.89668000000853,17.481706666691707
28.89835000000853,17.487060000030226
28.90002000000853,17.491864380975244
28.901690000008532,17.496444952403863
28.903360000008533,17.501025523832425
28.905030000008534,17.505923333358396
28.906700000008534,17.510933333358423
28.908370000008535,17.51594333335845
28.910040000008536,17.52095333335842
28.911710000008537,17.526156000030312
28.913380000008537,17.532168000030254
28.915050000008538,17.538180000030252
28.91672000000854,17.544192000030307
28.91839000000854,17.550170000025105
28.92006000000854,17.555180000025075
28.92173000000854,17.559659523827236
28.92340000000854,17.563238095255883
28.925070000008542,17.566858666689598
28.926740000008543,17.57143923811816
28.928410000008544,17.57727600003028
28.930080000008545,17.583288000030223
28.931750000008545,17.58930000003022
28.933420000008546,17.59442666669173
28.935090000008547,17.59943666669176
28.936760000008547,17.60444666669173
28.938430000008548,17.609456666691756
28.94010000000855,17.61536000003025
28.94177000000855,17.621372000030306
28.94344000000855,17.627384000030247
28.94511000000855,17.633396000030245
28.946780000008552,17.638673333358383
28.948450000008553,17.643683333358354
28.950120000008553,17.647876190493946
28.951790000008554,17.65145476192248
28.953460000008555,17.65577600002291
28.955130000008555,17.660468000030335
28.956800000008556,17.666480000030276
28.958470000008557,17.672492000030275
28.960140000008558,17.67792000002504
28.96181000000856,17.68293000002501
28.96348000000856,17.687940000025037
28.96515000000856,17.692950000025064
28.96682000000856,17.698552000030247
28.96849000000856,17.704564000030246
28.970160000008562,17.710576000030244
28.971830000008563,17.716448000022922
28.973500000008563,17.720595238112992
28.975170000008564,17.724173809541526
28.976840000008565,17.727752380970117
28.978510000008566,17.73219666669172
28.980180000008566,17.737648000030276
28.981850000008567,17.743660000030275
28.983520000008568,17.749672000030273
28.98519000000857,17.755684000030328
28.98686000000857,17.761413333358405
28.98853000000857,17.766423333358432
28.99020000000857,17.771433333358402
28.99187000000857,17.77644333335843
28.993540000008572,17.781744000030244
28.995210000008573,17.787756000030242
28.996880000008574,17.79376800003024
28.998550000008574,17.79978000003024
29.000220000008575,17.89999999999901
29.001890000008576,17.899999999999068
29.003560000008576,17.899999999999068
29.005230000008577,17.899999999999068
29.006900000008578,17.899999999999068
29.00857000000858,17.899999999999068
29.01024000000858,17.89999999999901
29.01191000000858,17.89999999999901
29.01358000000858,17.899999999999068
29.01525000000858,17.899999999999068
29.016920000008582,17.899999999999068
29.018590000008583,17.899999999999068
29.020260000008584,17.899999999999068
29.021930000008584,17.899999999999125
29.023600000008585,17.899999999999125
29.025270000008586,17.899999999999068
29.026940000008587,17.899999999999068
29.028610000008587,17.89999999999901
29.030280000008588,17.89999999999901
29.03195000000859,17.899999999999068
29.03362000000859,17.899999999999068
29.03529000000859,17.89999999999901
29.03696000000859,17.89999999999901
29.03863000000859,17.899999999999068
29.040300000008592,17.89999999999901
29.041970000008593,17.89999999999901
29.043640000008594,17.899999999999068
29.045310000008595,17.899999999999068
29.046980000008595,17.899999999999125
29.048650000008596,17.899999999999125
29.050320000008597,17.899999999999125
29.051990000008598,17.899999999999068
29.0536600000086,17.89999999999901
29.0553300000086,17.89999999999901
29.0570000000086,17.899999999999068
29.0586700000086,17.89999999999901
29.0603400000086,17.899999999999068
29.062010000008602,17.899999999999068
29.063680000008603,17.899999999999068
29.065350000008603,17.89999999999901
29.067020000008604,17.89999999999901
29.068690000008605,17.899999999999068
29.070360000008606,17.899999999999068
29.072030000008606,17.899999999999068
29.073700000008607,17.899999999999125
29.075370000008608,17.899999999999125
29.07704000000861,17.899999999999125
29.07871000000861,17.899999999999068
29.08038000000861,17.899999999999068
29.08205000000861,17.89999999999901
29.08372000000861,17.89999999999901
29.085390000008612,17.899999999999068
29.087060000008613,17.899999999999068
29.088730000008614,17.899999999999068
29.090400000008614,17.899999999999068
29.092070000008615,17.899999999999068
29.093740000008616,17.899999999999068
29.095410000008616,17.899999999999068
29.097080000008617,17.899999999999125
29.098750000008618,17.899999999999068
29.10042000000862,17.899999999999125
29.10209000000862,17.899999999999068
29.10376000000862,17.899999999999068
29.10543000000862,17.899999999999068
29.10710000000862,17.899999999999068
29.108770000008622,17.899999999999068
29.110440000008623,17.899999999999068
29.112110000008624,17.89999999999901
29.113780000008624,17.89999999999901
29.115450000008625,17.899999999999068
29.117120000008626,17.899999999999068
29.118790000008627,17.899999999999068
29.120460000008627,17.89999999999901
29.122130000008628,17.899999999999068
29.12380000000863,17.899999999999068
29.12547000000863,17.899999999999068
29.12714000000863,17.899999999999068
29.12881000000863,17.899999999999125
29.13048000000863,17.899999999999068
29.132150000008632,17.899999999999125
29.133820000008633,17.899999999999068
29.135490000008634,17.899999999999068
29.137160000008635,17.89999999999901
29.138830000008635,17.89999999999901
29.140500000008636,17.899999999999068
29.142170000008637,17.89999999999901
29.143840000008638,17.89999999999901
29.14551000000864,17.899999999999068
29.14718000000864,17.899999999999125
29.14885000000864,17.899999999999068
29.15052000000864,17.899999999999125
29.15219000000864,17.89999999999901
29.153860000008642,17.899999999999068
29.155530000008643,17.899999999999068
29.157200000008643,17.899999999999068
29.158870000008644,17.899999999999068
29.160540000008645,17.899999999999068
29.162210000008645,17.899999999999068
29.163880000008646,17.899999999999068
29.165550000008647,17.899999999999068
29.167220000008648,17.89999999999901
29.16889000000865,17.89999999999901
29.17056000000865,17.899999999999068
29.17223000000865,17.899999999999068
29.17390000000865,17.899999999999125
29.17557000000865,17.899999999999068
29.177240000008652,17.899999999999068
29.178910000008653,17.899999999999068
29.180580000008653,17.89999999999901
29.182250000008654,17.89999999999901
29.183920000008655,17.899999999999068
29.185590000008656,17.899999999999068
29.187260000008656,17.899999999999068
29.188930000008657,17.899999999999068
29.190600000008658,17.899999999999068
29.19227000000866,17.899999999999068
29.19394000000866,17.899999999999068
29.19561000000866,17.89999999999901
29.19728000000866,17.899999999999068
29.19895000000866,17.899999999999125
29.200620000008662,17.899999999999125
29.202290000008663,17.899999999999068
29.203960000008664,17.899999999999068
29.205630000008664,17.89999999999901
29.207300000008665,17.89999999999901
29.208970000008666,17.899999999999068
29.210640000008667,17.89999999999901
29.212310000008667,17.899999999999068
29.213980000008668,17.899999999999068
29.21565000000867,17.899999999999068
29.21732000000867,17.899999999999068
29.21899000000867,17.899999999999068
29.22066000000867,17.89999999999901
29.22233000000867,17.89999999999901
29.224000000008672,17.899999999999068
29.225670000008673,17.899999999999068
29.227340000008674,17.899999999999125
29.229010000008675,17.899999999999125
29.230680000008675,17.899999999999068
29.232350000008676,17.899999999999068
29.234020000008677,17.89999999999901
29.235690000008677,17.89999999999901
29.237360000008678,17.899999999999068
29.23903000000868,17.899999999999068
29.24070000000868,17.899999999999068
29.24237000000868,17.899999999999068
29.24404000000868,17.899999999999068
29.245710000008682,17.899999999999125
29.247380000008683,17.899999999999125
29.249050000008683,17.899999999999125
29.250720000008684,17.899999999999068
29.252390000008685,17.899999999999068
29.254060000008685,17.89999999999901
29.255730000008686,17.899999999999068
29.257400000008687,17.899999999999068
29.259070000008688,17.899999999999068
29.26074000000869,17.899999999999068
29.26241000000869,17.899999999999068
29.26408000000869,17.89999999999901
29.26575000000869,17.89999999999901
29.26742000000869,17.899999999999068
29.269090000008692,17.899999999999068
29.270760000008693,17.899999999999068
29.272430000008693,17.899999999999125
29.274100000008694,17.899999999999125
29.275770000008695,17.899999999999068
29.277440000008696,17.899999999999068
29.279110000008696,17.899999999999068
29.280780000008697,17.89999999999901
29.282450000008698,17.89999999999901
29.2841200000087,17.899999999999068
29.2857900000087,17.899999999999068
29.2874600000087,17.899999999999068
29.2891300000087,17.89999999999901
29.2908000000087,17.89999999999901
29.292470000008702,17.899999999999068
29.294140000008703,17.89999999999901
29.295810000008704,17.89999999999901
29.297480000008704,17.899999999999068
29.299150000008705,17.899999999999125
29.300820000008706,17.899999999999125
29.302490000008707,17.899999999999125
29.304160000008707,17.899999999999068
29.305830000008708,17.89999999999901
29.30750000000871,17.89999999999901
29.30917000000871,17.899999999999068
29.31084000000871,17.899999999999068
29.31251000000871,17.89999999999901
29.31418000000871,17.899999999999068
29.315850000008712,17.899999999999068
29.317520000008713,17.899999999999068
29.319190000008714,17.89999999999901
29.320860000008715,17.899999999999068
29.322530000008715,17.899999999999125
29.324200000008716,17.899999999999068
29.325870000008717,17.899999999999068
29.327540000008717,17.899999999999068
29.329210000008718,17.899999999999068
29.33088000000872,17.899999999999125
29.33255000000872,17.899999999999068
29.33422000000872,17.899999999999068
29.33589000000872,17.89999999999901
29.33756000000872,17.89999999999901
29.339230000008722,17.899999999999068
29.340900000008723,17.899999999999068
29.342570000008724,17.899999999999068
29.344240000008725,17.899999999999068
29.345910000008725,17.899999999999068
29.347580000008726,17.89999999999901
29.349250000008727,17.899999999999068
29.350920000008728,17.899999999999068
29.35259000000873,17.899999999999068
29.35426000000873,17.899999999999068
29.35593000000873,17.899999999999125
29.35760000000873,17.899999999999068
29.35927000000873,17.899999999999068
29.360940000008732,17.899999999999068
29.362610000008733,17.899999999999068
29.364280000008733,17.899999999999068
29.365950000008734,17.89999999999901
29.367620000008735,17.89999999999901
29.369290000008736,17.899999999999068
29.370960000008736,17.899999999999125
29.372630000008737,17.899999999999068
29.374300000008738,17.899999999999068
29.37597000000874,17.899999999999068
29.37764000000874,17.899999999999068
29.37931000000874,17.899999999999068
29.38098000000874,17.89999999999901
29.38265000000874,17.899999999999068
29.384320000008742,17.899999999999068
29.385990000008743,17.899999999999068
29.387660000008744,17.899999999999068
29.389330000008744,17.899999999999068
29.391000000008745,17.89999999999901
29.392670000008746,17.89999999999901
29.394340000008746,17.899999999999068
29.396010000008747,17.89999999999901
29.397680000008748,17.899999999999068
29.39935000000875,17.899999999999125
29.40102000000875,17.899999999999068
29.40269000000875,17.899999999999068
29.40436000000875,17.899999999999068
29.40603000000875,17.89999999999901
29.407700000008752,17.899999999999068
29.409370000008753,17.899999999999068
29.411040000008754,17.899999999999068
29.412710000008754,17.899999999999068
29.414380000008755,17.899999999999068
29.416050000008756,17.899999999999068
29.417720000008757,17.899999999999068
29.419390000008757,17.89999999999901
29.421060000008758,17.89999999999901
29.42273000000876,17.899999999999068
29.42440000000876,17.899999999999125
29.42607000000876,17.899999999999125
29.42774000000876,17.899999999999068
29.42941000000876,17.89999999999901
29.431080000008762,17.899999999999068
29.432750000008763,17.89999999999901
29.434420000008764,17.89999999999901
29.436090000008765,17.899999999999068
29.437760000008765,17.899999999999068
29.439430000008766,17.899999999999068
29.441100000008767,17.899999999999068
29.442770000008768,17.899999999999068
29.44444000000877,17.89999999999901
29.44611000000877,17.899999999999068
29.44778000000877,17.899999999999068
29.44945000000877,17.899999999999068
29.45112000000877,17.899999999999068
29.452790000008772,17.899999999999125
29.454460000008773,17.899999999999125
29.456130000008773,17.899999999999068
29.457800000008774,17.89999999999901
29.459470000008775,17.89999999999901
29.461140000008776,17.899999999999068
29.462810000008776,17.899999999999068
29.464480000008777,17.89999999999901
29.466150000008778,17.899999999999068
29.46782000000878,17.899999999999068
29.46949000000878,17.899999999999125
29.47116000000878,17.899999999999068
29.47283000000878,17.899999999999125
29.47450000000878,17.899999999999125
29.476170000008782,17.899999999999068
29.477840000008783,17.89999999999901
29.479510000008784,17.899999999999068
29.481180000008784,17.899999999999068
29.482850000008785,17.899999999999068
29.484520000008786,17.899999999999068
29.486190000008786,17.899999999999068
29.487860000008787,17.89999999999901
29.489530000008788,17.89999999999901
29.49120000000879,17.899999999999068
29.49287000000879,17.899999999999068
29.49454000000879,17.899999999999125
29.49621000000879,17.899999999999068
29.49788000000879,17.899999999999068
29.499550000008792,17.899999999999068
29.501220000008793,17.899999999999125
29.502890000008794,17.899999999999125
29.504560000008794,17.899999999999068
29.506230000008795,17.89999999999901
29.507900000008796,17.899999999999068
29.509570000008797,17.899999999999068
29.511240000008797,17.899999999999068
29.512910000008798,17.89999999999901
29.5145800000088,17.899999999999068
29.5162500000088,17.899999999999068
29.5179200000088,17.89999999999901
29.5195900000088,17.89999999999901
29.5212600000088,17.899999999999068
29.522930000008802,17.899999999999125
29.524600000008803,17.899999999999068
29.526270000008804,17.899999999999125
29.527940000008805,17.899999999999125
29.529610000008805,17.89999999999901
29.531280000008806,17.89999999999901
29.532950000008807,17.899999999999068
29.534620000008807,17.89999999999901
29.536290000008808,17.89999999999901
29.53796000000881,17.899999999999068
29.53963000000881,17.899999999999068
29.54130000000881,17.899999999999068
29.54297000000881,17.89999999999901
29.544640000008812,17.89999999999901
29.546310000008813,17.899999999999068
29.547980000008813,17.899999999999125
29.549650000008814,17.899999999999068
29.551320000008815,17.899999999999068
29.552990000008815,17.899999999999068
29.554660000008816,17.899999999999125
29.556330000008817,17.899999999999068
29.558000000008818,17.899999999999068
29.55967000000882,17.89999999999901
29.56134000000882,17.89999999999901
29.56301000000882,17.899999999999068
29.56468000000882,17.899999999999068
29.56635000000882,17.89999999999901
29.568020000008822,17.899999999999068
29.569690000008823,17.899999999999068
29.571360000008823,17.89999999999901
29.573030000008824,17.899999999999068
29.574700000008825,17.899999999999125
29.576370000008826,17.899999999999125
29.578040000008826,17.899999999999125
29.579710000008827,17.899999999999125
29.581380000008828,17.899999999999068
29.58305000000883,17.899999999999068
29.58472000000883,17.899999999999068
29.58639000000883,17.899999999999068
29.58806000000883,17.899999999999068
29.58973000000883,17.89999999999901
29.591400000008832,17.89999999999901
29.593070000008833,17.899999999999068
29.594740000008834,17.899999999999068
29.596410000008834,17.899999999999125
29.598080000008835,17.899999999999068
29.599750000008836,17.899999999999068
29.601420000008837,17.899999999999068
29.603090000008837,17.89999999999901
29.604760000008838,17.89999999999901
29.60643000000884,17.899999999999068
29.60810000000884,17.899999999999068
29.60977000000884,17.899999999999068
29.61144000000884,17.899999999999068
29.61311000000884,17.899999999999068
29.614780000008842,17.89999999999901
29.616450000008843,17.899999999999068
29.618120000008844,17.89999999999901
29.619790000008845,17.89999999999901
29.621460000008845,17.899999999999068
29.623130000008846,17.899999999999068
29.624800000008847,17.899999999999125
29.626470000008847,17.899999999999068
29.628140000008848,17.899999999999068
29.62981000000885,17.89999999999901
29.63148000000885,17.899999999999068
29.63315000000885,17.899999999999068
29.63482000000885,17.899999999999068
29.636490000008852,17.899999999999068
29.638160000008853,17.899999999999068
29.639830000008853,17.899999999999068
29.641500000008854,17.899999999999068
29.643170000008855,17.89999999999901
29.644840000008855,17.89999999999901
29.646510000008856,17.899999999999068
29.648180000008857,17.899999999999068
29.649850000008858,17.899999999999125
29.65152000000886,17.899999999999125
29.65319000000886,17.899999999999068
29.65486000000886,17.899999999999068
29.65653000000886,17.89999999999901
29.65820000000886,17.89999999999901
29.659870000008862,17.899999999999068
29.661540000008863,17.899999999999068
29.663210000008863,17.899999999999068
29.664880000008864,17.899999999999068
29.666550000008865,17.899999999999068
29.668220000008866,17.899999999999125
29.669890000008866,17.899999999999068
29.671560000008867,17.899999999999068
29.673230000008868,17.89999999999901
29.67490000000887,17.899999999999068
29.67657000000887,17.899999999999068
29.67824000000887,17.899999999999125
29.67991000000887,17.899999999999068
29.68158000000887,17.89999999999901
29.683250000008872,17.89999999999901
29.684920000008873,17.899999999999068
29.686590000008874,17.89999999999901
29.688260000008874,17.89999999999901
29.689930000008875,17.899999999999068
29.691600000008876,17.899999999999068
29.693270000008877,17.899999999999125
29.694940000008877,17.899999999999068
29.696610000008878,17.899999999999125
29.69828000000888,17.899999999999068
29.69995000000888,17.899999999999125
29.70162000000888,17.899999999999068
29.70329000000888,17.899999999999068
29.70496000000888,17.89999999999901
29.706630000008882,17.899999999999068
29.708300000008883,17.899999999999068
29.709970000008884,17.899999999999068
29.711640000008884,17.89999999999901
29.713310000008885,17.89999999999901
29.714980000008886,17.899999999999068
29.716650000008887,17.899999999999068
29.718320000008887,17.899999999999068
29.719990000008888,17.899999999999068
29.72166000000889,17.899999999999068
29.72333000000889,17.899999999999068
29.72500000000889,17.899999999999068
29.72667000000889,17.899999999999125
29.72834000000889,17.899999999999068
29.730010000008892,17.899999999999068
29.731680000008893,17.899999999999068
29.733350000008894,17.899999999999068
29.735020000008895,17.899999999999068
29.736690000008895,17.899999999999068
29.738360000008896,17.899999999999068
29.740030000008897,17.899999999999068
29.741700000008898,17.89999999999901
29.7433700000089,17.89999999999901
29.7450400000089,17.899999999999068
29.7467100000089,17.899999999999068
29.7483800000089,17.899999999999125
29.7500500000089,17.899999999999068
29.751720000008902,17.899999999999125
29.753390000008903,17.899999999999068
29.755060000008903,17.899999999999068
29.756730000008904,17.899999999999068
29.758400000008905,17.89999999999901
29.760070000008906,17.89999999999901
29.761740000008906,17.899999999999068
29.763410000008907,17.899999999999068
29.765080000008908,17.899999999999068
29.76675000000891,17.89999999999901
29.76842000000891,17.899999999999068
29.77009000000891,17.899999999999068
29.77176000000891,17.899999999999068
29.77343000000891,17.899999999999125
29.775100000008912,17.899999999999068
29.776770000008913,17.899999999999068
29.778440000008914,17.899999999999125
29.780110000008914,17.899999999999068
29.781780000008915,17.899999999999068
29.783450000008916,17.89999999999901
29.785120000008916,17.89999999999901
29.786790000008917,17.899999999999068
29.788460000008918,17.89999999999901
29.79013000000892,17.89999999999901
29.79180000000892,17.899999999999068
29.79347000000892,17.899999999999068
29.79514000000892,17.89999999999901
29.79681000000892,17.89999999999901
29.798480000008922,17.899999999999068
29.800150000008923,17.899999999999125
29.801820000008924,17.899999999999125
29.803490000008924,17.899999999999125
29.805160000008925,17.899999999999068
29.806830000008926,17.899999999999068
29.808500000008927,17.899999999999068
29.810170000008927,17.899999999999068
29.811840000008928,17.899999999999068
29.81351000000893,17.89999999999901
29.81518000000893,17.89999999999901
29.81685000000893,17.899999999999068
29.81852000000893,17.899999999999068
29.82019000000893,17.899999999999125
29.821860000008932,17.899999999999125
29.823530000008933,17.899999999999068
29.825200000008934,17.899999999999068
29.826870000008935,17.89999999999901
29.828540000008935,17.89999999999901
29.830210000008936,17.899999999999068
29.831880000008937,17.899999999999068
29.833550000008938,17.899999999999068
29.83522000000894,17.899999999999068
29.83689000000894,17.899999999999068
29.83856000000894,17.899999999999068
29.84023000000894,17.899999999999068
29.84190000000894,17.89999999999901
29.843570000008942,17.89999999999901
29.845240000008943,17.899999999999068
29.846910000008943,17.899999999999068
29.848580000008944,17.899999999999125
29.850250000008945,17.899999999999125
29.851920000008946,17.899999999999068
29.853590000008946,17.899999999999068
29.855260000008947,17.899999999999068
29.856930000008948,17.89999999999901
29.85860000000895,17.899999999999068
29.86027000000895,17.899999999999068
29.86194000000895,17.899999999999068
29.86361000000895,17.899999999999068
29.86528000000895,17.899999999999068
29.866950000008952,17.89999999999901
29.868620000008953,17.89999999999901
29.870290000008954,17.899999999999068
29.871960000008954,17.899999999999068
29.873630000008955,17.899999999999068
29.875300000008956,17.899999999999125
29.876970000008956,17.899999999999068
29.878640000008957,17.899999999999068
29.880310000008958,17.89999999999901
29.88198000000896,17.89999999999901
29.88365000000896,17.899999999999068
29.88532000000896,17.89999999999901
29.88699000000896,17.89999999999901
29.88866000000896,17.899999999999068
29.890330000008962,17.89999999999901
29.892000000008963,17.899999999999068
29.893670000008964,17.899999999999068
29.895340000008964,17.899999999999068
29.897010000008965,17.89999999999901
29.898680000008966,17.899999999999068
29.900350000008967,17.899999999999068
29.902020000008967,17.899999999999068
29.903690000008968,17.899999999999125
29.90536000000897,17.89999999999901
29.90703000000897,17.899999999999068
29.90870000000897,17.899999999999068
29.91037000000897,17.89999999999901
29.91204000000897,17.89999999999901
29.913710000008972,17.89999999999901
29.915380000008973,17.89999999999901
29.917050000008974,17.899999999999068
29.918720000008975,17.899999999999068
29.920390000008975,17.899999999999068
29.922060000008976,17.899999999999125
29.923730000008977,17.899999999999068
29.925400000008977,17.899999999999125
29.927070000008978,17.89999999999901
29.92874000000898,17.89999999999901
29.93041000000898,17.899999999999068
29.93208000000898,17.899999999999068
29.93375000000898,17.899999999999068
29.935420000008982,17.89999999999901
29.937090000008983,17.89999999999901
29.938760000008983,17.89999999999901
29.940430000008984,17.89999999999901
29.942100000008985,17.89999999999901
29.943770000008985,17.89999999999901
29.945440000008986,17.89999999999901
29.947110000008987,17.899999999999068
29.948780000008988,17.899999999999068
29.95045000000899,17.899999999999068
29.95212000000899,17.899999999999125
29.95379000000899,17.899999999999068
29.95546000000899,17.899999999999068
29.95713000000899,17.899999999999068
29.958800000008992,17.89999999999901
29.960470000008993,17.899999999999068
29.962140000008993,17.899999999999068
29.963810000008994,17.899999999999068
29.965480000008995,17.89999999999901
29.967150000008996,17.89999999999901
29.968820000008996,17.89999999999901
29.970490000008997,17.89999999999901
29.972160000008998,17.899999999999068
29.973830000009,17.899999999999125
29.975500000009,17.899999999999125
29.977170000009,17.899999999999125
29.978840000009,17.899999999999068
29.980510000009,17.899999999999068
29.982180000009002,17.89999999999901
29.983850000009003,17.89999999999901
29.985520000009004,17.899999999999068
29.987190000009004,17.899999999999068
29.988860000009005,17.899999999999068
29.990530000009006,17.899999999999068
29.992200000009007,17.899999999999068
29.993870000009007,17.89999999999901
29.995540000009008,17.89999999999901
29.99721000000901,17.899999999999068
29.99888000000901,17.89999999999901
30.00055000000901,17.89801999996672
30.00222000000901,17.892007999966722
30.00389000000901,17.885995999966667
30.005560000009012,17.879983999966726
30.007230000009013,17.87381384611558
30.008900000009014,17.866876923038717
30.010570000009015,17.859939999961796
30.012240000009015,17.853003076884875
30.013910000009016,17.846066153807953
30.015580000009017,17.839129230730975
30.017250000009017,17.832192307654054
30.018920000009018,17.82525538457719
30.02059000000902,17.818318461500212
30.02226000000902,17.811413919383426
30.02393000000902,17.805908424877884
30.02560000000902,17.800402930372456
30.027270000009022,17.794897435866915
30.028940000009023,17.7886338461156
30.030610000009023,17.78169692303868
30.032280000009024,17.774759999961816
30.033950000009025,17.767823076884838
30.035620000009025,17.760886153807917
30.037290000009026,17.753949230731052
30.038960000009027,17.74701230765413
30.040630000009028,17.740075384577153
30.04230000000903,17.733138461500232
30.04397000000903,17.72620153842331
30.04564000000903,17.720051282020847
30.04731000000903,17.714545787515306
30.04898000000903,17.70904029300982
30.050650000009032,17.703453846115565
30.052320000009033,17.696516923038644
30.053990000009033,17.689579999961722
30.055660000009034,17.682643076884858
30.057330000009035,17.675706153807937
30.059000000009036,17.66876923073096
30.060670000009036,17.661832307654095
30.062340000009037,17.654895384577117
30.064010000009038,17.647958461500195
30.06568000000904,17.641551999966794
30.06735000000904,17.635539999966795
30.06902000000904,17.629527999966854
30.07069000000904,17.6235159999668
30.07236000000904,17.617119999961858
30.074030000009042,17.61125641022602
30.075700000009043,17.605750915720478
30.077370000009044,17.600245421214936
30.079040000009044,17.594372307654055
30.080710000009045,17.587435384577134
30.082380000009046,17.580498461500213
30.084050000009046,17.57356153842335
30.085720000009047,17.566624615346427
30.087390000009048,17.55968769226945
30.08906000000905,17.552750769192585
30.09073000000905,17.545813846115664
30.09240000000905,17.538876923038742
30.09407000000905,17.53193999996182
30.09574000000905,17.52539926736887
30.097410000009052,17.519893772863384
30.099080000009053,17.514388278357842
30.100750000009054,17.508882783852357
30.102420000009054,17.502255384577154
30.104090000009055,17.49531846150029
30.105760000009056,17.48838153842331
30.107430000009057,17.481444615346447
30.109100000009057,17.474507692269526
30.110770000009058,17.467570769192605
30.11244000000906,17.460633846115627
30.11411000000906,17.453696923038706
30.11578000000906,17.44675999996184
30.11745000000906,17.439823076884863
30.11912000000906,17.432886153807942
30.120790000009062,17.425949230731078
30.122460000009063,17.419012307654157
30.124130000009064,17.41275824172783
30.125800000009065,17.4072527472224
30.127470000009065,17.40174725271686
30.129140000009066,17.396241758211318
30.130810000009067,17.389327692269433
30.132480000009068,17.38239076919257
30.13415000000907,17.37545384611559
30.13582000000907,17.368516923038726
30.13749000000907,17.36203599996685
30.13916000000907,17.35602399996685
30.14083000000907,17.35001199996691
30.142500000009072,17.343999999966854
30.144170000009073,17.33767846150033
30.145840000009073,17.33074725271689
30.147510000009074,17.325241758211405
30.149180000009075,17.319736263705863
30.150850000009076,17.314230769200435
30.152520000009076,17.307993846115664
30.154190000009077,17.301056923038743
30.155860000009078,17.294119999961822
30.15753000000908,17.2871830768849
30.15920000000908,17.28024615380798
30.16087000000908,17.27330923073106
30.16254000000908,17.266372307654137
30.16421000000908,17.25943538457716
30.165880000009082,17.252498461500238
30.167550000009083,17.245561538423374
30.169220000009084,17.238624615346453
30.170890000009084,17.23168769226959
30.172560000009085,17.22475076919261
30.174230000009086,17.21810622707585
30.175900000009086,17.212600732570422
30.177570000009087,17.20709523806488
30.179240000009088,17.201589743559452
30.18091000000909,17.195066153808
30.18258000000909,17.18812923073108
30.18425000000909,17.181192307654158
30.18592000000909,17.174255384577236
30.18759000000909,17.167318461500315
30.189260000009092,17.160381538423337
30.190930000009093,17.153444615346473
30.192600000009094,17.14650769226955
30.194270000009094,17.13957076919263
30.195940000009095,17.132633846115766
30.197610000009096,17.12674358971327
30.199280000009097,17.12123809520773
30.200950000009097,17.115732600702188
30.202620000009098,17.109886153807963
30.2042900000091,17.102949230731042
30.2059600000091,17.09601230765412
30.2076300000091,17.089075384577257
30.2093000000091,17.082519999966905
30.2109700000091,17.076507999966907
30.212640000009102,17.07049599996691
30.214310000009103,17.06448399996691
30.215980000009104,17.058236923038805
30.217650000009105,17.051299999961884
30.219320000009105,17.044363076884906
30.220990000009106,17.037426153808042
30.222660000009107,17.03048923073112
30.224330000009108,17.0235523076542
30.22600000000911,17.017948717918443
30.22767000000911,17.0124432234129
30.22934000000911,17.006937728907417
30.23101000000911,17.00080461534651
30.23268000000911,16.99386769226959
30.234350000009112,16.98693076919261
30.236020000009113,16.97999384611569
30.237690000009113,16.973056923038826
30.239360000009114,16.966119999961847
30.241030000009115,16.959183076884926
30.242700000009116,16.952246153808062
30.244370000009116,16.945309230731084
30.246040000009117,16.93837230765422
30.247710000009118,16.932091575061293
30.24938000000912,16.92658608055575
30.25105000000912,16.921080586050323
30.25272000000912,16.91557509154478
30.25439000000912,16.908687692269552
30.25606000000912,16.901750769192688
30.257730000009122,16.89481384611571
30.259400000009123,16.88787692303879
30.261070000009124,16.880939999961868
30.262740000009124,16.874003076885003
30.264410000009125,16.867066153808025
30.266080000009126,16.86012923073116
30.267750000009126,16.85319230765424
30.269420000009127,16.846255384577262
30.271090000009128,16.840728937698657
30.27276000000913,16.835223443193115
30.27443000000913,16.82971794868763
30.27610000000913,16.823507692269516
30.27777000000913,16.81657076919265
30.27944000000913,16.80963384611573
30.281110000009132,16.80300399996696
30.282780000009133,16.796991999966963
30.284450000009134,16.790979999966964
30.286120000009134,16.784967999966966
30.287790000009135,16.77879538457728
30.289460000009136,16.771858461500358
30.291130000009137,16.764921538423494
30.292800000009137,16.757984615346572
30.294470000009138,16.751047692269594
30.29614000000914,16.744110769192673
30.29781000000914,16.737439560409314
30.29948000000914,16.73193406590383
30.30115000000914,16.726428571398344
30.30282000000914,16.720923076892802
30.304490000009142,16.714426153808006
30.306160000009143,16.707489230731085
30.307830000009144,16.70055230765422
30.309500000009145,16.6936153845773
30.311170000009145,16.68667846150032
30.312840000009146,16.679741538423457
30.314510000009147,16.672804615346536
30.316180000009147,16.665867692269615
30.317850000009148,16.658930769192693
30.31952000000915,16.651993846115772
30.32119000000915,16.646076923046735
30.32286000000915,16.640571428541193
30.32453000000915,16.63506593403571
30.326200000009152,16.629246153808083
30.327870000009153,16.62230923073116
30.329540000009153,16.615372307654184
30.331210000009154,16.608435384577263
30.332880000009155,16.601498461500398
30.334550000009155,16.59456153842342
30.336220000009156,16.5876246153465
30.337890000009157,16.580687692269635
30.339560000009158,16.573750769192714
30.34123000000916,16.566813846115735
30.34290000000916,16.559876923038814
30.34457000000916,16.55293999996195
30.34624000000916,16.54600307688503
30.34791000000916,16.539066153808108
30.349580000009162,16.533435897405695
30.351250000009163,16.52793040290021
30.352920000009163,16.522657523784403
30.354590000009164,16.517475999966962
30.356260000009165,16.51146399996702
30.357930000009166,16.505451999966965
30.359600000009166,16.499353846115753
30.361270000009167,16.49241692303889
30.362940000009168,16.485479999961967
30.36461000000917,16.478543076885046
30.36628000000917,16.471606153808068
30.36795000000917,16.464669230731204
30.36962000000917,16.457732307654283
30.37129000000917,16.4514249083947
30.372960000009172,16.44591941388927
30.374630000009173,16.44041391938373
30.376300000009174,16.434908424878245
30.377970000009174,16.428047692269672
30.379640000009175,16.421110769192694
30.381310000009176,16.414173846115773
30.382980000009177,16.407236923038795
30.384650000009177,16.40029999996193
30.386320000009178,16.39336307688501
30.38799000000918,16.386426153808088
30.38966000000918,16.379489230731167
30.39133000000918,16.372552307654246
30.39300000000918,16.36561538457738
30.39467000000918,16.35867846150046
30.396340000009182,16.35174153842354
30.398010000009183,16.344804615346618
30.399680000009184,16.338783882753717
30.401350000009185,16.33327838824823
30.403020000009185,16.32777289374269
30.404690000009186,16.322056923038872
30.406360000009187,16.31511999996195
30.408030000009187,16.308183076885086
30.409700000009188,16.30124615380811
30.41137000000919,16.294309230731187
30.41304000000919,16.28737230765421
30.41471000000919,16.280435384577345
30.41638000000919,16.273498461500424
30.418050000009192,16.266561538423502
30.419720000009193,16.25962461534658
30.421390000009193,16.252926739896623
30.423060000009194,16.24742124539108
30.424730000009195,16.242073904736856
30.426400000009195,16.237493333308237
30.428070000009196,16.231947999967076
30.429740000009197,16.225935999967078
30.431410000009198,16.21991230765434
30.4330800000092,16.21297538457742
30.4347500000092,16.20603846150044
30.4364200000092,16.19910153842352
30.4380900000092,16.19216461534654
30.4397600000092,16.185227692269677
30.441430000009202,16.178290769192756
30.443100000009203,16.171353846115835
30.444770000009203,16.164416923038914
30.446440000009204,16.157479999961993
30.448110000009205,16.15054307688513
30.449780000009206,16.144131868101795
30.451450000009206,16.138626373596253
30.453120000009207,16.13312087909071
30.454790000009208,16.127615384585226
30.45646000000921,16.120858461500404
30.45813000000921,16.113921538423483
30.45980000000921,16.10698461534662
30.46147000000921,16.100047692269698
30.46314000000921,16.093110769192776
30.464810000009212,16.086173846115855
30.466480000009213,16.079236923038934
30.468150000009214,16.072299999962013
30.469820000009214,16.06536307688509
30.471490000009215,16.058426153808114
30.473160000009216,16.052769230739102
30.474830000009216,16.047263736233617
30.476500000009217,16.041758241728132
30.478170000009218,16.035678461500424
30.47984000000922,16.02874153842356
30.48151000000922,16.021804615346582
30.48318000000922,16.01486769226966
30.48485000000922,16.007930769192797
30.48652000000922,16.000993846115875
30.488190000009222,15.994056923038897
30.489860000009223,15.987119999961976
30.491530000009224,15.980183076885112
30.493200000009224,15.973246153808134
30.494870000009225,15.96630923073127
30.496540000009226,15.959455999967133
30.498210000009227,15.953443999967135
30.499880000009227,15.947567238070349
30.501550000009228,15.94298666664173
30.50322000000923,15.938406095213168
30.50489000000923,15.932963369933304
30.50656000000923,15.926596923038915
30.50823000000923,15.919659999961993
30.50990000000923,15.912723076885072
30.511570000009232,15.905786153808151
30.513240000009233,15.89884923073123
30.514910000009234,15.891912307654366
30.516580000009235,15.884975384577444
30.518250000009235,15.878038461500523
30.519920000009236,15.871101538423602
30.521590000009237,15.86416461534668
30.523260000009238,15.858117216087123
30.52493000000924,15.852611721581638
30.52660000000924,15.847106227076154
30.52827000000924,15.841416923038878
30.52994000000924,15.834479999962014
30.53161000000924,15.827543076885092
30.533280000009242,15.820606153808171
30.534950000009243,15.81366923073125
30.536620000009243,15.806732307654329
30.538290000009244,15.799795384577465
30.539960000009245,15.792858461500487
30.541630000009246,15.785921538423565
30.543300000009246,15.778984615346644
30.544970000009247,15.772260073230086
30.546640000009248,15.766754578724544
30.54831000000925,15.761249084219003
30.54998000000925,15.755743589713575
30.55165000000925,15.749299999962034
30.55332000000925,15.742363076885056
30.55499000000925,15.735426153808191
30.556660000009252,15.728489230731213
30.558330000009253,15.721552307654292
30.560000000009254,15.714615384577371
30.561670000009254,15.70767846150045
30.563340000009255,15.700741538423586
30.565010000009256,15.693804615346608
30.566680000009256,15.686867692269743
30.568350000009257,15.67993999996719
30.570020000009258,15.673927999967248
30.57169000000926,15.667915999967192
30.57336000000926,15.662403047594239
30.57503000000926,15.65782247616562
30.57670000000926,15.652454212424232
30.57837000000926,15.64694871791869
30.580040000009262,15.640218461500524
30.581710000009263,15.633281538423546
30.583380000009264,15.626344615346625
30.585050000009264,15.61940769226976
30.586720000009265,15.61247076919284
30.588390000009266,15.605533846115918
30.590060000009267,15.598596923038997
30.591730000009267,15.591659999962076
30.593400000009268,15.584723076885155
30.59507000000927,15.577786153808177
30.59674000000927,15.572102564072509
30.59841000000927,15.56659706956708
30.60008000000927,15.561091575061539
30.60175000000927,15.555038461500544
30.603420000009272,15.548101538423566
30.605090000009273,15.541164615346702
30.606760000009274,15.534227692269724
30.608430000009275,15.527290769192803
30.610100000009275,15.520353846115938
30.611770000009276,15.51341692303896
30.613440000009277,15.506479999962039
30.615110000009278,15.499543076885175
30.61678000000928,15.492606153808254
30.61845000000928,15.485669230731332
30.62012000000928,15.478732307654354
30.62179000000928,15.47179538457749
30.62346000000928,15.464967032937068
30.625130000009282,15.459461538431583
30.626800000009283,15.453956043926098
30.628470000009283,15.448450549420556
30.630140000009284,15.442110769192823
30.631810000009285,15.435173846115902
30.633480000009286,15.42823692303898
30.635150000009286,15.42129999996206
30.636820000009287,15.414363076885081
30.638490000009288,15.407426153808217
30.64016000000929,15.400489230731296
30.64183000000929,15.394411999967247
30.64350000000929,15.388399999967248
30.64517000000929,15.382387999967307
30.64684000000929,15.37723885711813
30.648510000009292,15.371945054915102
30.650180000009293,15.366439560409617
30.651850000009293,15.360776923038998
30.653520000009294,15.353839999962076
30.655190000009295,15.346903076885155
30.656860000009296,15.339966153808291
30.658530000009296,15.333029230731313
30.660200000009297,15.326092307654449
30.661870000009298,15.31915538457747
30.6635400000093,15.31221846150055
30.6652100000093,15.305281538423628
30.6668800000093,15.298344615346707
30.6685500000093,15.291407692269786
30.6702200000093,15.284470769192865
30.671890000009302,15.277533846115944
30.673560000009303,15.270596923039022
30.675230000009304,15.264809523779604
30.676900000009304,15.25930402927412
30.678570000009305,15.253798534768578
30.680240000009306,15.247849230731333
30.681910000009307,15.240912307654412
30.683580000009307,15.23397538457749
30.685250000009308,15.227038461500626
30.68692000000931,15.220101538423648
30.68859000000931,15.213164615346727
30.69026000000931,15.206227692269806
30.69193000000931,15.199290769192828
30.69360000000931,15.192353846115964
30.695270000009312,15.185416923038986
30.696940000009313,15.178952380922453
30.698610000009314,15.173446886416968
30.700280000009315,15.167941391911427
30.701950000009315,15.162435897405942
30.703620000009316,15.155732307654432
30.705290000009317,15.148795384577454
30.706960000009317,15.141858461500533
30.708630000009318,15.134921538423669
30.71030000000932,15.12798461534669
30.71197000000932,15.12104769226977
30.71364000000932,15.114895999967302
30.71531000000932,15.108883999967361
30.716980000009322,15.102871999967306
30.718650000009323,15.096859999967364
30.720320000009323,15.090209230731375
30.721990000009324,15.083272307654454
30.723660000009325,15.076335384577533
30.725330000009325,15.070157509127625
30.727000000009326,15.064652014622084
30.728670000009327,15.059146520116656
30.730340000009328,15.053587692269787
30.73201000000933,15.046650769192922
30.73368000000933,15.039713846115944
30.73535000000933,15.032776923039023
30.73702000000933,15.025839999962159
30.73869000000933,15.018903076885238
30.740360000009332,15.011966153808316
30.742030000009333,15.005029230731338
30.743700000009333,14.998092307654474
30.745370000009334,14.991155384577553
30.747040000009335,14.984300366270475
30.748710000009336,14.97879487176499
30.750380000009336,14.973289377259505
30.752050000009337,14.96778388275402
30.753720000009338,14.961470769192886
30.75539000000934,14.954533846116021
30.75706000000934,14.9475969230391
30.75873000000934,14.940659999962122
30.76040000000934,14.933723076885201
30.76207000000934,14.92678615380828
30.763740000009342,14.919849230731359
30.765410000009343,14.912912307654437
30.767080000009344,14.905975384577573
30.768750000009344,14.899038461500652
30.770420000009345,14.892937728907896
30.772090000009346,14.887432234402354
30.773760000009347,14.881926739896869
30.775430000009347,14.876290769192906
30.777100000009348,14.869353846115928
30.77877000000935,14.862416923039007
30.78044000000935,14.855479999962085
30.78211000000935,14.848543076885164
30.78378000000935,14.8416061538083
30.78545000000935,14.835379999967358
30.787120000009352,14.829367999967417
30.788790000009353,14.823355999967362
30.790460000009354,14.81734399996742
30.792130000009355,14.810767692269906
30.793800000009355,14.803830769192928
30.795470000009356,14.796893846116006
30.797140000009357,14.789956923039085
30.798810000009357,14.784142857113068
30.800480000009358,14.778637362607526
30.80215000000936,14.773131868102041
30.80382000000936,14.767209230731396
30.80549000000936,14.760272307654418
30.80716000000936,14.753335384577554
30.808830000009362,14.746398461500632
30.810500000009363,14.739461538423711
30.812170000009363,14.732524615346733
30.813840000009364,14.725587692269812
30.815510000009365,14.718650769192948
30.817180000009365,14.711713846116027
30.818850000009366,14.704776923039105
30.820520000009367,14.698285714255917
30.822190000009368,14.692780219750432
30.82386000000937,14.687274725244947
30.82553000000937,14.681769230739405
30.82720000000937,14.675092307654495
30.82887000000937,14.668155384577574
30.83054000000937,14.661218461500653
30.832210000009372,14.654281538423675
30.833880000009373,14.64734461534681
30.835550000009373,14.640407692269832
30.837220000009374,14.633470769192911
30.838890000009375,14.626533846116047
30.840560000009376,14.619596923039126
30.842230000009376,14.612659999962204
30.843900000009377,14.605723076885283
30.845570000009378,14.598786153808362
30.84724000000938,14.591849230731384
30.84891000000938,14.585644688614877
30.85058000000938,14.580139194109393
30.85225000000938,14.574633699603908
30.85392000000938,14.569101538423695
30.855590000009382,14.56216461534683
30.857260000009383,14.555863999967414
30.858930000009384,14.549851999967416
30.860600000009384,14.543839999967417
30.862270000009385,14.53782799996742
30.863940000009386,14.53132615380838
30.865610000009386,14.524389230731401
30.867280000009387,14.51745230765448
30.868950000009388,14.510515384577616
30.87062000000939,14.503633699603938
30.87229000000939,14.498128205098453
30.87396000000939,14.492622710592968
30.87563000000939,14.487117216087427
30.87730000000939,14.480830769193005
30.878970000009392,14.473893846116084
30.880640000009393,14.466956923039106
30.882310000009394,14.460019999962185
30.883980000009394,14.453083076885264
30.885650000009395,14.446146153808343
30.887320000009396,14.439209230731421
30.888990000009397,14.4322723076545
30.890660000009397,14.42533538457758
30.892330000009398,14.418398461500658
30.8940000000094,14.411461538423794
30.8956700000094,14.404524615346816
30.8973400000094,14.397587692269951
30.8990100000094,14.390992673962955
30.9006800000094,14.38548717945747
30.902350000009402,14.379981684951929
30.904020000009403,14.374476190446444
30.905690000009404,14.367903076885284
30.907360000009405,14.360966153808363
30.909030000009405,14.354029230731442
30.910700000009406,14.34709230765452
30.912370000009407,14.3401553845776
30.914040000009408,14.333218461500735
30.91571000000941,14.326281538423757
30.91738000000941,14.319344615346836
30.91905000000941,14.312407692269858
30.92072000000941,14.305470769192937
30.92239000000941,14.29963003660032
30.924060000009412,14.294124542094778
30.925730000009413,14.28861904758935
30.927400000009413,14.282723076885304
30.929070000009414,14.27634799996747
30.930740000009415,14.270335999967472
30.932410000009416,14.264323999967473
30.934080000009416,14.258311999967475
30.935750000009417,14.251884615346853
30.937420000009418,14.244947692269932
30.93909000000942,14.238010769193068
30.94076000000942,14.23107384611609
30.94243000000942,14.224136923039168
30.94410000000942,14.21719999996219
30.94577000000942,14.210263076885326
30.947440000009422,14.203326153808405
30.949110000009423,14.196389230731484
30.950780000009424,14.190835164805492
30.952450000009424,14.18532967029995
30.954120000009425,14.179824175794465
30.955790000009426,14.173641538423738
30.957460000009426,14.166704615346816
30.959130000009427,14.159767692269895
30.960800000009428,14.15283076919303
30.96247000000943,14.14589384611611
30.96414000000943,14.138956923039132
30.96581000000943,14.132019999962267
30.96748000000943,14.125083076885346
30.96915000000943,14.118146153808482
30.970820000009432,14.111209230731504
30.972490000009433,14.104978021948341
30.974160000009434,14.099472527442856
30.975830000009434,14.093967032937314
30.977500000009435,14.088461538423758
30.979170000009436,14.081524615346837
30.980840000009437,14.074587692269972
30.982510000009437,14.067650769192994
30.984180000009438,14.060713846116073
30.98585000000944,14.053776923039209
30.98752000000944,14.04683999996223
30.98919000000944,14.03990307688531
30.99086000000944,14.032966153808388
30.99253000000944,14.026029230731524
30.994200000009442,14.019879999967543
30.995870000009443,14.013867999967545
30.997540000009444,14.007855999967546
30.999210000009445,14.001843999967548
31.000880000009445,13.997887999978616
31.002550000009446,13.993879999978617
31.004220000009447,13.989871999978618
31.005890000009448,13.98586399997862
31.00756000000945,13.98219692306077
31.00923000000945,13.97876674935975
31.01090000000945,13.975037220823822
31.01257000000945,13.97130769228778
31.01424000000945,13.967578163751853
31.015910000009452,13.963848635215868
31.017580000009453,13.960119106679883
31.019250000009453,13.956389578143842
31.020920000009454,13.952660049607914
31.022590000009455,13.94893052107193
31.024260000009455,13.945200992535888
31.025930000009456,13.941471463999903
31.027600000009457,13.937741935463976
31.029270000009458,13.934012406927934
31.03094000000946,13.930282878392006
31.03261000000946,13.926553349855965
31.03428000000946,13.922867692291447
31.03595000000946,13.919784615368314
31.03762000000946,13.916701538445238
31.039290000009462,13.91361846152222
31.040960000009463,13.910535384599143
31.042630000009463,13.90740198509178
31.044300000009464,13.90367245655574
31.045970000009465,13.899942928019755
31.047640000009466,13.89621339948377
31.049310000009466,13.892483870947729
31.050980000009467,13.8887543424118
31.052650000009468,13.885024813875816
31.05432000000947,13.881295285339775
31.05599000000947,13.877565756803847
31.05766000000947,13.873836228267862
31.05933000000947,13.870106699731934
31.06100000000947,13.866377171195893
31.062670000009472,13.862647642659908
31.064340000009473,13.858918114123867
31.066010000009474,13.854475354813417
31.067680000009474,13.84982090320051
31.069350000009475,13.845559999978377
31.071020000009476,13.841551999978378
31.072690000009477,13.838110769214381
31.074360000009477,13.835027692291305
31.076030000009478,13.831944615368286
31.07770000000948,13.828461538441502
31.07937000000948,13.824732009905517
31.08104000000948,13.821002481369533
31.08271000000948,13.817272952833548
31.08438000000948,13.813543424297563
31.086050000009482,13.809813895761579
31.087720000009483,13.806084367225594
31.089390000009484,13.80235483868961
31.091060000009485,13.798625310153625
31.092730000009485,13.79489578161764
31.094400000009486,13.791166253081656
31.096070000009487,13.787436724545671
31.097740000009487,13.783707196009686
31.099410000009488,13.779977667473645
31.10108000000949,13.776248138937717
31.10275000000949,13.772518610401733
31.10442000000949,13.768789081865691
31.10609000000949,13.765059553329763
31.107760000009492,13.761330024793722
31.109430000009493,13.757600496257737
31.111100000009493,13.753870967721753
31.112770000009494,13.75078358972712
31.114440000009495,13.747700512804101
31.116110000009495,13.744617435880969
31.117780000009496,13.741534358957892
31.119450000009497,13.73844913149344
31.121120000009498,13.734719602957512
31.1227900000095,13.730990074421527
31.1244600000095,13.727260545885542
31.1261300000095,13.723531017349558
31.1278000000095,13.719801488813573
31.1294700000095,13.716071960277645
31.131140000009502,13.712342431741604
31.132810000009503,13.70861290320562
31.134480000009503,13.704883374669635
31.136150000009504,13.701153846133593
31.137820000009505,13.696785548361618
31.139490000009506,13.69213109674871
31.141160000009506,13.687476645135803
31.142830000009507,13.682822193522895
31.144500000009508,13.678660049607515
31.14617000000951,13.67527589741934
31.14784000000951,13.67219282049632
31.14951000000951,13.669109743573188
31.15118000000951,13.666026666650112
31.15285000000951,13.662943589727035
31.154520000009512,13.659508684843217
31.156190000009513,13.655779156307233
31.157860000009514,13.652049627771305
31.159530000009514,13.648320099235264
31.161200000009515,13.644590570699336
31.162870000009516,13.640861042163351
31.164540000009517,13.637131513627367
31.166210000009517,13.633401985091382
31.167880000009518,13.629672456555397
31.16955000000952,13.62594292801947
31.17122000000952,13.622213399483428
31.17289000000952,13.618483870947443
31.17456000000952,13.614754342411402
31.17623000000952,13.611024813875474
31.177900000009522,13.60729528533949
31.179570000009523,13.603614358957714
31.181240000009524,13.600531282034638
31.182910000009525,13.597448205111561
31.184580000009525,13.594365128188542
31.186250000009526,13.59128205126541
31.187920000009527,13.588143920575192
31.189590000009527,13.584414392039207
31.191260000009528,13.580684863503222
31.19293000000953,13.576955334967238
31.19460000000953,13.573225806431196
31.19627000000953,13.569496277895212
31.19794000000953,13.565766749359284
31.19961000000953,13.5620372208233
31.201280000009533,13.558307692287315
31.202950000009533,13.55457816375133
31.204620000009534,13.550848635215345
31.206290000009535,13.54711910667936
31.207960000009535,13.543389578143376
31.209630000009536,13.539095741909762
31.211300000009537,13.534441290296911
31.212970000009538,13.529786838683947
31.21464000000954,13.52513238707104
31.21631000000954,13.520895781617298
31.21798000000954,13.517166253081314
31.21965000000954,13.513436724545272
31.22132000000954,13.509707196009288
31.222990000009542,13.506274871778146
31.224660000009543,13.50319179485507
31.226330000009543,13.500108717931937
31.228000000009544,13.497025641008918
31.229670000009545,13.493942564085785
31.231340000009546,13.490555831245047
31.233010000009546,13.486826302709062
31.234680000009547,13.483096774173077
31.236350000009548,13.479367245637093
31.23802000000955,13.475637717101108
31.23969000000955,13.471908188565124
31.24136000000955,13.468178660029082
31.24303000000955,13.464449131493154
31.24470000000955,13.46071960295717
31.246370000009552,13.456990074421128
31.248040000009553,13.4532605458852
31.249710000009554,13.449531017349159
31.251380000009554,13.445801488813231
31.253050000009555,13.442071960277246
31.254720000009556,13.438342431741205
31.256390000009556,13.43461333331652
31.258060000009557,13.431530256393444
31.259730000009558,13.428447179470368
31.26140000000956,13.425364102547235
31.26307000000956,13.422281025624216
31.26474000000956,13.419191066976964
31.26641000000956,13.415461538440923
31.26808000000956,13.411732009904995
31.269750000009562,13.40800248136901
31.271420000009563,13.404272952833082
31.273090000009564,13.400543424297041
31.274760000009564,13.396813895761056
31.276430000009565,13.393084367225072
31.278100000009566,13.389354838689087
31.279770000009567,13.385625310153102
31.281440000009567,13.381405935457906
31.283110000009568,13.376751483844998
31.28478000000957,13.372097032232148
31.28645000000957,13.367442580619183
31.28812000000957,13.363131513627025
31.28979000000957,13.359401985090983
31.29146000000957,13.356022564085663
31.293130000009572,13.352939487162587
31.294800000009573,13.34985641023951
31.296470000009574,13.346773333316435
31.298140000009575,13.343690256393359
31.299810000009575,13.340250620326799
31.301480000009576,13.336521091790758
31.303150000009577,13.332791563254773
31.304820000009578,13.329062034718788
31.30649000000958,13.325332506182804
31.30816000000958,13.321602977646819
31.30983000000958,13.317873449110834
31.31150000000958,13.31414392057485
31.31317000000958,13.310414392038865
31.314840000009582,13.30668486350288
31.316510000009583,13.302955334966896
31.318180000009583,13.299225806430911
31.319850000009584,13.295496277894927
31.321520000009585,13.291766749358885
31.323190000009586,13.2880372208229
31.324860000009586,13.284307692286916
31.326530000009587,13.280578163750931
31.328200000009588,13.276848635214947
31.32987000000959,13.273119106679019
31.33154000000959,13.269389578143034
31.33321000000959,13.26566004960705
31.33488000000959,13.26252923075225
31.33655000000959,13.259446153829117
31.338220000009592,13.256363076906041
31.339890000009593,13.253279999983022
31.341560000009594,13.250196923059946
31.343230000009594,13.246508684842752
31.344900000009595,13.242779156306767
31.346570000009596,13.239049627770783
31.348240000009596,13.235320099234798
31.349910000009597,13.231590570698813
31.351580000009598,13.227861042162829
31.3532500000096,13.223716129006164
31.3549200000096,13.2190616773932
31.3565900000096,13.214407225780292
31.3582600000096,13.209752774167384
31.3599300000096,13.205367245636694
31.361600000009602,13.20163771710071
31.363270000009603,13.197908188564782
31.364940000009604,13.194178660028797
31.366610000009604,13.190449131492812
31.368280000009605,13.187021538444412
31.369950000009606,13.183938461521336
31.371620000009607,13.180855384598203
31.373290000009607,13.177772307675184
31.374960000009608,13.174689230752108
31.37663000000961,13.171297766728514
31.37830000000961,13.16756823819253
31.37997000000961,13.163838709656545
31.38164000000961,13.160109181120617
31.38331000000961,13.156379652584576
31.384980000009612,13.152650124048591
31.386650000009613,13.148920595512664
31.388320000009614,13.145191066976622
31.389990000009615,13.141461538440637
31.391660000009615,13.137732009904596
31.393330000009616,13.134002481368611
31.395000000009617,13.130272952832684
31.396670000009617,13.126543424296642
31.398340000009618,13.122813895760714
31.40001000000962,13.11908436722473
31.40168000000962,13.115359999982843
31.40335000000962,13.11227692305971
31.40502000000962,13.109193846136634
31.406690000009622,13.106110769213558
31.408360000009623,13.103027692290482
31.410030000009623,13.099933002460432
31.411700000009624,13.096203473924447
31.413370000009625,13.092473945388406
31.415040000009625,13.088744416852478
31.416710000009626,13.085014888316493
31.418380000009627,13.081285359780566
31.420050000009628,13.077555831244524
31.42172000000963,13.07382630270854
31.42339000000963,13.070096774172555
31.42506000000963,13.066026322554308
31.42673000000963,13.0613718709414
31.42840000000963,13.056717419328493
31.430070000009632,13.052062967715528
31.431740000009633,13.04760297764642
31.433410000009633,13.043873449110492
31.435080000009634,13.040143920574508
31.436750000009635,13.036414392038523
31.438420000009636,13.032684863502482
31.440090000009636,13.028955334966554
31.441760000009637,13.02522580643057
31.443430000009638,13.021496277894585
31.44510000000964,13.018020512803218
31.44677000000964,13.014937435880086
31.44844000000964,13.01185435895701
31.45011000000964,13.008771282033933
31.45178000000964,13.005688205110914
31.453450000009642,13.002344913130287
31.455120000009643,12.998615384594302
31.456790000009644,12.994885856058318
31.458460000009644,12.991156327522276
31.460130000009645,12.987426798986348
31.461800000009646,12.983697270450364
31.463470000009647,12.979967741914379
31.465140000009647,12.976238213378394
31.466810000009648,12.972508684842353
31.46848000000965,12.968779156306425
31.47015000000965,12.96504962777044
31.47182000000965,12.961320099234456
31.47349000000965,12.957590570698528
31.47516000000965,12.953861042162487
31.476830000009652,12.950131513626502
31.478500000009653,12.94640198509046
31.480170000009654,12.943275897418516
31.481840000009655,12.94019282049544
31.483510000009655,12.937109743572307
31.485180000009656,12.934026666649288
31.486850000009657,12.930943589726212
31.488520000009657,12.927250620326276
31.490190000009658,12.923521091790292
31.49186000000966,12.91979156325425
31.49353000000966,12.916062034718266
31.49520000000966,12.912332506182281
31.49687000000966,12.908336516102452
31.498540000009662,12.903682064489601
31.500210000009663,12.89902761287658
31.501880000009663,12.894373161263786
31.503550000009664,12.88983870965626
31.505220000009665,12.886109181120275
31.506890000009665,12.88237965258429
31.508560000009666,12.878650124048306
31.510230000009667,12.874920595512378
31.511900000009668,12.871191066976394
31.51357000000967,12.867768205110735
31.51524000000967,12.864685128187716
31.51691000000967,12.861602051264697
31.51858000000967,12.858518974341564
31.52025000000967,12.855435897418431
31.521920000009672,12.852039702212096
31.523590000009673,12.848310173676168
31.525260000009673,12.844580645140184
31.526930000009674,12.840851116604142
31.528600000009675,12.837121588068214
31.530270000009676,12.83339205953223
31.531940000009676,12.829662530996245
31.533610000009677,12.825933002460147
31.535280000009678,12.822203473924219
31.53695000000968,12.818473945388291
31.53862000000968,12.81474441685225
31.54029000000968,12.811014888316265
31.54196000000968,12.807285359780337
31.54363000000968,12.80355583124441
31.545300000009682,12.799826302708368
31.546970000009683,12.796096774172383
31.548640000009684,12.792367245636456
31.550310000009684,12.788637717100528
31.551980000009685,12.784908188564486
31.553650000009686,12.781178660028445
31.555320000009687,12.777449131492517
31.556990000009687,12.774274871777607
31.558660000009688,12.771191794854474
31.56033000000969,12.768108717931398
31.56200000000969,12.765025641008322
31.56367000000969,12.761942564085302
31.56534000000969,12.758297766728276
31.56701000000969,12.754568238192235
31.568680000009692,12.75064670965088
31.570350000009693,12.745992258038086
31.572020000009694,12.741337806425065
31.573690000009695,12.736683354812158
31.575360000009695,12.732074441666214
31.577030000009696,12.728344913130286
31.578700000009697,12.724615384594244
31.580370000009697,12.720885856058203
31.582040000009698,12.717156327522332
31.5837100000097,12.713426798986404
31.5853800000097,12.709697270450363
31.5870500000097,12.705967741914321
31.5887200000097,12.702238213378394
31.5903900000097,12.69876717946994
31.592060000009702,12.695684102546807
31.593730000009703,12.69260102562373
31.595400000009704,12.689517948700711
31.597070000009705,12.686434871777635
31.598740000009705,12.683086848614153
31.600410000009706,12.679357320078168
31.602080000009707,12.675627791542183
31.603750000009708,12.671898263006256
31.60542000000971,12.668168734470214
31.60709000000971,12.66443920593423
31.60876000000971,12.660709677398245
31.61043000000971,12.656980148862317
31.61210000000971,12.653250620326332
31.613770000009712,12.649521091790291
31.615440000009713,12.645791563254363
31.617110000009713,12.642062034718435
31.618780000009714,12.63833250618245
31.620450000009715,12.634602977646352
31.622120000009716,12.630873449110425
31.623790000009716,12.627143920574497
31.625460000009717,12.624022564085294
31.627130000009718,12.620939487162161
31.62880000000972,12.617856410239142
31.63047000000972,12.614773333316123
31.63214000000972,12.61169025639299
31.63381000000972,12.607992555810199
31.63548000000972,12.604263027274271
31.637150000009722,12.600533498738287
31.638820000009723,12.596803970202302
31.640490000009724,12.592956903199365
31.642160000009724,12.588302451586458
31.643830000009725,12.583647999973607
31.645500000009726,12.578993548360643
31.647170000009726,12.574339096747678
31.648840000009727,12.570580645140183
31.650510000009728,12.566851116604312
31.65218000000973,12.56312158806827
31.65385000000973,12.559392059532286
31.65552000000973,12.555662530996301
31.65719000000973,12.55193300246043
31.65886000000973,12.548203473924389
31.660530000009732,12.544473945388347
31.662200000009733,12.54074441685242
31.663870000009734,12.537014888316492
31.665540000009734,12.533285359780507
31.667210000009735,12.529766153828916
31.668880000009736,12.526683076905897
31.670550000009737,12.523599999982878
31.672220000009737,12.520516923059688
31.673890000009738,12.517433846136612
31.67556000000974,12.514133995016152
31.67723000000974,12.510404466480281
31.67890000000974,12.50667493794424
31.68057000000974,12.502945409408198
31.68224000000974,12.499215880872327
31.683910000009742,12.495486352336343
31.685580000009743,12.491756823800301
31.687250000009744,12.488027295264317
31.688920000009745,12.484297766728389
31.690590000009745,12.480568238192461
31.692260000009746,12.47683870965642
31.693930000009747,12.473109181120435
31.695600000009748,12.46937965258445
31.69727000000975,12.465650124048523
31.69894000000975,12.461920595512538
31.70061000000975,12.458191066976553
31.70228000000975,12.455021538444385
31.70395000000975,12.451938461521365
31.705620000009752,12.448855384598232
31.707290000009753,12.445772307675156
31.708960000009753,12.44268923075208
31.710630000009754,12.439039702212312
31.712300000009755,12.435267096747793
31.713970000009756,12.430612645134829
31.715640000009756,12.425958193521979
31.717310000009757,12.421303741909071
31.718980000009758,12.416649290296164
31.72065000000976,12.412816377150193
31.72232000000976,12.409086848614265
31.72399000000976,12.405357320078338
31.72566000000976,12.401627791542353
31.72733000000976,12.397898263006311
31.729000000009762,12.394168734470384
31.730670000009763,12.390439205934399
31.732340000009764,12.386709677398414
31.734010000009764,12.382980148862373
31.735680000009765,12.379513846136774
31.737350000009766,12.376430769213698
31.739020000009766,12.373347692290565
31.740690000009767,12.37026461536749
31.742360000009768,12.36718153844447
31.74403000000977,12.363828784098189
31.74570000000977,12.360099255562204
31.74737000000977,12.356369727026106
31.74904000000977,12.352640198490235
31.75071000000977,12.34891066995425
31.752380000009772,12.345181141418209
31.754050000009773,12.341451612882224
31.755720000009774,12.33772208434624
31.757390000009774,12.333992555810369
31.759060000009775,12.330263027274327
31.760730000009776,12.326533498738343
31.762400000009777,12.322803970202472
31.764070000009777,12.319074441666487
31.765740000009778,12.315344913130502
31.76741000000978,12.311615384594404
31.76908000000978,12.307885856058533
31.77075000000978,12.304156327522605
31.77242000000978,12.300426798986507
31.77409000000978,12.296697270450522
31.775760000009782,12.292967741914595
31.777430000009783,12.289238213378667
31.779100000009784,12.286020512803475
31.780770000009785,12.282937435880342
31.782440000009785,12.279854358957323
31.784110000009786,12.276771282034247
31.785780000009787,12.272794666644188
31.787450000009787,12.26826838707035
31.789120000009788,12.2636139354575
31.79079000000979,12.258959483844592
31.79246000000979,12.255052109160204
31.79413000000979,12.251322580624219
31.79580000000979,12.247593052088291
31.797470000009792,12.243863523552307
31.799140000009793,12.240133995016322
31.800810000009793,12.236404466480337
31.802480000009794,12.232674937944353
31.804150000009795,12.228945409408425
31.805820000009795,12.225215880872383
31.807490000009796,12.221486352336399
31.809160000009797,12.217756823800471
31.810830000009798,12.214027295264543
31.8125000000098,12.210512820495865
31.8141700000098,12.207429743572675
31.8158400000098,12.204346666649656
31.8175100000098,12.201263589726636
31.8191800000098,12.198180512803503
31.820850000009802,12.194875930500189
31.822520000009803,12.191146401964204
31.824190000009803,12.187416873428276
31.825860000009804,12.183687344892235
31.827530000009805,12.17995781635625
31.829200000009806,12.176228287820322
31.830870000009806,12.172498759284395
31.832540000009807,12.16876923074841
31.834210000009808,12.165039702212312
31.83588000000981,12.16131017367644
31.83755000000981,12.157580645140513
31.83922000000981,12.153851116604415
31.84089000000981,12.15012158806843
31.84256000000981,12.146392059532502
31.844230000009812,12.142662530996574
31.845900000009813,12.13893300246059
31.847570000009814,12.13576820511122
31.849240000009814,12.1326851281882
31.850910000009815,12.129602051265124
31.852580000009816,12.126518974342048
31.854250000009817,12.123435897418858
31.855920000009817,12.119781637696292
31.857590000009818,12.1152330322318
31.85926000000982,12.110578580618835
31.86093000000982,12.105924129005928
31.86260000000982,12.10126967739302
31.86427000000982,12.097287841170271
31.86594000000982,12.093558312634286
31.867610000009822,12.089828784098188
31.869280000009823,12.086099255562317
31.870950000009824,12.08236972702639
31.872620000009825,12.078640198490405
31.874290000009825,12.074910669954306
31.875960000009826,12.071181141418379
31.877630000009827,12.067451612882394
31.879300000009827,12.06372208434641
31.880970000009828,12.059992555810425
31.88264000000983,12.056263027274497
31.88431000000983,12.052533498738569
31.88598000000983,12.048803970202528
31.88765000000983,12.045074441666543
31.889320000009832,12.041511794854898
31.890990000009833,12.038428717931879
31.892660000009833,12.035345641008746
31.894330000009834,12.032262564085613
31.896000000009835,12.029179487162594
31.897670000009835,12.025923076902302
31.899340000009836,12.022193548366317
31.901010000009837,12.018464019830276
31.902680000009838,12.014734491294348
31.90435000000984,12.011004962758363
31.90602000000984,12.007275434222379
31.90769000000984,12.003545905686394
31.90936000000984,11.99981637715041
31.91103000000984,11.996086848614482
31.912700000009842,11.992357320078497
31.914370000009843,11.988627791542456
31.916040000009843,11.984898263006528
31.917710000009844,11.9811687344706
31.919380000009845,11.977439205934616
31.921050000009846,11.973709677398517
31.922720000009846,11.969980148862646
31.924390000009847,11.966767179470367
31.926060000009848,11.963684102547234
31.92773000000985,11.9606010256241
31.92940000000985,11.956773333310935
31.93107000000985,11.952765333310936
31.93274000000985,11.948234322554356
31.93441000000985,11.943579870941392
31.936080000009852,11.939523573180225
31.937750000009853,11.935794044644297
31.939420000009854,11.932064516108255
31.941090000009854,11.92833498757227
31.942760000009855,11.924605459036343
31.944430000009856,11.920875930500358
31.946100000009857,11.917146401964374
31.947770000009857,11.913416873428332
31.949440000009858,11.909687344892404
31.95111000000986,11.905957816356477
31.95278000000986,11.902228287820492
31.95445000000986,11.898498759284507
31.95612000000986,11.894769230748523
31.95779000000986,11.8912594871627
31.959460000009862,11.888176410239623
31.961130000009863,11.885093333316433
31.962800000009864,11.882010256393414
31.964470000009864,11.878927179470338
31.966140000009865,11.875617865984225
31.967810000009866,11.871888337448183
31.969480000009867,11.868158808912256
31.971150000009867,11.864429280376328
31.972820000009868,11.860699751840286
31.97449000000987,11.856970223304302
31.97616000000987,11.853240694768374
31.97783000000987,11.849511166232446
31.97950000000987,11.845781637696462
31.98117000000987,11.84205210916042
31.982840000009872,11.838322580624492
31.984510000009873,11.834593052088508
31.986180000009874,11.830863523552523
31.987850000009875,11.827133995016482
31.989520000009875,11.823404466480554
31.991190000009876,11.81967493794457
31.992860000009877,11.815899870941564
31.994530000009878,11.8112454193286
31.99620000000988,11.80659096771575
31.99787000000988,11.801936516102899
31.99954000000988,11.797282064489934
32.00121000000988,11.696649230742935
32.002880000009874,11.692024615358264
32.00455000000987,11.687399999973707
32.00622000000987,11.682775384589092
32.007890000009866,11.678150769204478
32.00956000000986,11.674000992533422
32.01123000000986,11.67002282876166
32.01290000000986,11.666044664990011
32.014570000009854,11.662066501218305
32.01624000000985,11.6580883374466
32.01791000000985,11.654110173674894
32.019580000009846,11.650132009903189
32.02125000000984,11.64615384613154
32.02292000000984,11.642175682359834
32.02459000000984,11.638197518588129
32.026260000009835,11.634219354816423
32.02793000000983,11.630241191044718
32.02960000000983,11.626263027273069
32.031270000009826,11.622284863501307
32.03294000000982,11.618306699729601
32.03461000000982,11.61415692305087
32.03628000000982,11.609532307666257
32.037950000009815,11.604907692281643
32.03962000000981,11.600283076896972
32.04129000000981,11.595658461512414
32.042960000009806,11.591211910647758
32.0446300000098,11.587233746876052
32.0463000000098,11.583255583104346
32.0479700000098,11.579277419332698
32.049640000009795,11.575299255560992
32.05131000000979,11.571321091789287
32.05298000000979,11.567342928017581
32.05465000000979,11.563364764245875
32.056320000009784,11.55938660047417
32.05799000000978,11.555408436702464
32.05966000000978,11.551430272930759
32.061330000009775,11.547452109159053
32.06300000000977,11.543473945387404
32.06467000000977,11.539495781615642
32.06634000000977,11.535517617843993
32.068010000009764,11.531539454072288
32.06968000000976,11.527039999974193
32.07135000000976,11.522415384589578
32.073020000009755,11.517790769204964
32.07469000000975,11.513166153820407
32.07636000000975,11.50841999997192
32.07803000000975,11.503937741911216
32.079700000009744,11.499574193524097
32.08137000000974,11.495210645136979
32.08304000000974,11.490847096749974
32.084710000009736,11.486483548362855
32.08638000000973,11.482119999975794
32.08805000000973,11.478011579796089
32.08972000000973,11.47403341602444
32.091390000009724,11.470055252252678
32.09306000000972,11.466077088481029
32.09473000000972,11.462098924709323
32.096400000009716,11.458120760937561
32.09807000000971,11.454142597165912
32.09974000000971,11.450164433394207
32.10141000000971,11.446186269622444
32.103080000009705,11.442208105850796
32.1047500000097,11.43822994207909
32.1064200000097,11.434251778307441
32.108090000009696,11.430273614535679
32.10976000000969,11.42629545076403
32.11143000000969,11.422193846128266
32.11310000000969,11.417569230743709
32.114770000009685,11.412944615359095
32.11644000000968,11.40831999997448
32.11811000000968,11.403695384589867
32.119780000009676,11.39920066168213
32.12145000000967,11.395222497910424
32.12312000000967,11.391244334138719
32.12479000000967,11.38726617036707
32.126460000009665,11.383288006595308
32.12813000000966,11.379309842823602
32.12980000000966,11.375331679051953
32.13147000000966,11.371353515280248
32.133140000009654,11.367375351508542
32.13481000000965,11.363397187736837
32.13648000000965,11.359419023965188
32.138150000009645,11.355440860193482
32.13982000000964,11.351462696421777
32.14149000000964,11.347484532650071
32.14316000000964,11.343506368878366
32.144830000009634,11.33952820510666
32.14650000000963,11.335076923051645
32.14817000000963,11.33045230766703
32.149840000009625,11.325827692282417
32.15151000000962,11.32120307689786
32.15318000000962,11.316578461513188
32.15485000000962,11.312433416024817
32.156520000009614,11.308455252253168
32.15819000000961,11.304477088481462
32.15986000000961,11.3004989247097
32.161530000009606,11.296520760938051
32.1632000000096,11.292445161266642
32.1648700000096,11.288081612879523
32.1665400000096,11.283718064492462
32.168210000009594,11.279354516105343
32.16988000000959,11.274990967718225
32.17155000000959,11.270627419331163
32.173220000009586,11.266263870944044
32.17489000000958,11.262131348200285
32.17656000000958,11.258153184428522
32.17823000000958,11.254175020656874
32.179900000009575,11.250020512795402
32.18157000000957,11.245395897410845
32.18324000000957,11.240771282026174
32.184910000009566,11.236146666641616
32.18658000000956,11.231522051257002
32.18825000000956,11.227080231575087
32.18992000000956,11.223102067803325
32.191590000009555,11.219123904031676
32.19326000000955,11.21514574025997
32.19493000000955,11.211167576488322
32.196600000009546,11.20718941271656
32.19827000000954,11.20321124894491
32.19994000000954,11.199233085173148
32.20161000000954,11.195254921401443
32.203280000009535,11.191276757629794
32.20495000000953,11.187298593858031
32.20662000000953,11.183320430086326
32.20829000000953,11.179342266314677
32.209960000009524,11.175364102542915
32.21163000000952,11.17138593877121
32.21330000000952,11.16740777499956
32.214970000009515,11.163429611227855
32.21664000000951,11.15945144745615
32.21831000000951,11.155473283684444
32.21998000000951,11.151495119912795
32.221650000009504,11.147516956141033
32.2233200000095,11.143113846129097
32.2249900000095,11.138489230744426
32.226660000009495,11.133864615359869
32.22833000000949,11.129239999975255
32.23000000000949,11.12461538459064
32.23167000000949,11.12042216705919
32.233340000009484,11.11644400328754
32.23501000000948,11.112465839515835
32.23668000000948,11.10848767574413
32.238350000009476,11.104509511972424
32.24002000000947,11.100270322557492
32.24169000000947,11.095906774170373
32.24336000000947,11.091543225783255
32.245030000009464,11.087179677396193
32.24670000000946,11.082816129009075
32.24837000000946,11.078452580622013
32.250040000009456,11.07409826300642
32.25171000000945,11.070120099234657
32.25338000000945,11.066141935462952
32.25505000000945,11.062163771691303
32.256720000009445,11.058057435872854
32.25839000000944,11.05343282048824
32.26006000000944,11.048808205103626
32.261730000009436,11.044183589719069
32.26340000000943,11.039558974334454
32.26507000000943,11.03506898260946
32.26674000000943,11.031090818837754
32.268410000009425,11.027112655066048
32.27008000000942,11.023134491294343
32.27175000000942,11.019156327522694
32.273420000009416,11.015178163750932
32.27509000000941,11.011199999979226
32.27676000000941,11.00722183620752
32.27843000000941,11.003243672435815
32.280100000009405,10.99926550866411
32.2817700000094,10.99528734489246
32.2834400000094,10.991309181120755
32.2851100000094,10.98733101734905
32.286780000009394,10.983352853577344
32.28845000000939,10.979374689805638
32.29012000000939,10.975396526033933
32.291790000009385,10.970940512796176
32.29346000000938,10.966315897411562
32.29513000000938,10.961691282027004
32.29680000000938,10.95706666664239
32.298470000009374,10.952442051257776
32.30014000000937,10.94830173695209
32.30181000000937,10.94432357318044
32.303480000009365,10.940345409408735
32.30515000000936,10.93636724563703
32.30682000000936,10.932389081865324
32.30849000000936,10.928410918093675
32.310160000009354,10.924432754321913
32.31183000000935,10.920454590550207
32.31350000000935,10.916476426778502
32.315170000009346,10.912498263006796
32.31684000000934,10.90852009923509
32.31851000000934,10.904541935463385
32.32018000000934,10.90056377169168
32.321850000009334,10.89658560792003
32.32352000000933,10.892607444148325
32.32519000000933,10.88862928037662
32.326860000009326,10.8844141935258
32.32853000000932,10.880050645138681
32.33020000000932,10.87568709675162
32.33187000000932,10.8713235483645
32.333540000009314,10.866879999973776
32.33521000000931,10.861869999973749
32.33688000000931,10.856859999973778
32.338550000009306,10.852220512796464
32.3402200000093,10.847595897411907
32.3418900000093,10.843057733643775
32.3435600000093,10.83907956987207
32.345230000009295,10.83510140610042
32.34690000000929,10.831123242328715
32.34857000000929,10.82714507855701
32.350240000009286,10.823166914785304
32.35191000000928,10.819188751013655
32.35358000000928,10.81521058724195
32.35525000000928,10.811232423470187
32.356920000009275,10.807254259698539
32.35859000000927,10.803276095926833
32.36026000000927,10.799297932155184
32.36193000000927,10.795319768383422
32.363600000009264,10.791341604611773
32.36527000000926,10.78736344084001
32.36694000000926,10.783385277068362
32.368610000009255,10.778977435873628
32.37028000000925,10.77435282048907
32.37195000000925,10.769728205104457
32.37362000000925,10.765103589719843
32.375290000009244,10.760478974335228
32.37696000000924,10.756290487986462
32.37863000000924,10.752312324214813
32.380300000009235,10.748334160443108
32.38197000000923,10.744355996671345
32.38364000000923,10.740377832899696
32.38531000000923,10.736399669127934
32.386980000009224,10.732421505356285
32.38865000000922,10.72844334158458
32.39032000000922,10.724465177812874
32.391990000009216,10.720487014041169
32.39366000000921,10.71650885026952
32.39533000000921,10.712530686497757
32.39700000000921,10.708552522726052
32.398670000009204,10.704574358954403
32.4003400000092,10.700596195182698
32.4020100000092,10.696485128181564
32.403680000009196,10.691860512797007
32.40535000000919,10.687235897412393
32.40702000000919,10.682611282027835
32.40869000000919,10.677986666643164
32.410360000009184,10.673501406100911
32.41203000000918,10.669523242329205
32.41370000000918,10.66533225804244
32.415370000009176,10.660968709655378
32.41704000000917,10.65660516126826
32.41871000000917,10.652241612881141
32.42038000000917,10.64787806449408
32.422050000009165,10.643514516106961
32.42372000000916,10.639150967719843
32.42539000000916,10.635133829591382
32.427060000009156,10.631155665819676
32.42873000000915,10.627177502048028
32.43040000000915,10.623199338276322
32.43207000000915,10.619221174504617
32.433740000009145,10.615243010732911
32.43541000000914,10.611264846961262
32.43708000000914,10.6072866831895
32.438750000009136,10.603308519417794
32.440420000009134,10.599330355646146
32.44209000000913,10.595352191874383
32.44376000000913,10.591374028102678
32.445430000009125,10.58701435895108
32.44710000000912,10.582389743566466
32.44877000000912,10.577765128181909
32.45044000000912,10.573140512797295
32.452110000009114,10.56851589741268
32.45378000000911,10.564279239020891
32.45545000000911,10.560301075249185
32.457120000009105,10.556322911477537
32.4587900000091,10.552344747705774
32.4604600000091,10.548366583934069
32.4621300000091,10.54438842016242
32.463800000009094,10.540410256390714
32.46547000000909,10.536432092618952
32.46714000000909,10.532453928847303
32.468810000009086,10.528475765075598
32.47048000000908,10.524497601303835
32.47215000000908,10.520519437532187
32.47382000000908,10.516541273760424
32.475490000009074,10.512563109988776
32.47716000000907,10.50858494621707
32.47883000000907,10.504522051259016
32.480500000009066,10.499897435874459
32.48217000000906,10.495272820489845
32.48384000000906,10.490648205105174
32.48551000000906,10.486023589720617
32.487180000009054,10.481490157135227
32.48885000000905,10.477511993363578
32.49052000000905,10.473157419333234
32.492190000009046,10.468793870946172
32.49386000000904,10.464430322559053
32.49553000000904,10.460066774171992
32.49720000000904,10.455703225784873
32.498870000009035,10.451339677397755
32.50054000000903,10.447100744397517
32.50221000000903,10.443122580625754
32.503880000009026,10.439144416854049
32.50555000000902,10.435166253082343
32.50722000000902,10.43118808931058
32.50889000000902,10.427209925538875
32.510560000009015,10.423231761767227
32.51223000000901,10.419253597995521
32.51390000000901,10.414841025618102
32.515570000009006,10.410216410233545
32.517240000009004,10.405591794848931
32.518910000009,10.400967179464374
32.520580000009,10.396342564079703
32.522250000008995,10.392158808913678
32.52392000000899,10.388180645142029
32.52559000000899,10.384202481370266
32.52726000000899,10.380224317598561
32.528930000008984,10.376246153826855
32.53060000000898,10.372267990055093
32.53227000000898,10.368289826283444
32.533940000008975,10.364311662511682
32.53561000000897,10.360333498740033
32.53728000000897,10.356355334968327
32.53895000000897,10.352377171196622
32.540620000008964,10.34839900742486
32.54229000000896,10.34442084365321
32.54396000000896,10.340442679881505
32.545630000008956,10.336464516109743
32.54730000000895,10.332486352338037
32.54897000000895,10.328508188566332
32.55064000000895,10.324530024794626
32.552310000008944,10.32055186102292
32.55398000000894,10.316573697251158
32.55565000000894,10.312558974336184
32.557320000008936,10.307934358951627
32.55899000000893,10.303309743567013
32.56066000000893,10.298685128182399
32.56233000000893,10.294060512797785
32.564000000008924,10.289478908169428
32.56567000000892,10.285500744397723
32.56734000000892,10.28152258062596
32.569010000008916,10.277544416854255
32.57068000000891,10.27356625308255
32.57235000000891,10.269588089310844
32.57402000000891,10.265609925539138
32.575690000008905,10.261631761767433
32.5773600000089,10.257301290301314
32.5790300000089,10.252937741914195
32.580700000008896,10.248574193527077
32.58237000000889,10.244210645140015
32.58404000000889,10.239847096752897
32.58571000000889,10.235483548365778
32.587380000008885,10.231220512801315
32.58905000000888,10.22724234902961
32.59072000000888,10.22287794869527
32.592390000008876,10.218253333310656
32.594060000008874,10.213628717926099
32.59573000000887,10.209004102541485
32.59740000000887,10.20437948715687
32.599070000008865,10.200147559947766
32.60074000000886,10.19616939617606
32.60241000000886,10.192191232404355
32.60408000000886,10.188213068632649
32.605750000008854,10.184234904860944
32.60742000000885,10.180256741089238
32.60909000000885,10.176278577317532
32.610760000008845,10.17230041354577
32.61243000000884,10.168322249774064
32.61410000000884,10.164344086002416
32.61577000000884,10.16036592223071
32.617440000008834,10.156387758458948
32.61911000000883,10.152409594687299
32.62078000000883,10.148431430915593
32.622450000008826,10.144453267143888
32.62412000000882,10.140385641003093
32.62579000000882,10.135761025618535
32.62746000000882,10.131136410233921
32.629130000008814,10.126511794849364
32.63080000000881,10.121887179464693
32.63247000000881,10.117358478062044
32.634140000008806,10.113380314290282
32.6358100000088,10.109402150518576
32.6374800000088,10.105423986746928
32.6391500000088,10.101445822975165
32.640820000008794,10.09746765920346
32.64249000000879,10.093489495431697
32.64416000000879,10.089511331660049
32.645830000008786,10.085533167888343
32.64750000000878,10.081555004116694
32.64917000000878,10.077576840344932
32.65084000000878,10.073598676573226
32.652510000008775,10.06962051280152
32.65418000000877,10.065642349029872
32.65585000000877,10.06166418525811
32.657520000008766,10.057686021486404
32.65919000000876,10.053707857714642
32.66086000000876,10.049729693942993
32.66253000000876,10.04575153017123
32.664200000008755,10.041445161269223
32.66587000000875,10.037081612882162
32.66754000000875,10.03237999997549
32.669210000008746,10.027369999975463
32.670880000008744,10.02235999997555
32.67255000000874,10.017349999975522
32.67422000000874,10.012416410234039
32.675890000008735,10.008136310981854
32.67756000000873,10.004158147210205
32.67923000000873,10.000179983438443
32.68090000000873,9.996201819666737
32.682570000008724,9.992223655895032
32.68424000000872,9.988245492123326
32.68591000000872,9.98426732835162
32.687580000008715,9.980289164579915
32.68925000000871,9.976311000808266
32.69092000000871,9.972332837036504
32.69259000000871,9.968354673264798
32.694260000008704,9.964376509493036
32.6959300000087,9.960398345721387
32.6976000000087,9.956420181949682
32.699270000008696,9.95244201817792
32.70094000000869,9.94842256408026
32.70261000000869,9.943797948695646
32.70428000000869,9.93917333331109
32.705950000008684,9.934548717926418
32.70762000000868,9.929924102541861
32.70929000000868,9.92534722909619
32.710960000008676,9.921369065324427
32.71263000000867,9.917390901552722
32.71430000000867,9.913412737780959
32.71597000000867,9.909434574009254
32.717640000008664,9.905456410237605
32.71931000000866,9.901478246465842
32.72098000000866,9.897500082694137
32.722650000008656,9.893521918922431
32.72432000000865,9.889543755150726
32.72599000000865,9.885565591378963
32.72766000000865,9.881587427607315
32.729330000008645,9.877609263835609
32.73100000000864,9.87363110006396
32.73267000000864,9.869652936292198
32.734340000008636,9.865674772520492
32.73601000000863,9.861305641003469
32.73768000000863,9.856681025618911
32.73935000000863,9.851949999975773
32.741020000008625,9.846939999975802
32.74269000000862,9.841929999975775
32.74436000000862,9.837317419334
32.746030000008616,9.83295387094688
32.747700000008614,9.828590322559819
32.74937000000861,9.8242267741727
32.75104000000861,9.820103225787705
32.752710000008605,9.816125062015999
32.7543800000086,9.812146898244293
32.7560500000086,9.808168734472531
32.7577200000086,9.804190570700825
32.759390000008594,9.800212406929177
32.76106000000859,9.796234243157471
32.76273000000859,9.792256079385709
32.764400000008585,9.788277915614003
32.76607000000858,9.78429975184224
32.76774000000858,9.780321588070592
32.76941000000858,9.776343424298886
32.771080000008574,9.772365260527124
32.77275000000857,9.768387096755475
32.77442000000857,9.76440893298377
32.776090000008566,9.760430769212007
32.77776000000856,9.756452605440359
32.77943000000856,9.751834871772814
32.78110000000856,9.7472102563882
32.782770000008554,9.742585641003586
32.78444000000855,9.737961025618972
32.78611000000855,9.733336410234415
32.787780000008546,9.729357816358515
32.78945000000854,9.72537965258681
32.79112000000854,9.721401488815104
32.79279000000854,9.717423325043455
32.794460000008534,9.713445161271693
32.79613000000853,9.709466997499987
32.79780000000853,9.705488833728282
32.799470000008526,9.701510669956576
32.80114000000852,9.69753250618487
32.80281000000852,9.693554342413108
32.80448000000852,9.689576178641403
32.806150000008515,9.685598014869697
32.80782000000851,9.681619851098048
32.80949000000851,9.677641687326286
32.811160000008506,9.67366352355458
32.8128300000085,9.669342564080637
32.8145000000085,9.664717948695966
32.8161700000085,9.660093333311409
32.817840000008495,9.655468717926794
32.81951000000849,9.65084410254218
32.82118000000849,9.646568734472737
32.822850000008486,9.642590570701088
32.824520000008484,9.638612406929326
32.82619000000848,9.634551935463264
32.82786000000848,9.630188387076146
32.829530000008475,9.625824838689027
32.83120000000847,9.621461290301966
32.83287000000847,9.617097741914847
32.83454000000847,9.612734193527785
32.836210000008464,9.608370645140724
32.83788000000846,9.60422299419156
32.83955000000846,9.600244830419854
32.841220000008455,9.596266666648148
32.84289000000845,9.592288502876443
32.84456000000845,9.588310339104737
32.84623000000845,9.58428615382428
32.847900000008444,9.579661538439666
32.84957000000844,9.575036923055109
32.85124000000844,9.570412307670438
32.852910000008436,9.56578769228588
32.85458000000843,9.561215550022837
32.85625000000843,9.557237386251131
32.85792000000843,9.553259222479426
32.859590000008424,9.54928105870772
32.86126000000842,9.545302894936015
32.86293000000842,9.541324731164366
32.864600000008416,9.537346567392603
32.86627000000841,9.533368403620898
32.86794000000841,9.529390239849192
32.86961000000841,9.525412076077487
32.871280000008404,9.521433912305781
32.8729500000084,9.517455748534076
32.8746200000084,9.513477584762313
32.876290000008396,9.509499420990664
32.87796000000839,9.505521257218959
32.87963000000839,9.501543093447196
32.88130000000839,9.497564929675548
32.882970000008385,9.493586765903842
32.88464000000838,9.48960860213208
32.88631000000838,9.485630438360374
32.887980000008376,9.481652274588669
32.88965000000837,9.477379487157748
32.89132000000837,9.472754871773134
32.89299000000837,9.46813025638852
32.894660000008365,9.463505641003962
32.89633000000836,9.458881025619348
32.89800000000836,9.454557485506825
32.899670000008356,9.45057932173512
32.901340000008354,9.446601157963471
32.90301000000835,9.442622994191765
32.90468000000835,9.43864483042006
32.906350000008345,9.434666666648354
32.90802000000834,9.430688502876592
32.90969000000834,9.426710339104886
32.91136000000834,9.422732175333124
32.913030000008334,9.418695806431288
32.91470000000833,9.414332258044169
32.91637000000833,9.40996870965705
32.918040000008325,9.405605161269989
32.91971000000832,9.40124161288287
32.92138000000832,9.396878064495752
32.92305000000832,9.39251451610869
32.924720000008314,9.387698461516834
32.92639000000831,9.38307384613222
32.92806000000831,9.378449230747606
32.929730000008306,9.373824615363048
32.9314000000083,9.369204301056925
32.9330700000083,9.36522613728522
32.9347400000083,9.361247973513514
32.936410000008294,9.357269809741808
32.93808000000829,9.353291645970103
32.93975000000829,9.349313482198397
32.941420000008286,9.345335318426635
32.94309000000828,9.341357154654986
32.94476000000828,9.33737899088328
32.94643000000828,9.333400827111632
32.948100000008274,9.32942266333987
32.94977000000827,9.325444499568164
32.95144000000827,9.321466335796458
32.953110000008266,9.31748817202481
32.95478000000826,9.313510008253047
32.95645000000826,9.309531844481342
32.95812000000826,9.305206153824656
32.959790000008255,9.300581538440042
32.96146000000825,9.295956923055428
32.96313000000825,9.291332307670814
32.964800000008246,9.2867076922862
32.96647000000824,9.282437055399555
32.96814000000824,9.278458891627793
32.96981000000824,9.274480727856087
32.971480000008235,9.270502564084381
32.97315000000823,9.266524400312676
32.97482000000823,9.262546236540913
32.976490000008226,9.258568072769265
32.978160000008224,9.25458990899756
32.97983000000822,9.250611745225797
32.98150000000822,9.246633581454091
32.983170000008215,9.242655417682386
32.98484000000821,9.23867725391068
32.98651000000821,9.234699090138974
32.98818000000821,9.230720926367269
32.989850000008204,9.226520967721797
32.9915200000082,9.222157419334678
32.9931900000082,9.217793870947617
32.994860000008195,9.213430322560498
32.99653000000819,9.20906677417338
32.99820000000819,9.204703225786261
32.99987000000819,9.200339677399143
33.001540000008184,9.195684615362381
33.00321000000818,9.191004945032716
33.00488000000818,9.186325274702995
33.006550000008176,9.181645604373387
33.00822000000817,9.176965934043722
33.00989000000817,9.172286263714057
33.01156000000817,9.167606593384392
33.013230000008164,9.162926923054727
33.01490000000816,9.158247252725062
33.01657000000816,9.153567582395397
33.018240000008156,9.148887912065675
33.01991000000815,9.14420824173601
33.02158000000815,9.139528571406402
33.02325000000815,9.13484890107668
33.024920000008144,9.130169230747015
33.02659000000814,9.125489560417293
33.02826000000814,9.120809890087685
33.029930000008136,9.116130219757963
33.03160000000813,9.111450549428298
33.03327000000813,9.106770879098633
33.03494000000813,9.102091208768968
33.036610000008125,9.097411538439303
33.03828000000812,9.092731868109695
33.03995000000812,9.088052197779973
33.041620000008116,9.083372527450308
33.04329000000811,9.0786928571207
33.04496000000811,9.074013186790978
33.04663000000811,9.069333516461313
33.048300000008105,9.06446963560444
33.0499700000081,9.059601619410046
33.0516400000081,9.054733603215709
33.053310000008096,9.049865587021372
33.054980000008094,9.044997570827093
33.05665000000809,9.0401295546327
33.05832000000809,9.03526153843842
33.059990000008085,9.030393522244083
33.06166000000808,9.025525506049746
33.06333000000808,9.020751098878975
33.06500000000808,9.016071428549253
33.066670000008074,9.011391758219588
33.06834000000807,9.00671208788998
33.07001000000807,9.002032417560258
33.071680000008065,8.997352747230593
33.07335000000806,8.992673076900928
33.07502000000806,8.987993406571263
33.07669000000806,8.983511428551196
33.078360000008054,8.979217142836944
33.08003000000805,8.974922857122635
33.08170000000805,8.970628571408383
33.083370000008046,8.966334285694131
33.08504000000804,8.962039999979766
33.08671000000804,8.957745714265513
33.08838000000804,8.953120146498065
33.090050000008034,8.9484404761684
33.09172000000803,8.943760805838735
33.09339000000803,8.93908113550907
33.095060000008026,8.934401465179405
33.09673000000802,8.92972179484974
33.09840000000802,8.925042124520132
33.10007000000802,8.92036245419041
33.101740000008014,8.915682783860746
33.10341000000801,8.911003113531024
33.10508000000801,8.906323443201416
33.106750000008006,8.901643772871694
33.108420000008,8.896964102542029
33.110090000008,8.892180296873107
33.111760000008,8.88731228067877
33.113430000007995,8.882444264484434
33.11510000000799,8.877576248290154
33.11677000000799,8.87270823209576
33.118440000007986,8.86784021590148
33.12011000000798,8.862972199707144
33.12178000000798,8.858104183512808
33.12345000000798,8.853236167318471
33.125120000007975,8.84838168495969
33.12679000000797,8.843702014630026
33.12846000000797,8.83902234430036
33.130130000007966,8.834342673970639
33.13180000000796,8.82966300364103
33.13347000000796,8.824983333311309
33.13514000000796,8.820303662981644
33.136810000007955,8.815623992651922
33.13848000000795,8.810944322322314
33.14015000000795,8.806264651992649
33.14182000000795,8.801584981662927
33.143490000007944,8.796905311333319
33.14516000000794,8.792225641003654
33.14683000000794,8.787545970673989
33.148500000007935,8.782866300344324
33.15017000000793,8.778186630014659
33.15184000000793,8.773506959684994
33.15351000000793,8.768827289355329
33.155180000007924,8.764147619025664
33.15685000000792,8.759467948695999
33.15852000000792,8.754788278366334
33.160190000007916,8.750108608036669
33.16186000000791,8.745428937706947
33.16353000000791,8.740922857122769
33.16520000000791,8.736628571408517
33.166870000007904,8.732334285694208
33.1685400000079,8.728039999979956
33.1702100000079,8.723745714265704
33.171880000007896,8.71942736840009
33.17355000000789,8.714944736821167
33.17522000000789,8.710154925753216
33.17689000000789,8.705286909558879
33.178560000007884,8.700418893364485
33.18023000000788,8.695550877170206
33.18190000000788,8.690682860975869
33.183570000007876,8.685814844781532
33.18524000000787,8.680946828587139
33.18691000000787,8.67607881239286
33.18858000000787,8.671332600710741
33.190250000007865,8.666652930381076
33.19192000000786,8.661973260051354
33.19359000000786,8.657293589721746
33.195260000007856,8.652613919392081
33.19693000000785,8.64793424906236
33.19860000000785,8.643254578732751
33.20027000000785,8.638574908403086
33.201940000007845,8.633895238073364
33.20361000000784,8.629215567743756
33.20528000000784,8.624535897414034
33.206950000007836,8.619856227084426
33.20862000000783,8.615176556754761
33.21029000000783,8.61049688642504
33.21196000000783,8.605817216095375
33.213630000007825,8.60113754576571
33.21530000000782,8.596457875436045
33.21697000000782,8.591778205106323
33.21864000000782,8.587098534776658
33.220310000007814,8.58241886444705
33.22198000000781,8.577739194117328
33.22365000000781,8.57305952378772
33.225320000007805,8.568379853458055
33.2269900000078,8.56370018312839
33.2286600000078,8.559020512798725
33.2303300000078,8.55434084246906
33.232000000007794,8.549661172139338
33.23367000000779,8.54498150180973
33.23534000000779,8.540169500652041
33.237010000007785,8.535301484457705
33.23868000000778,8.530433468263368
33.24035000000778,8.525902631558097
33.24202000000778,8.521419999979173
33.243690000007774,8.51693736840025
33.24536000000777,8.512454736821326
33.24703000000777,8.507972105242402
33.248700000007766,8.503489473663421
33.25037000000776,8.498963186791514
33.25204000000776,8.494283516461792
33.25371000000776,8.489603846132127
33.255380000007754,8.484924175802462
33.25705000000775,8.480244505472797
33.25872000000775,8.475564835143132
33.260390000007746,8.470885164813467
33.26206000000774,8.466205494483802
33.26373000000774,8.461525824154137
33.26540000000774,8.456846153824472
33.267070000007735,8.45216648349475
33.26874000000773,8.447486813165085
33.27041000000773,8.442807142835477
33.272080000007726,8.438127472505755
33.27375000000772,8.43344780217609
33.27542000000772,8.428768131846482
33.27709000000772,8.42408846151676
33.278760000007715,8.419408791187152
33.28043000000771,8.414729120857487
33.28210000000771,8.410049450527765
33.283770000007706,8.405369780198157
33.2854400000077,8.400690109868492
33.2871100000077,8.39601043953877
33.2887800000077,8.391330769209105
33.290450000007695,8.38665109887944
33.29212000000769,8.381971428549775
33.29379000000769,8.377291758220053
33.29546000000769,8.372612087890388
33.297130000007684,8.367880161920766
33.29880000000768,8.36301214572643
33.30047000000768,8.358144129532036
33.302140000007675,8.3532761133377
33.30381000000767,8.34840809714342
33.30548000000767,8.343540080949083
33.30715000000767,8.338672064754803
33.308820000007664,8.333804048560467
33.31049000000766,8.32893603236613
33.31216000000766,8.32406801617185
33.313830000007655,8.319349999978385
33.31550000000765,8.31467032964872
33.31717000000765,8.309990659319055
33.31884000000765,8.30531098898939
33.320510000007644,8.300631318659725
33.32218000000764,8.295951648330117
33.32385000000764,8.291271978000395
33.325520000007636,8.28659230767073
33.32719000000763,8.28222571426602
33.32886000000763,8.27793142855171
33.33053000000763,8.273637142837458
33.332200000007624,8.26934285712315
33.33387000000762,8.265048571408897
33.33554000000762,8.260754285694588
33.337210000007616,8.256398717927198
33.33888000000761,8.251719047597533
33.34055000000761,8.247039377267868
33.34222000000761,8.242359706938203
33.343890000007605,8.23768003660848
33.3455600000076,8.233000366278816
33.3472300000076,8.228320695949208
33.348900000007596,8.223641025619486
33.35057000000759,8.21896135528982
33.35224000000759,8.214281684960156
33.35391000000759,8.20960201463049
33.355580000007585,8.204922344300826
33.35725000000758,8.200242673971161
33.35892000000758,8.195563003641496
33.360590000007576,8.190722806995154
33.36226000000757,8.185854790800818
33.36393000000757,8.180986774606481
33.36560000000757,8.176118758412144
33.367270000007565,8.171250742217865
33.36894000000756,8.166382726023528
33.37061000000756,8.161514709829135
33.37228000000756,8.156646693634855
33.373950000007554,8.151778677440518
33.37562000000755,8.146980586059101
33.37729000000755,8.142300915729436
33.378960000007545,8.137621245399771
33.38063000000754,8.132941575070106
33.38230000000754,8.128261904740441
33.38397000000754,8.123582234410776
33.385640000007534,8.118902564081111
33.38731000000753,8.114222893751446
33.38898000000753,8.109543223421781
33.390650000007525,8.104863553092116
33.39232000000752,8.100183882762508
33.39399000000752,8.095504212432786
33.39566000000752,8.090824542103121
33.397330000007514,8.086144871773456
33.39900000000751,8.081465201443791
33.40067000000751,8.076785531114126
33.402340000007506,8.072105860784461
33.4040100000075,8.06742619045474
33.4056800000075,8.062746520125131
33.4073500000075,8.058066849795466
33.409020000007494,8.053387179465744
33.41069000000749,8.04870750913608
33.41236000000749,8.044027838806414
33.414030000007486,8.039637142837535
33.41570000000748,8.035342857123226
33.41737000000748,8.031048571408974
33.41904000000748,8.026754285694722
33.420710000007475,8.022459999980413
33.42238000000747,8.018085263137436
33.42405000000747,8.013565452069543
33.425720000007466,8.008697435875206
33.42739000000746,8.00382941968087
33.42906000000746,7.9989614034865895
33.43073000000746,7.994093387292253
33.432400000007455,7.989225371097859
33.43407000000745,7.984357354903523
33.43574000000745,7.979489338709243
33.437410000007446,7.974621322514906
33.43908000000744,7.969931501810208
33.44075000000744,7.965251831480543
33.44242000000744,7.960572161150822
33.444090000007435,7.955892490821213
33.44576000000743,7.951212820491548
33.44743000000743,7.946533150161827
33.44910000000743,7.9418534798322185
33.450770000007424,7.937173809502497
33.45244000000742,7.932494139172832
33.45411000000742,7.92781446884311
33.455780000007415,7.923134798513502
33.45745000000741,7.918455128183837
33.45912000000741,7.913775457854115
33.46079000000741,7.90909578752445
33.462460000007404,7.904416117194842
33.4641300000074,7.89973644686512
33.4658000000074,7.895056776535455
33.467470000007395,7.89037710620579
33.46914000000739,7.885697435876182
33.47081000000739,7.88101776554646
33.47248000000739,7.876338095216852
33.474150000007384,7.871658424887187
33.47582000000738,7.866978754557522
33.47749000000738,7.862299084227857
33.479160000007376,7.857619413898192
33.48083000000737,7.85293974356847
33.48250000000737,7.848260073238862
33.48417000000737,7.843580026968425
33.485840000007364,7.838712010774088
33.48751000000736,7.833843994579752
33.48918000000736,7.829043157874423
33.490850000007356,7.8245605262955
33.49252000000735,7.820077894716519
33.49419000000735,7.815595263137595
33.49586000000735,7.811112631558672
33.497530000007345,7.806629999979748
33.49920000000734,7.802147368400824
33.50087000000734,7.797562087890924
33.502540000007336,7.792882417561259
33.50421000000733,7.788202747231537
33.50588000000733,7.783523076901929
33.50755000000733,7.778843406572264
33.509220000007325,7.774163736242599
33.51089000000732,7.769484065912877
33.51256000000732,7.764804395583269
33.514230000007316,7.760124725253604
33.51590000000731,7.755445054923882
33.51757000000731,7.750765384594217
33.51924000000731,7.746085714264552
33.520910000007305,7.741406043934887
33.5225800000073,7.7367263736051655
33.5242500000073,7.732046703275557
33.5259200000073,7.727367032945892
33.527590000007294,7.722687362616227
33.52926000000729,7.718007692286562
33.53093000000729,7.7133280219568405
33.532600000007285,7.708648351627232
33.53427000000728,7.703968681297567
33.53594000000728,7.699289010967846
33.53761000000728,7.694609340638237
33.539280000007274,7.689929670308572
33.54095000000727,7.685249999978851
33.54262000000727,7.680570329649186
33.544290000007265,7.6758906593195775
33.54596000000726,7.671210988989856
33.54763000000726,7.666422672042813
33.54930000000726,7.6615546558485335
33.550970000007254,7.65668663965414
33.55264000000725,7.65181862345986
33.55431000000725,7.646950607265524
33.555980000007246,7.642082591071187
33.55765000000724,7.637214574876907
33.55932000000724,7.6323465586825705
33.56099000000724,7.627478542488234
33.562660000007234,7.6226285714075175
33.56433000000723,7.6179489010778525
33.56600000000723,7.6132692307481875
33.567670000007226,7.6085895604185225
33.56934000000722,7.603909890088801
33.57101000000722,7.5992302197591926
33.57268000000722,7.594550549429471
33.574350000007215,7.589870879099806
33.57602000000721,7.5852342856949235
33.57769000000721,7.5809399999806715
33.579360000007206,7.576645714266419
33.5810300000072,7.5723514285521105
33.5827000000072,7.5680571428378585
33.5843700000072,7.563762857123606
33.586040000007195,7.5594685714092975
33.58771000000719,7.554997619026665
33.58938000000719,7.550317948697
33.591050000007186,7.545638278367278
33.59272000000718,7.540958608037613
33.59439000000718,7.536278937708005
33.59606000000718,7.531599267378283
33.597730000007175,7.526919597048618
33.59940000000717,7.522239926718896
33.60107000000717,7.517560256389288
33.60274000000717,7.512880586059623
33.604410000007164,7.508200915729958
33.60608000000716,7.503521245400293
33.60775000000716,7.498841575070628
33.609420000007155,7.494133333311538
33.61109000000715,7.4892653171172014
33.61276000000715,7.484397300922865
33.61443000000715,7.479529284728585
33.616100000007144,7.474661268534248
33.61777000000714,7.469793252339855
33.61944000000714,7.464925236145518
33.621110000007135,7.4600572199512385
33.62278000000713,7.455189203756902
33.62445000000713,7.450321187562565
33.62612000000713,7.445579487158511
33.627790000007124,7.440899816828903
33.62946000000712,7.436220146499238
33.63113000000712,7.431540476169516
33.632800000007116,7.426860805839908
33.63447000000711,7.422181135510243
33.63614000000711,7.417501465180521
33.63781000000711,7.412821794850913
33.639480000007104,7.408142124521248
33.6411500000071,7.403462454191583
33.6428200000071,7.398782783861918
33.644490000007096,7.394103113532253
33.64616000000709,7.389423443202531
33.64783000000709,7.384743772872923
33.64950000000709,7.380064102543201
33.651170000007085,7.3753844322135365
33.65284000000708,7.3707047618838715
33.65451000000708,7.3660250915542065
33.656180000007076,7.3613454212245415
33.65785000000707,7.3566657508948765
33.65952000000707,7.3519860805652115
33.66119000000707,7.347306410235603
33.662860000007065,7.342645714266553
33.66453000000706,7.338351428552301
33.66620000000706,7.3340571428380485
33.667870000007056,7.32976285712374
33.66954000000705,7.325468571409488
33.67121000000705,7.3211742856952355
33.67288000000705,7.316743157874782
33.674550000007045,7.31210796219159
33.67622000000704,7.307239945997253
33.67789000000704,7.302371929802916
33.67956000000704,7.29750391360858
33.681230000007034,7.292635897414243
33.68290000000703,7.2877678812199065
33.68457000000703,7.282899865025627
33.686240000007025,7.278031848831233
33.68791000000702,7.273210073239284
33.68958000000702,7.268530402909619
33.69125000000702,7.263850732579954
33.692920000007014,7.259171062250289
33.69459000000701,7.254491391920624
33.69626000000701,7.249811721590959
33.697930000007005,7.245132051261294
33.699600000007,7.240452380931629
33.701270000007,7.235772710601964
33.702940000007,7.231093040272242
33.704610000006994,7.226413369942634
33.70628000000699,7.221733699612969
33.70795000000699,7.217054029283247
33.709620000006986,7.212374358953639
33.71129000000698,7.207694688623974
33.71296000000698,7.203015018294309
33.71463000000698,7.198335347964644
33.716300000006974,7.193655677634979
33.71797000000697,7.188976007305314
33.71964000000697,7.184296336975649
33.721310000006966,7.179616666645927
33.72298000000696,7.174936996316319
33.72465000000696,7.170257325986654
33.72632000000696,7.165577655656932
33.727990000006955,7.160897985327267
33.72966000000695,7.156218314997602
33.73133000000695,7.151538644667937
33.733000000006946,7.146858974338215
33.73467000000694,7.142122537090415
33.73634000000694,7.1372545208961355
33.73801000000694,7.132386504701799
33.739680000006935,7.127701052611712
33.74135000000693,7.123218421032789
33.74302000000693,7.118735789453865
33.744690000006926,7.114253157874941
33.74636000000692,7.109770526296018
33.74803000000692,7.105287894717094
33.74970000000692,7.100805263138113
33.751370000006915,7.096160988990391
33.75304000000691,7.091481318660726
33.75471000000691,7.086801648331061
33.75638000000691,7.082121978001339
33.758050000006904,7.077442307671674
33.7597200000069,7.072762637342009
33.7613900000069,7.068082967012344
33.763060000006895,7.063403296682623
33.76473000000689,7.058723626353014
33.76640000000689,7.054043956023349
33.76807000000689,7.049364285693628
33.769740000006884,7.0446846153640195
33.77141000000688,7.0400049450343545
33.77308000000688,7.0353252747046895
33.774750000006875,7.0306456043750245
33.77642000000687,7.0259659340453595
33.77809000000687,7.021286263715638
33.77976000000687,7.0166065933860295
33.781430000006864,7.011926923056365
33.78310000000686,7.007247252726643
33.78477000000686,7.002567582396978
33.786440000006856,6.99788791206737
33.78811000000685,6.993208241737648
33.78978000000685,6.988528571407983
33.79145000000685,6.983848901078318
33.793120000006844,6.979169230748653
33.79479000000684,6.974489560418988
33.79646000000684,6.969809890089323
33.798130000006836,6.964965182164917
33.79980000000683,6.960097165970524
33.80147000000683,6.955229149776244
33.80314000000683,6.950361133581907
33.804810000006825,6.945493117387571
33.80648000000682,6.940625101193234
33.80815000000682,6.935757084998897
33.809820000006816,6.930889068804561
33.81149000000681,6.926021052610224
33.81316000000681,6.921227472506928
33.81483000000681,6.916547802177263
33.816500000006805,6.911868131847598
33.8181700000068,6.907188461517933
33.8198400000068,6.902508791188268
33.821510000006796,6.89782912085866
33.82318000000679,6.893149450528938
33.82485000000679,6.888469780199273
33.82652000000679,6.883948571409746
33.828190000006785,6.8796542856954375
33.82986000000678,6.875359999981185
33.83153000000678,6.871065714266933
33.83320000000678,6.8667714285526245
33.834870000006774,6.862477142838372
33.83654000000677,6.8581828571240635
33.83821000000677,6.853596520126075
33.839880000006765,6.848916849796353
33.84155000000676,6.844237179466688
33.84322000000676,6.83955750913708
33.84489000000676,6.834877838807358
33.846560000006754,6.830198168477693
33.84823000000675,6.825518498148028
33.84990000000675,6.820838827818363
33.851570000006745,6.816159157488698
33.85324000000674,6.81147948715909
33.85491000000674,6.806799816829368
33.85658000000674,6.80212014649976
33.858250000006734,6.797440476170095
33.85992000000673,6.792675843433585
33.86159000000673,6.787807827239249
33.863260000006726,6.782939811044969
33.86493000000672,6.778071794850632
33.86660000000672,6.773203778656239
33.86827000000672,6.768335762461902
33.869940000006714,6.763467746267622
33.87161000000671,6.758599730073286
33.87328000000671,6.753731713879006
33.874950000006706,6.748863697684669
33.8766200000067,6.744178388258035
33.8782900000067,6.73949871792837
33.8799600000067,6.734819047598705
33.881630000006695,6.73013937726904
33.88330000000669,6.725459706939375
33.88497000000669,6.72078003660971
33.886640000006686,6.7161003662799885
33.88831000000668,6.71142069595038
33.88998000000668,6.7067410256206585
33.89165000000668,6.702061355290994
33.893320000006675,6.697381684961329
33.89499000000667,6.692702014631664
33.89666000000667,6.688022344301999
33.898330000006666,6.683342673972334
33.90000000000666,6.678663003642612
33.90167000000666,6.673983333313004
33.90334000000666,6.669303662983339
33.905010000006655,6.664623992653617
33.90668000000665,6.659944322324009
33.90835000000665,6.655264651994344
33.91002000000665,6.650584981664679
33.911690000006644,6.645905311335014
33.91336000000664,6.641359999981319
33.91503000000664,6.63706571426701
33.916700000006635,6.632771428552701
33.91837000000663,6.628477142838449
33.92004000000663,6.62418285712414
33.92171000000663,6.619883684191052
33.923380000006624,6.615401052612128
33.92505000000662,6.610650472313637
33.92672000000662,6.6057824561193
33.928390000006615,6.6009144399249635
33.93006000000661,6.596046423730684
33.93173000000661,6.591178407536347
33.93340000000661,6.5863103913420105
33.935070000006604,6.581442375147674
33.9367400000066,6.576574358953337
33.9384100000066,6.571808974338808
33.940080000006596,6.567129304009086
33.94175000000659,6.562449633679421
33.94342000000659,6.557769963349756
33.94509000000659,6.553090293020091
33.946760000006584,6.548410622690426
33.94843000000658,6.543730952360761
33.95010000000658,6.539051282031039
33.951770000006576,6.534371611701431
33.95344000000657,6.529691941371766
33.95511000000657,6.525012271042044
33.95678000000657,6.520332600712379
33.958450000006565,6.515652930382714
33.96012000000656,6.510973260053049
33.96179000000656,6.506293589723441
33.963460000006556,6.501613919393719
33.96513000000655,6.496934249064054
33.96680000000655,6.492254578734389
33.96847000000655,6.487574908404724
33.970140000006545,6.4828952380750025
33.97181000000654,6.478215567745394
33.97348000000654,6.473535897415729
33.975150000006536,6.4688562270860075
33.97682000000653,6.4641765567563425
33.97849000000653,6.459496886426734
33.98016000000653,6.4548172160970125
33.981830000006525,6.450137545767404
33.98350000000652,6.445457875437739
33.98517000000652,6.440665047212519
33.98684000000652,6.4357970310182395
33.988510000006514,6.430929014823903
33.99018000000651,6.426358947349115
33.99185000000651,6.421876315770135
33.993520000006505,6.417393684191211
33.9951900000065,6.412911052612287
33.9968600000065,6.4084284210333635
33.9985300000065,6.40394578945444
34.000200000006494,6.39974285713339
34.00187000000649,6.397595714276235
34.00354000000649,6.395448571419081
34.005210000006485,6.393301428561983
34.00688000000648,6.391154285704829
34.00855000000648,6.3890071428476745
34.01022000000648,6.386859999990577
34.011890000006474,6.384712857133422
34.01356000000647,6.382565714276268
34.01523000000647,6.38041857141917
34.016900000006466,6.378271428561959
34.01857000000646,6.3761242857048614
34.02024000000646,6.373919517092702
34.02191000000646,6.371651408440812
34.023580000006454,6.369383299788922
34.02525000000645,6.367115191136975
34.02692000000645,6.3648470824851415
34.028590000006446,6.362578973833195
34.03026000000644,6.360310865181361
34.03193000000644,6.358042756529414
34.03360000000644,6.3557746478774675
34.035270000006435,6.353506539225634
34.03694000000643,6.351238430573687
34.03861000000643,6.348970321921797
34.040280000006426,6.346782857133576
34.04195000000642,6.344635714276421
34.04362000000642,6.342488571419267
34.04529000000642,6.3403414285621125
34.046960000006415,6.338227368412504
34.04863000000641,6.336268571420021
34.05030000000641,6.334309774427538
34.051970000006406,6.3323509774350555
34.0536400000064,6.3303921804426295
34.0553100000064,6.328433383450147
34.0569800000064,6.326474586457607
34.058650000006395,6.324512972563241
34.06032000000639,6.3224332097760225
34.06199000000639,6.320353446988804
34.06366000000639,6.3181428571330684
34.065330000006384,6.315874748481235
34.06700000000638,6.313606639829288
34.06867000000638,6.311338531177398
34.070340000006375,6.309070422525508
34.07201000000637,6.306802313873561
34.07368000000637,6.304534205221671
34.07535000000637,6.302266096569781
34.077020000006364,6.299997987917891
34.07869000000636,6.297755714276491
34.08036000000636,6.295608571419393
34.082030000006355,6.293461428562239
34.08370000000635,6.2913142857050275
34.08537000000635,6.28916714284793
34.08704000000635,6.287019999990775
34.088710000006344,6.284872857133621
34.09038000000634,6.2827257142764665
34.09205000000634,6.280578571419369
34.093720000006336,6.2784314285622145
34.09539000000633,6.276284285705117
34.09706000000633,6.274137142847906
34.09873000000633,6.271921026147254
34.100400000006324,6.269652917495364
34.10207000000632,6.267384808843417
34.10374000000632,6.265116700191584
34.105410000006316,6.262848591539637
34.10708000000631,6.2605804828878036
34.10875000000631,6.258312374235857
34.11042000000631,6.256185618968118
34.112090000006305,6.254105856180956
34.1137600000063,6.252026093393681
34.1154300000063,6.249946330606463
34.117100000006296,6.247866567819187
34.11877000000629,6.245786805031912
34.12044000000629,6.243707042244694
34.12211000000629,6.241627279457418
34.123780000006285,6.2395475166702
34.12545000000628,6.23741700200253
34.12712000000628,6.235148893350583
34.128790000006276,6.232880784698693
34.13046000000627,6.230612676046803
34.13213000000627,6.228344567394913
34.13380000000627,6.226076458743023
34.135470000006265,6.223808350091076
34.13714000000626,6.221540241439243
34.13881000000626,6.21938714284812
34.14048000000626,6.217239999990966
34.142150000006254,6.215092857133868
34.14382000000625,6.212945714276714
34.14549000000625,6.210798571419559
34.147160000006245,6.208651428562462
34.14883000000624,6.20650428570525
34.15050000000624,6.204357142848096
34.15217000000624,6.202209999990998
34.153840000006234,6.200062857133844
34.15551000000623,6.197915714276689
34.15718000000623,6.195731388320496
34.158850000006225,6.193463279668606
34.16052000000622,6.191195171016659
34.16219000000622,6.188927062364826
34.16386000000622,6.186658953712879
34.165530000006214,6.184390845060932
34.16720000000621,6.182122736409099
34.16887000000621,6.179854627757152
34.170540000006206,6.177586519105262
34.1722100000062,6.175379688649571
34.1738800000062,6.173299925862295
34.1755500000062,6.171220163075134
34.177220000006194,6.169200601495561
34.17889000000619,6.167241804503078
34.18056000000619,6.165283007510595
34.182230000006186,6.163324210518169
34.18390000000618,6.161365413525687
34.18557000000618,6.159406616533204
34.18724000000618,6.157447819540664
34.188910000006175,6.155329999991068
34.19058000000617,6.153182857133913
34.19225000000617,6.151035714276816
34.193920000006166,6.148888571419661
34.19559000000616,6.146741428562507
34.19726000000616,6.1444909456647
34.19893000000616,6.142222837012753
34.200600000006155,6.139954728360863
34.20227000000615,6.137686619708973
34.20394000000615,6.135418511057026
34.205610000006146,6.1331504024051355
34.20728000000614,6.1308822937532454
34.20895000000614,6.128614185101355
34.21062000000614,6.126346076449465
34.212290000006135,6.124077967797518
34.21396000000613,6.121809859145685
34.21563000000613,6.119541750493738
34.21730000000613,6.117273641841848
34.218970000006124,6.115005533189958
34.22064000000612,6.112737424538011
34.22231000000612,6.110469315886178
34.223980000006115,6.108201207234231
34.22565000000611,6.105933098582284
34.22732000000611,6.103664989930451
34.22899000000611,6.101396881278504
34.230660000006104,6.099128772626614
34.2323300000061,6.096860663974724
34.2340000000061,6.094592555322777
34.235670000006095,6.092522406007049
34.23734000000609,6.090563609014566
34.23901000000609,6.0886048120220835
34.24068000000609,6.086646015029544
34.242350000006084,6.084687218037061
34.24402000000608,6.082728421044635
34.24569000000608,6.080769624052152
34.247360000006076,6.0788108270596695
34.24903000000607,6.076852030067187
34.25070000000607,6.074814285705543
34.25237000000607,6.072667142848388
34.254040000006064,6.070519999991234
34.25571000000606,6.068301307837942
34.25738000000606,6.066033199185995
34.259050000006056,6.063765090534048
34.26072000000605,6.061496981882215
34.26239000000605,6.059228873230268
34.26406000000605,6.0569607645784345
34.265730000006045,6.0546926559264875
34.26740000000604,6.052424547274597
34.26907000000604,6.050156438622707
34.270740000006036,6.04788832997076
34.27241000000603,6.0456202213188135
34.27408000000603,6.04335211266698
34.27575000000603,6.041178571419948
34.277420000006025,6.039031428562794
34.27909000000602,6.036884285705639
34.28076000000602,6.034737142848485
34.282430000006016,6.032589999991387
34.28410000000601,6.030442857134233
34.28577000000601,6.028295714277078
34.28744000000601,6.026148571419981
34.289110000006005,6.024001428562826
34.290780000006,6.021854285705672
34.292450000006,6.019707142848517
34.294120000006,6.017543259548347
34.295790000005994,6.0152751508964
34.29746000000599,6.013096515929419
34.29913000000599,6.011016753142201
34.300800000005985,6.0089369903549255
34.30247000000598,6.006857227567707
34.30414000000598,6.004777464780432
34.30581000000598,6.002697701993156
34.307480000005974,6.000617939205938
34.30915000000597,5.99853817641872
34.31082000000597,5.996458413631444
34.312490000005965,5.994378650844226
34.31416000000596,5.992111670011127
34.31583000000596,5.989843561359237
34.31750000000596,5.98757545270729
34.319170000005954,5.9853073440554
34.32084000000595,5.98303923540351
34.32251000000595,5.980771126751563
34.324180000005946,5.97850301809973
34.32585000000594,5.976234909447783
34.32752000000594,5.973966800795836
34.32919000000594,5.9716986921440025
34.330860000005934,5.969430583492056
34.33253000000593,5.967162474840222
34.33420000000593,5.964957142848675
34.335870000005926,5.962809999991578
34.33754000000592,5.960662857134423
34.33921000000592,5.958515714277269
34.34088000000592,5.956368571420171
34.342550000005915,5.954221428563017
34.34422000000591,5.952074285705862
34.34589000000591,5.949927142848708
34.347560000005906,5.947779999991553
34.3492300000059,5.945632857134456
34.3509000000059,5.943485714277301
34.3525700000059,5.941338571420147
34.354240000005895,5.939085513069642
34.35591000000589,5.936817404417695
34.35758000000589,5.934549295765748
34.359250000005886,5.932290585610815
34.36092000000588,5.930210822823597
34.36259000000588,5.928131060036378
34.36426000000588,5.926051297249103
34.365930000005875,5.923971534461828
34.36760000000587,5.921891771674666
34.36927000000587,5.919812008887391
34.37094000000587,5.917732246100172
34.372610000005864,5.915660451120175
34.37428000000586,5.913701654127692
34.37595000000586,5.911635714277395
34.377620000005855,5.9094885714202405
34.37929000000585,5.907341428563143
34.38096000000585,5.9051942857059885
34.38263000000585,5.903047142848777
34.384300000005844,5.90089999999168
34.38597000000584,5.898752857134525
34.38764000000584,5.896605714277371
34.389310000005835,5.894458571420273
34.39098000000583,5.892311428563119
34.39265000000583,5.890113179065679
34.39432000000583,5.887845070413789
34.395990000005824,5.885576961761842
34.39766000000582,5.883308853109952
34.39933000000582,5.881040744458062
34.401000000005816,5.878772635806172
34.40267000000581,5.876504527154225
34.40434000000581,5.874236418502335
34.40601000000581,5.871968309850445
34.407680000005804,5.869700201198498
34.4093500000058,5.8674320925466645
34.4110200000058,5.865163983894718
34.412690000005796,5.862969999991776
34.41436000000579,5.860822857134622
34.41603000000579,5.858675714277467
34.41770000000579,5.85652857142037
34.419370000005785,5.854381428563215
34.42104000000578,5.852234285706118
34.42271000000578,5.850204812022582
34.424380000005776,5.848246015030099
34.42605000000577,5.846287218037617
34.42772000000577,5.844328421045191
34.42939000000577,5.842369624052708
34.431060000005765,5.840410827060225
34.43273000000576,5.8383347664857865
34.43440000000576,5.836255003698511
34.436070000005756,5.834175240911293
34.43774000000575,5.832068410454156
34.43941000000575,5.8298003018022655
34.44108000000575,5.827532193150375
34.442750000005745,5.825264084498485
34.44442000000574,5.822995975846538
34.44609000000574,5.820727867194648
34.44776000000574,5.818459758542758
34.449430000005734,5.816191649890811
34.45110000000573,5.813923541238921
34.45277000000573,5.811655432587031
34.454440000005725,5.809387323935141
34.45611000000572,5.807119215283251
34.45778000000572,5.804851106631304
34.45945000000572,5.802582997979357
34.461120000005714,5.800314889327524
34.46279000000571,5.798046780675577
34.46446000000571,5.795778672023687
34.466130000005705,5.793510563371797
34.4678000000057,5.79124245471985
34.4694700000057,5.78897434606796
34.4711400000057,5.78674857142056
34.472810000005694,5.784601428563349
34.47448000000569,5.782454285706194
34.47615000000569,5.780307142849097
34.477820000005686,5.778159999991942
34.47949000000568,5.776012857134788
34.48116000000568,5.77386571427769
34.48283000000568,5.771718571420536
34.484500000005674,5.769609022549048
34.48617000000567,5.767650225556508
34.48784000000567,5.7656914285640255
34.489510000005666,5.7637326315715995
34.49118000000566,5.761688361741676
34.49285000000566,5.759608598954401
34.49452000000566,5.757528836167182
34.496190000005654,5.755449073379907
34.49786000000565,5.753369310592689
34.49953000000565,5.75128954780547
34.501200000005646,5.749074446671671
34.50287000000564,5.7468063380197805
34.50454000000564,5.7445382293678335
34.50621000000564,5.7422701207159434
34.507880000005635,5.740002012064053
34.50955000000563,5.737733903412106
34.51122000000563,5.735574285706377
34.512890000005626,5.733427142849223
34.51456000000562,5.731279999992012
34.51623000000562,5.729132857134914
34.51790000000562,5.72698571427776
34.519570000005615,5.724838571420662
34.52124000000561,5.7226914285635075
34.52291000000561,5.72054428570641
34.52458000000561,5.7183971428492555
34.526250000005604,5.716249999992101
34.5279200000056,5.714102857135003
34.5295900000056,5.71192505029353
34.531260000005595,5.70965694164164
34.53293000000559,5.707388832989693
34.53460000000559,5.705120724337803
34.53627000000559,5.702852615685913
34.537940000005584,5.700584507033966
34.53961000000558,5.698316398382076
34.54128000000558,5.696048289730186
34.542950000005575,5.693780181078239
34.54462000000557,5.691512072426349
34.54629000000557,5.689243963774459
34.54796000000557,5.687121719784841
34.549630000005564,5.6850419569976225
34.55130000000556,5.682962194210347
34.55297000000556,5.680882431423072
34.554640000005556,5.6788026686358535
34.55631000000555,5.676722905848578
34.55798000000555,5.67464314306136
34.55965000000555,5.672563380274141
34.561320000005544,5.670483617486866
34.56299000000554,5.668348591541076
34.56466000000554,5.666080482889129
34.566330000005536,5.663812374237295
34.56800000000553,5.6615442655853485
34.56967000000553,5.659352857135104
34.57134000000553,5.65720571427795
34.573010000005524,5.655058571420852
34.57468000000552,5.652911428563698
34.57635000000552,5.6507642857066
34.578020000005516,5.648617142849389
34.57969000000551,5.6464699999922345
34.58136000000551,5.644322857135137
34.58303000000551,5.6421757142779825
34.584700000005505,5.640028571420828
34.5863700000055,5.63788142856373
34.5880400000055,5.635734285706576
34.589710000005496,5.6334673038147685
34.59138000000549,5.631199195162878
34.59305000000549,5.628931086510988
34.59472000000549,5.626662977859041
34.596390000005485,5.624394869207208
34.59806000000548,5.622126760555261
34.59973000000548,5.619858651903371
34.601400000005476,5.617590543251481
34.603070000005474,5.615322434599534
34.60474000000547,5.613054325947701
34.60641000000547,5.610786217295754
34.608080000005465,5.608539999992388
34.60975000000546,5.606458646609553
34.61142000000546,5.604499849617127
34.61309000000546,5.602541052624645
34.614760000005454,5.600582255632162
34.61643000000545,5.598623458639679
34.61810000000545,5.596664661647196
34.619770000005445,5.594705864654713
34.62144000000544,5.592747067662231
34.62311000000544,5.590788270669748
34.62478000000544,5.588829473677265
34.626450000005434,5.586707142849605
34.62812000000543,5.584494969810919
34.62979000000543,5.582226861158972
34.631460000005426,5.579958752507139
34.63313000000542,5.577690643855192
34.63480000000542,5.575422535203245
34.63647000000542,5.573154426551412
34.638140000005414,5.570886317899465
34.63981000000541,5.568618209247518
34.64148000000541,5.566350100595628
34.643150000005406,5.564081991943738
34.6448200000054,5.561813883291791
34.6464900000054,5.559545774639901
34.6481600000054,5.5572776659880105
34.649830000005394,5.5550095573361205
34.65150000000539,5.55274144868423
34.65317000000539,5.55047334003234
34.654840000005386,5.548205231380393
34.65651000000538,5.545937122728503
34.65818000000538,5.543669014076613
34.65985000000538,5.541400905424723
34.661520000005375,5.539132796772776
34.66319000000537,5.536864688120886
34.66486000000537,5.534596579468996
34.666530000005366,5.532328470817049
34.66820000000536,5.5301714285639605
34.66987000000536,5.528024285706806
34.67154000000536,5.525877142849652
34.673210000005355,5.523904060143536
34.67488000000535,5.52194526315111
34.67655000000535,5.5199864661586275
34.678220000005346,5.518027669166145
34.679890000005344,5.516068872173662
34.68156000000534,5.514110075181122
34.68323000000534,5.512151278188696
34.684900000005335,5.5101924811962135
34.68657000000533,5.5082004447667146
34.68824000000533,5.506037223332214
34.68991000000533,5.503769114680324
34.691580000005324,5.501501006028377
34.69325000000532,5.499232897376487
34.69492000000532,5.496964788724597
34.696590000005315,5.49469668007265
34.69826000000531,5.492428571420817
34.69993000000531,5.49016046276887
34.70160000000531,5.487892354116923
34.703270000005304,5.48562424546509
34.7049400000053,5.483356136813143
34.7066100000053,5.481144285706932
34.708280000005296,5.478997142849778
34.70995000000529,5.4768499999926235
34.71162000000529,5.474702857135469
34.71329000000529,5.472555714278371
34.714960000005284,5.470408571421217
34.71663000000528,5.4682614285640625
34.71830000000528,5.466114285706965
34.719970000005276,5.46396714284981
34.72164000000527,5.461819999992656
34.72331000000527,5.459672857135558
34.72498000000527,5.457525714278404
34.726650000005264,5.4552791750426195
34.72832000000526,5.453011066390673
34.72999000000526,5.450742957738839
34.731660000005256,5.448474849086892
34.73333000000525,5.446206740435002
34.73500000000525,5.444032616746142
34.73667000000525,5.441952853958867
34.738340000005245,5.439873091171592
34.74001000000524,5.437793328384373
34.74168000000524,5.435713565597098
34.743350000005236,5.433633802809879
34.74502000000523,5.431555488715219
34.74669000000523,5.429596691722679
34.74836000000523,5.427637894730196
34.750030000005225,5.425675714278441
34.75170000000522,5.423528571421286
34.75337000000522,5.421381428564189
34.755040000005216,5.419234285707034
34.756710000005214,5.417087142849937
34.75838000000521,5.414939999992782
34.76005000000521,5.412792857135685
34.761720000005205,5.41064571427853
34.7633900000052,5.408498571421376
34.7650600000052,5.406306841038713
34.7667300000052,5.404038732386766
34.768400000005194,5.401770623734933
34.77007000000519,5.399502515082986
34.77174000000519,5.397234406431039
34.773410000005185,5.394966297779206
34.77508000000518,5.392698189127259
34.77675000000518,5.390430080475312
34.77842000000518,5.388161971823479
34.780090000005174,5.385893863171532
34.78176000000517,5.383625754519585
34.78343000000517,5.381357645867752
34.785100000005166,5.379089537215805
34.78677000000516,5.376821428563858
34.78844000000516,5.374553319911968
34.79011000000516,5.372285211260078
34.791780000005154,5.3700171026081875
34.79345000000515,5.367748993956241
34.79512000000515,5.3654808853043505
34.796790000005146,5.363226686427538
34.79846000000514,5.361146923640263
34.80013000000514,5.359067160853044
34.80180000000514,5.356987398065769
34.803470000005134,5.3549076352785505
34.80514000000513,5.352918496234167
34.80681000000513,5.350959699241685
34.808480000005126,5.349000902249202
34.81015000000512,5.347042105256719
34.81182000000512,5.345083308264293
34.81349000000512,5.343012857135875
34.815160000005115,5.340865714278721
34.81683000000511,5.338718571421566
34.81850000000511,5.3365714285644685
34.820170000005106,5.334424285707314
34.8218400000051,5.332277142850103
34.8235100000051,5.330117203211955
34.8251800000051,5.327849094560008
34.826850000005095,5.325580985908118
34.82852000000509,5.323312877256228
34.83019000000509,5.321044768604281
34.831860000005086,5.318776659952391
34.833530000005084,5.316508551300501
34.83520000000508,5.314240442648554
34.83687000000508,5.311972333996664
34.838540000005075,5.309704225344774
34.84021000000507,5.307436116692884
34.84188000000507,5.305168008040937
34.84355000000507,5.30293571427876
34.845220000005064,5.300788571421663
34.84689000000506,5.298641428564508
34.84856000000506,5.296494285707354
34.850230000005055,5.294347142850256
34.85190000000505,5.292199999993102
34.85357000000505,5.290052857135947
34.85524000000505,5.28790571427885
34.856910000005044,5.285758571421695
34.85858000000504,5.283611428564541
34.86025000000504,5.2815864661590695
34.861920000005036,5.2796276691666435
34.86359000000503,5.27758991845144
34.86526000000503,5.275510155664222
34.86693000000503,5.273430392876946
34.868600000005024,5.271350630089671
34.87027000000502,5.269270867302453
34.87194000000502,5.267191104515177
34.873610000005016,5.265111341727902
34.87528000000501,5.262999999992758
34.87695000000501,5.260731891340811
34.87862000000501,5.258463782688921
34.880290000005004,5.256195674036974
34.881960000005,5.2539275653851405
34.883630000005,5.251659456733194
34.885300000004996,5.2493913480813035
34.88697000000499,5.247123239429413
34.88864000000499,5.2448551307774665
34.89031000000499,5.242587022125633
34.891980000004985,5.240318913473686
34.89365000000498,5.238050804821796
34.89532000000498,5.235782696169906
34.896990000004976,5.233514587517959
34.89866000000497,5.231246478866069
34.90033000000497,5.228978370214179
34.90200000000497,5.226714285707487
34.903670000004965,5.224567142850333
34.90534000000496,5.222419999993235
34.90701000000496,5.220272857136081
34.908680000004956,5.218125714278926
34.910350000004954,5.215978571421829
34.91202000000495,5.213831428564674
34.91369000000495,5.211684285707577
34.915360000004945,5.209537142850422
34.91703000000494,5.207389999993325
34.91870000000494,5.20524285713617
34.92037000000494,5.203095714279016
34.922040000004934,5.2009435137073865
34.92371000000493,5.198863750920111
34.92538000000493,5.196783988132893
34.927050000004925,5.194704225345674
34.92872000000492,5.192624462558399
34.93039000000492,5.190544699771181
34.93206000000492,5.188464936983905
34.933730000004914,5.18638517419663
34.93540000000491,5.184305411409412
34.93707000000491,5.182225648622136
34.938740000004906,5.180006036210216
34.9404100000049,5.177737927558383
34.9420800000049,5.175539999993305
34.9437500000049,5.17339285713615
34.945420000004894,5.171245714279053
34.94709000000489,5.169098571421898
34.94876000000489,5.166951428564744
34.950430000004886,5.164804285707646
34.95210000000488,5.162657142850492
34.95377000000488,5.160509999993337
34.95544000000488,5.15836285713624
34.957110000004874,5.156215714279085
34.95878000000487,5.154068571421988
34.96045000000487,5.151921428564833
34.962120000004866,5.149660965787746
34.96379000000486,5.147392857135912
34.96546000000486,5.1451247484839655
34.96713000000486,5.142856639832075
34.968800000004855,5.140588531180185
34.97047000000485,5.138320422528295
34.97214000000485,5.136052313876348
34.973810000004846,5.133784205224458
34.97548000000484,5.131516096572511
34.97715000000484,5.129247987920621
34.97882000000484,5.126979879268731
34.980490000004835,5.124711770616784
34.98216000000483,5.122443661964894
34.98383000000483,5.120175553313004
34.985500000004826,5.118057820601507
34.987170000004824,5.115978057814232
34.98884000000482,5.11389829502707
34.99051000000482,5.111818532239795
34.992180000004815,5.109738769452576
34.99385000000481,5.107659006665301
34.99552000000481,5.105579243878026
34.99719000000481,5.103499481090864
34.998860000004804,5.101419718303589
35.0005300000048,5.099659285711084
35.0022000000048,5.098585714282478
35.003870000004795,5.0975121428539865
35.00554000000479,5.096438571425381
35.00721000000479,5.095364999996832
35.00888000000479,5.094291428568283
35.010550000004784,5.093217857139678
35.01222000000478,5.092144285711129
35.01389000000478,5.091070714282523
35.015560000004776,5.089997142853974
35.01723000000477,5.088923571425369
35.01890000000477,5.08784999999682
35.02057000000477,5.086857957743689
35.022240000004764,5.085905352109876
35.02391000000476,5.084952746476063
35.02558000000476,5.0840001408422495
35.027250000004756,5.083047535208436
35.02892000000475,5.082094929574623
35.03059000000475,5.081142323940867
35.03226000000475,5.080189718306997
35.033930000004744,5.0792371126732405
35.03560000000474,5.0782845070393705
35.03727000000474,5.077331901405614
35.038940000004736,5.076379295771801
35.04061000000473,5.075322142853963
35.04228000000473,5.074248571425358
35.04395000000473,5.073174999996809
35.045620000004725,5.072101428568203
35.04729000000472,5.071027857139654
35.04896000000472,5.069954285711049
35.050630000004716,5.0688807142825
35.05230000000471,5.067807142853894
35.05397000000471,5.066733571425402
35.05564000000471,5.0656599999968535
35.057310000004705,5.064586428568248
35.0589800000047,5.063539577461995
35.0606500000047,5.062586971828182
35.062320000004696,5.061634366194369
35.063990000004694,5.060681760560556
35.06566000000469,5.0597291549267425
35.06733000000469,5.058776549292986
35.069000000004685,5.057823943659173
35.07067000000468,5.05687133802536
35.07234000000468,5.055918732391547
35.07401000000468,5.0549661267577335
35.075680000004674,5.05401352112392
35.07735000000467,5.053060915490164
35.07902000000467,5.052058571425391
35.080690000004665,5.050984999996842
35.08236000000466,5.049911428568237
35.08403000000466,5.048837857139688
35.08570000000466,5.047764285711082
35.087370000004654,5.0466907142825335
35.08904000000465,5.045617142853928
35.09071000000465,5.044543571425379
35.092380000004646,5.04346999999683
35.09405000000464,5.042396428568281
35.09572000000464,5.041322857139676
35.09739000000464,5.040249285711127
35.099060000004634,5.039268591546488
35.10073000000463,5.038315985912675
35.10240000000463,5.037363380278919
35.104070000004626,5.036410774645049
35.10574000000462,5.035458169011292
35.10741000000462,5.034505563377479
35.10908000000462,5.033552957743666
35.110750000004614,5.032600352109853
35.11242000000461,5.03164774647604
35.11409000000461,5.030695140842283
35.115760000004606,5.02974253520847
35.1174300000046,5.028789929574657
35.1191000000046,5.027837323940844
35.1207700000046,5.026884718307031
35.122440000004595,5.025932112673274
35.12411000000459,5.024979507039461
35.12578000000459,5.024026901405648
35.127450000004586,5.023074295771835
35.12912000000458,5.022121690138022
35.13079000000458,5.0211690845042085
35.13246000000458,5.020216478870452
35.134130000004575,5.019263873236582
35.13580000000457,5.018311267602826
35.13747000000457,5.017340714282511
35.139140000004566,5.0162671428539625
35.140810000004564,5.015193571425357
35.14248000000456,5.014119999996808
35.14415000000456,5.013046428568259
35.145820000004555,5.01197285713971
35.14749000000455,5.010899285711105
35.14916000000455,5.009825714282556
35.15083000000455,5.00875214285395
35.152500000004544,5.0076785714254015
35.15417000000454,5.006604999996796
35.15584000000454,5.005531428568247
35.157510000004535,5.004518943659207
35.15918000000453,5.003566338025337
35.16085000000453,5.0026137323915805
35.16252000000453,5.001661126757767
35.164190000004524,5.000708521123954
35.16586000000452,4.999755915490141
35.16753000000452,4.998803309856328
35.169200000004516,4.9978507042225715
35.17087000000451,4.996898098588758
35.17254000000451,4.995945492954945
35.17421000000451,4.994992887321132
35.175880000004504,4.994040281687319
35.1775500000045,4.99300357142539
35.1792200000045,4.991929999996842
35.180890000004496,4.990856428568236
35.18256000000449,4.989782857139744
35.18423000000449,4.988709285711138
35.18590000000449,4.98763571428259
35.187570000004484,4.986562142853984
35.18924000000448,4.985488571425435
35.19091000000448,4.9844149999968295
35.192580000004476,4.983341428568281
35.19425000000447,4.982267857139675
35.19592000000447,4.981200563377513
35.19759000000447,4.980247957743643
35.199260000004465,4.979295352109887
35.20093000000446,4.978342746476073
35.20260000000446,4.97739014084226
35.204270000004456,4.976437535208504
35.20594000000445,4.975484929574634
35.20761000000445,4.974532323940878
35.20928000000445,4.9735797183070645
35.210950000004445,4.972627112673251
35.21262000000444,4.971674507039438
35.21429000000444,4.970721901405625
35.215960000004436,4.969769295771869
35.217630000004434,4.9688166901380555
35.21930000000443,4.967864084504242
35.22097000000443,4.966911478870429
35.222640000004425,4.965958873236616
35.22431000000442,4.965006267602803
35.22598000000442,4.9640536619690465
35.22765000000442,4.963101056335233
35.229320000004414,4.96214845070142
35.23099000000441,4.961195845067607
35.23266000000441,4.960243239433794
35.234330000004405,4.9592906338000375
35.2360000000044,4.958285714282567
35.2376700000044,4.957212142854019
35.2393400000044,4.95613857142547
35.241010000004394,4.955064999996864
35.24268000000439,4.953991428568315
35.24435000000439,4.95291785713971
35.246020000004386,4.951844285711161
35.24769000000438,4.950770714282612
35.24936000000438,4.949697142854063
35.25103000000438,4.948623571425458
35.252700000004374,4.947549999996909
35.25437000000437,4.946476428568303
35.25604000000437,4.9454983098564185
35.257710000004366,4.9445457042225485
35.25938000000436,4.943593098588792
35.26105000000436,4.942640492954922
35.26272000000436,4.941687887321166
35.264390000004354,4.940735281687353
35.26606000000435,4.9397826760535395
35.26773000000435,4.938830070419726
35.269400000004346,4.937877464785913
35.27107000000434,4.9369248591521
35.27274000000434,4.935972253518344
35.27441000000434,4.9350196478845305
35.276080000004335,4.9339485714254465
35.27775000000433,4.932874999996898
35.27942000000433,4.931801428568292
35.281090000004326,4.930727857139743
35.28276000000432,4.929654285711138
35.28443000000432,4.928580714282589
35.28610000000432,4.92750714285404
35.287770000004315,4.926433571425491
35.28944000000431,4.925359999996942
35.29111000000431,4.924286428568337
35.292780000004306,4.923212857139788
35.2944500000043,4.922179929574725
35.2961200000043,4.9212273239409114
35.2977900000043,4.920274718307098
35.299460000004295,4.919322112673285
35.30113000000429,4.918369507039472
35.30280000000429,4.917416901405716
35.30447000000429,4.916464295771846
35.306140000004284,4.915511690138089
35.30781000000428,4.914559084504219
35.30948000000428,4.913606478870463
35.311150000004275,4.91265387323665
35.31282000000427,4.911701267602837
35.31449000000427,4.9107486619690235
35.31616000000427,4.90979605633521
35.317830000004264,4.908843450701397
35.31950000000426,4.907890845067641
35.32117000000426,4.906938239433828
35.322840000004256,4.9059856338000145
35.32451000000425,4.905033028166201
35.32618000000425,4.904080422532388
35.32785000000425,4.903127816898632
35.329520000004244,4.902175211264762
35.33119000000424,4.9012226056310055
35.33286000000424,4.900269999997192
35.334530000004236,4.899230714282567
35.33620000000423,4.898157142854018
35.33787000000423,4.897083571425412
35.33954000000423,4.89600999999692
35.341210000004224,4.894936428568315
35.34288000000422,4.893862857139766
35.34455000000422,4.892789285711217
35.346220000004216,4.891715714282611
35.34789000000421,4.8906421428540625
35.34956000000421,4.889568571425457
35.35123000000421,4.888494999996965
35.352900000004205,4.8874302816873865
35.3545700000042,4.886477676053573
35.3562400000042,4.885525070419817
35.357910000004196,4.884572464786004
35.35958000000419,4.883619859152191
35.36125000000419,4.8826672535183775
35.36292000000419,4.881714647884564
35.364590000004185,4.880762042250751
35.36626000000418,4.879809436616995
35.36793000000418,4.878856830983125
35.369600000004176,4.8779042253493685
35.37127000000417,4.8769516197154985
35.37294000000417,4.875967142854051
35.37461000000417,4.874893571425446
35.376280000004165,4.87381999999684
35.37795000000416,4.872746428568348
35.37962000000416,4.871672857139799
35.38129000000416,4.870599285711194
35.382960000004154,4.869525714282645
35.38463000000415,4.868452142854039
35.38630000000415,4.8673785714254905
35.387970000004145,4.866304999996885
35.38964000000414,4.865231428568336
35.39131000000414,4.864157857139844
35.39298000000414,4.863159295771879
35.394650000004134,4.862206690138123
35.39632000000413,4.86125408450431
35.39799000000413,4.860301478870497
35.399660000004125,4.859348873236684
35.40133000000412,4.8583962676028705
35.40300000000412,4.857443661969057
35.40467000000412,4.856491056335301
35.406340000004114,4.855538450701431
35.40801000000411,4.854585845067675
35.40968000000411,4.853633239433805
35.411350000004106,4.852680633800048
35.4130200000041,4.851629999996874
35.4146900000041,4.850556428568325
35.4163600000041,4.849482857139719
35.418030000004094,4.8484092857111705
35.41970000000409,4.847335714282565
35.42137000000409,4.846262142854016
35.423040000004086,4.84518857142541
35.42471000000408,4.844114999996918
35.42638000000408,4.84304142856837
35.42805000000408,4.841967857139764
35.429720000004075,4.840894285711215
35.43139000000407,4.839840915490129
35.43306000000407,4.838888309856372
35.434730000004066,4.837935704222559
35.43640000000406,4.836983098588803
35.43807000000406,4.83603049295499
35.43974000000406,4.835077887321177
35.441410000004055,4.83412528168742
35.44308000000405,4.83317267605355
35.44475000000405,4.832220070419794
35.446420000004046,4.831267464785981
35.44809000000404,4.830314859152168
35.44976000000404,4.829362253518411
35.45143000000404,4.828409647884598
35.453100000004035,4.827457042250785
35.45477000000403,4.826504436616972
35.45644000000403,4.825551830983159
35.45811000000403,4.8245992253493455
35.459780000004024,4.823646619715589
35.46145000000402,4.822694014081776
35.46312000000402,4.821741408447963
35.464790000004015,4.8207888028142065
35.46646000000401,4.8198361971803365
35.46813000000401,4.81888359154658
35.46980000000401,4.81793098591271
35.471470000004004,4.8169121428541075
35.473140000004,4.815838571425502
35.474810000004,4.814764999996953
35.476480000003995,4.813691428568347
35.47815000000399,4.812617857139799
35.47982000000399,4.811544285711193
35.48149000000399,4.810470714282701
35.483160000003984,4.809397142854095
35.48483000000398,4.808323571425547
35.48650000000398,4.807249999996941
35.488170000003976,4.806176428568392
35.48984000000397,4.8051028571397865
35.49151000000397,4.804138661969091
35.49318000000397,4.803186056335278
35.494850000003964,4.802233450701465
35.49652000000396,4.8012808450677085
35.49819000000396,4.800328239433895
35.499860000003956,4.799375633800082
35.50153000000395,4.798423028166269
35.50320000000395,4.797470422532456
35.50487000000395,4.796517816898643
35.506540000003945,4.795565211264886
35.50821000000394,4.794612605631073
35.50988000000394,4.7936485714255355
35.511550000003936,4.792574999996987
35.51322000000393,4.791501428568381
35.51489000000393,4.790427857139832
35.51656000000393,4.789354285711227
35.518230000003925,4.788280714282678
35.51990000000392,4.787207142854072
35.52157000000392,4.786133571425523
35.523240000003916,4.785059999996918
35.52491000000391,4.783986428568369
35.52658000000391,4.782912857139763
35.52825000000391,4.781839285711214
35.529920000003905,4.78082028168734
35.5315900000039,4.779867676053584
35.5332600000039,4.778915070419771
35.5349300000039,4.777962464785958
35.536600000003894,4.777009859152145
35.53827000000389,4.776057253518388
35.53994000000389,4.775104647884518
35.541610000003885,4.774152042250762
35.54328000000388,4.773199436617006
35.54495000000388,4.772246830983136
35.54662000000388,4.771294225349379
35.548290000003874,4.770341619715566
35.54996000000387,4.76938901408181
35.55163000000387,4.76843640844794
35.553300000003865,4.7674838028141835
35.55497000000386,4.76653119718037
35.55664000000386,4.765578591546557
35.55831000000386,4.764625985912801
35.559980000003854,4.763673380278931
35.56165000000385,4.7627207746451745
35.56332000000385,4.7617681690113045
35.564990000003846,4.760815563377548
35.56666000000384,4.759862957743792
35.56833000000384,4.758910352109922
35.57000000000384,4.757857142854107
35.571670000003834,4.756783571425501
35.57334000000383,4.755709999997009
35.57501000000383,4.7546364285684035
35.576680000003826,4.753562857139855
35.57835000000382,4.752489285711306
35.58002000000382,4.7514157142827
35.58169000000382,4.7503421428541515
35.583360000003815,4.749268571425546
35.58503000000381,4.748194999997054
35.58670000000381,4.747121428568448
35.588370000003806,4.746070633800116
35.5900400000038,4.745118028166303
35.5917100000038,4.7441654225325465
35.5933800000038,4.7432128168986765
35.595050000003795,4.74226021126492
35.59672000000379,4.741307605631107
35.59839000000379,4.740354999997294
35.600060000003786,4.739402394363481
35.60173000000378,4.7384497887296675
35.60340000000378,4.737497183095854
35.60507000000378,4.736544577462098
35.606740000003775,4.735591971828228
35.60841000000377,4.734593571425535
35.61008000000377,4.733519999996929
35.61175000000377,4.73244642856838
35.613420000003764,4.7313728571398315
35.61509000000376,4.730299285711226
35.61676000000376,4.729225714282734
35.618430000003755,4.728152142854128
35.62010000000375,4.727078571425579
35.62177000000375,4.726004999996974
35.62344000000375,4.724931428568425
35.625110000003744,4.723857857139876
35.62678000000374,4.7227842857112705
35.62845000000374,4.721799647884609
35.630120000003735,4.720847042250796
35.63179000000373,4.719894436616983
35.63346000000373,4.718941830983169
35.63513000000373,4.717989225349356
35.636800000003724,4.7170366197156
35.63847000000372,4.71608401408173
35.64014000000372,4.715131408447974
35.641810000003716,4.7141788028141605
35.64348000000371,4.713226197180347
35.64515000000371,4.712273591546591
35.64682000000371,4.711320985912778
35.648490000003704,4.710368380278965
35.6501600000037,4.7094157746451515
35.6518300000037,4.708463169011395
35.653500000003696,4.707510563377525
35.65517000000369,4.706557957743769
35.65684000000369,4.705605352109956
35.65851000000369,4.7046527464761425
35.660180000003685,4.703700140842386
35.66185000000368,4.702747535208516
35.66352000000368,4.70179492957476
35.665190000003676,4.70084232394089
35.66686000000367,4.699875714282712
35.66853000000367,4.698802142854163
35.67020000000367,4.697728571425557
35.671870000003665,4.696654999997008
35.67354000000366,4.695581428568403
35.67521000000366,4.694507857139854
35.676880000003656,4.693434285711305
35.67855000000365,4.692360714282756
35.68022000000365,4.691287142854208
35.68189000000365,4.690213571425602
35.683560000003645,4.689139999997053
35.68523000000364,4.6880664285684475
35.68690000000364,4.687049999997328
35.68857000000364,4.6860973943635145
35.690240000003634,4.685144788729758
35.69191000000363,4.684192183095888
35.69358000000363,4.683239577462132
35.695250000003625,4.682286971828262
35.69692000000362,4.6813343661945055
35.69859000000362,4.680381760560692
35.70026000000362,4.679429154926879
35.701930000003614,4.678476549293066
35.70360000000361,4.677523943659253
35.70527000000361,4.67657133802544
35.706940000003605,4.675538571425591
35.7086100000036,4.674464999996985
35.7102800000036,4.673391428568436
35.7119500000036,4.672317857139831
35.713620000003594,4.671244285711282
35.71529000000359,4.670170714282733
35.71696000000359,4.6690971428541275
35.718630000003586,4.668023571425579
35.72030000000358,4.666949999996973
35.72197000000358,4.665876428568424
35.72364000000358,4.664802857139819
35.725310000003574,4.663731619715577
35.72698000000357,4.662779014081821
35.72865000000357,4.661826408448007
35.730320000003566,4.660873802814194
35.73199000000356,4.659921197180381
35.73366000000356,4.658968591546625
35.73533000000356,4.658015985912755
35.737000000003555,4.6570633802789985
35.73867000000355,4.656110774645185
35.74034000000355,4.655158169011429
35.742010000003546,4.654205563377559
35.74368000000354,4.653252957743803
35.74535000000354,4.652274999997019
35.74702000000354,4.65120142856847
35.748690000003535,4.650127857139864
35.75036000000353,4.6490542857113155
35.75203000000353,4.64798071428271
35.753700000003526,4.646907142854161
35.75537000000352,4.645833571425555
35.75704000000352,4.644759999997007
35.75871000000352,4.643686428568401
35.760380000003515,4.642612857139852
35.76205000000351,4.641539285711303
35.76372000000351,4.640465714282698
35.76539000000351,4.639460633800127
35.767060000003504,4.638508028166314
35.7687300000035,4.6375554225325
35.7704000000035,4.636602816898687
35.772070000003495,4.635650211264931
35.77374000000349,4.634697605631118
35.77541000000349,4.633744999997305
35.77708000000349,4.632792394363548
35.778750000003484,4.631839788729678
35.78042000000348,4.630887183095922
35.78209000000348,4.629934577462109
35.783760000003475,4.6289819718283525
35.78543000000347,4.628029366194539
35.78710000000347,4.627076760560726
35.78877000000347,4.626124154926913
35.790440000003464,4.6251715492931
35.79211000000346,4.6242189436593435
35.79378000000346,4.6232663380254735
35.795450000003456,4.622313732391717
35.79712000000345,4.621361126757904
35.79879000000345,4.620408521124091
35.80046000000345,4.6194559154903345
35.802130000003444,4.6185033098564645
35.80380000000344,4.617550704222708
35.80547000000344,4.61648357142559
35.807140000003436,4.615409999997041
35.80881000000343,4.614336428568436
35.81048000000343,4.613262857139944
35.81215000000343,4.612189285711338
35.813820000003425,4.611115714282789
35.81549000000342,4.610042142854184
35.81716000000342,4.608968571425635
35.818830000003416,4.607894999997029
35.82050000000341,4.60682142856848
35.82217000000341,4.605747857139875
35.82384000000341,4.604710985912789
35.825510000003405,4.603758380278975
35.8271800000034,4.602805774645219
35.8288500000034,4.601853169011349
35.830520000003396,4.600900563377593
35.83219000000339,4.5999479577438365
35.83386000000339,4.5989953521099665
35.83553000000339,4.59804274647621
35.837200000003385,4.597090140842397
35.83887000000338,4.596137535208584
35.84054000000338,4.595184929574771
35.84221000000338,4.594232323941014
35.843880000003374,4.593219999997075
35.84555000000337,4.592146428568469
35.84722000000337,4.591072857139977
35.848890000003365,4.589999285711372
35.85056000000336,4.588925714282823
35.85223000000336,4.587852142854217
35.85390000000336,4.586778571425668
35.855570000003354,4.585704999997063
35.85724000000335,4.584631428568514
35.85891000000335,4.583557857139908
35.860580000003345,4.5824842857113595
35.86225000000334,4.581410714282754
35.86392000000334,4.580439999997338
35.86559000000334,4.579487394363525
35.867260000003334,4.578534788729712
35.86893000000333,4.577582183095899
35.87060000000333,4.576629577462143
35.872270000003326,4.575676971828273
35.87394000000332,4.574724366194516
35.87561000000332,4.573771760560703
35.87728000000332,4.57281915492689
35.878950000003314,4.571866549293134
35.88062000000331,4.5709139436593205
35.88229000000331,4.569961338025507
35.883960000003306,4.569008732391694
35.8856300000033,4.568056126757938
35.8873000000033,4.567103521124068
35.8889700000033,4.5661509154903115
35.890640000003295,4.565198309856498
35.89231000000329,4.564245704222685
35.89398000000329,4.563293098588929
35.895650000003286,4.562340492955059
35.89732000000328,4.5613878873213025
35.89899000000328,4.5604352816874325
35.90066000000328,4.559482676053676
35.902330000003275,4.558502142854252
35.90400000000327,4.557428571425646
35.90567000000327,4.556354999997097
35.907340000003266,4.555281428568492
35.90901000000326,4.554207857139943
35.91068000000326,4.553134285711337
35.91235000000326,4.5520607142827885
35.914020000003255,4.550987142854183
35.91569000000325,4.549913571425634
35.91736000000325,4.548839999997028
35.91903000000325,4.54776642856848
35.920700000003244,4.546692857139874
35.92237000000324,4.54569035211
35.92404000000324,4.544737746476187
35.925710000003235,4.543785140842374
35.92738000000323,4.542832535208561
35.92905000000323,4.5418799295748045
35.93072000000323,4.5409273239409345
35.932390000003224,4.539974718307178
35.93406000000322,4.539022112673365
35.93573000000322,4.538069507039609
35.937400000003215,4.5371169014057955
35.93907000000321,4.536164295771982
35.94074000000321,4.535211690138226
35.94241000000321,4.534164999997074
35.944080000003204,4.533091428568525
35.9457500000032,4.53201785713992
35.9474200000032,4.530944285711371
35.949090000003196,4.529870714282822
35.95076000000319,4.528797142854216
35.95243000000319,4.527723571425668
35.95410000000319,4.526649999997062
35.955770000003184,4.525576428568513
35.95744000000318,4.5245028571399075
35.95911000000318,4.523429285711359
35.960780000003176,4.522371971828306
35.96245000000317,4.52141936619455
35.96412000000317,4.52046676056068
35.96579000000317,4.519514154926924
35.967460000003165,4.518561549293111
35.96913000000316,4.517608943659297
35.97080000000316,4.516656338025484
35.972470000003156,4.515703732391728
35.97414000000315,4.514751126757858
35.97581000000315,4.513798521124102
35.97748000000315,4.5128459154902885
35.979150000003145,4.511893309856532
35.98082000000314,4.510940704222662
35.98249000000314,4.509988098588906
35.984160000003136,4.509035492955093
35.98583000000313,4.5080828873212795
35.98750000000313,4.507130281687523
35.98917000000313,4.506177676053653
35.990840000003125,4.505225070419897
35.99251000000312,4.504272464786027
35.99418000000312,4.5033198591522705
35.99585000000312,4.502367253518514
35.997520000003114,4.501414647884644
35.99919000000311,4.500462042250888
36.00086000000311,4.4996886206877775
36.002530000003105,4.499083965515354
36.0042000000031,4.49847931034293
36.0058700000031,4.497874655170563
36.0075400000031,4.497269999998139
36.009210000003094,4.496665344825715
36.01088000000309,4.496060689653291
36.01255000000309,4.495456034480867
36.014220000003085,4.4948513793085
36.01589000000308,4.494246724136076
36.01756000000308,4.493642068963652
36.01923000000308,4.493037413791228
36.020900000003074,4.492432758618804
36.02257000000307,4.491828103446437
36.02424000000307,4.491219999997952
36.025910000003066,4.490536818179805
36.02758000000306,4.489853636361602
36.02925000000306,4.489170454543455
36.03092000000306,4.488487272725251
36.032590000003054,4.487804090907105
36.03426000000305,4.487120909088901
36.03593000000305,4.486437727270754
36.037600000003046,4.485754545452551
36.03927000000304,4.485071363634404
36.04094000000304,4.4843881818162
36.04261000000304,4.483704999998054
36.044280000003035,4.48302181817985
36.04595000000303,4.482338636361703
36.04762000000303,4.4816554545435
36.049290000003026,4.480972272725353
36.05096000000302,4.480289090907149
36.05263000000302,4.479605909089003
36.05430000000302,4.478922727270799
36.055970000003015,4.478239545452595
36.05764000000301,4.477556363634449
36.05931000000301,4.476873181816245
36.060980000003006,4.476189999998098
36.062650000003,4.475506818179895
36.064320000003,4.474823636361748
36.065990000003,4.474140454543544
36.067660000002995,4.473457272725341
36.06933000000299,4.472774090907194
36.07100000000299,4.47209090908899
36.07267000000299,4.471407727270844
36.074340000002984,4.47072454545264
36.07601000000298,4.470041363634493
36.07768000000298,4.46935818181629
36.079350000002975,4.468674999998143
36.08102000000297,4.467991818179939
36.08269000000297,4.467308636361736
36.08436000000297,4.466625454543589
36.086030000002964,4.4659422727253855
36.08770000000296,4.465259090907239
36.08937000000296,4.464575909089035
36.091040000002955,4.4638927272708315
36.09271000000295,4.463209545452685
36.09438000000295,4.462526363634481
36.09605000000295,4.461843181816334
36.097720000002944,4.461159999998131
36.09939000000294,4.460476818179984
36.10106000000294,4.4597936363617805
36.102730000002936,4.459110454543577
36.10440000000293,4.45842727272543
36.10607000000293,4.457744090907227
36.10774000000293,4.45706090908908
36.109410000002924,4.456377727270876
36.11108000000292,4.4556945454527295
36.11275000000292,4.455011363634526
36.114420000002916,4.454328181816322
36.11609000000291,4.4536449999981755
36.11776000000291,4.452961818179972
36.11943000000291,4.452278636361825
36.121100000002905,4.451595454543622
36.1227700000029,4.4509510919523905
36.1244400000029,4.45034643677991
36.126110000002896,4.449741781607486
36.12778000000289,4.449137126435119
36.12945000000289,4.448532471262695
36.13112000000289,4.447927816090328
36.132790000002885,4.447323160917847
36.13446000000288,4.44671850574548
36.13613000000288,4.446113850573056
36.137800000002876,4.445509195400689
36.13947000000287,4.444904540228265
36.14114000000287,4.444299885055841
36.14281000000287,4.443695229883417
36.144480000002865,4.44309057471105
36.14615000000286,4.442484090907328
36.14782000000286,4.4418009090891815
36.14949000000286,4.441117727270978
36.151160000002854,4.440434545452831
36.15283000000285,4.4397513636346275
36.15450000000285,4.439068181816481
36.156170000002845,4.438384999998277
36.15784000000284,4.43770181818013
36.15951000000284,4.437018636361927
36.16118000000284,4.436335454543666
36.162850000002834,4.43565227272552
36.16452000000283,4.434969090907316
36.16619000000283,4.434285909089169
36.167860000002825,4.433602727270966
36.16953000000282,4.432919545452819
36.17120000000282,4.432236363634615
36.17287000000282,4.431553181816412
36.174540000002814,4.430869999998265
36.17621000000281,4.430186818180061
36.17788000000281,4.429503636361915
36.179550000002806,4.428820454543711
36.1812200000028,4.428137272725564
36.1828900000028,4.427454090907361
36.1845600000028,4.426770909089214
36.186230000002794,4.42608772727101
36.18790000000279,4.425404545452864
36.18957000000279,4.42472136363466
36.191240000002786,4.424038181816513
36.19291000000278,4.42335499999831
36.19458000000278,4.422671818180163
36.19625000000278,4.421988636361959
36.197920000002775,4.421305454543813
36.19959000000277,4.420622272725609
36.20126000000277,4.419939090907462
36.202930000002766,4.419255909089259
36.20460000000276,4.418572727271112
36.20627000000276,4.417889545452908
36.20794000000276,4.417206363634705
36.209610000002755,4.416523181816558
36.21128000000275,4.415839999998354
36.21295000000275,4.415156818180208
36.214620000002746,4.414473636362004
36.21629000000274,4.413790454543857
36.21796000000274,4.413107272725597
36.21963000000274,4.412424090907393
36.221300000002735,4.4117409090892465
36.22297000000273,4.411057727271043
36.22464000000273,4.410374545452896
36.22631000000273,4.409691363634693
36.227980000002724,4.409008181816546
36.22965000000272,4.408324999998342
36.23132000000272,4.407641818180139
36.232990000002715,4.406958636361992
36.23466000000271,4.406275454543788
36.23633000000271,4.405592272725642
36.23800000000271,4.404909090907438
36.239670000002704,4.404225909089348
36.2413400000027,4.4035427272711445
36.2430100000027,4.402859545452941
36.244680000002695,4.402213563216947
36.24635000000269,4.401608908044466
36.24802000000269,4.401004252872099
36.24969000000269,4.400399597699675
36.251360000002684,4.399794942527308
36.25303000000268,4.399190287354884
36.25470000000268,4.39858563218246
36.256370000002676,4.397980977010036
36.25804000000267,4.397376321837669
36.25971000000267,4.396771666665245
36.26138000000267,4.396167011492878
36.263050000002664,4.395562356320397
36.26472000000266,4.39495770114803
36.26639000000266,4.394353045975606
36.268060000002656,4.3937481818166475
36.26973000000265,4.393064999998444
36.27140000000265,4.392381818180297
36.27307000000265,4.391698636362094
36.274740000002645,4.391015454543947
36.27641000000264,4.390332272725743
36.27808000000264,4.38964909090754
36.279750000002636,4.388965909089393
36.28142000000263,4.388282727271189
36.28309000000263,4.3875995454530425
36.28476000000263,4.386916363634839
36.286430000002625,4.386233181816692
36.28810000000262,4.385549999998489
36.28977000000262,4.384866818180285
36.291440000002616,4.384183636362138
36.29311000000261,4.383500454543935
36.29478000000261,4.382817272725788
36.29645000000261,4.382134090907584
36.298120000002605,4.381450909089438
36.2997900000026,4.380767727271234
36.3014600000026,4.380084545453087
36.3031300000026,4.379401363634884
36.304800000002594,4.378718181816737
36.30647000000259,4.378034999998533
36.30814000000259,4.3773518181803865
36.309810000002585,4.376668636362183
36.31148000000258,4.375985454544036
36.31315000000258,4.375302272725833
36.31482000000258,4.374619090907686
36.316490000002574,4.373935909089482
36.31816000000257,4.3732527272713355
36.31983000000257,4.372569545453132
36.321500000002565,4.371886363634985
36.32317000000256,4.371203181816782
36.32484000000256,4.370519999998521
36.32651000000256,4.369836818180374
36.328180000002554,4.369153636362171
36.32985000000255,4.368470454544024
36.33152000000255,4.3677872727258205
36.333190000002546,4.367104090907674
36.33486000000254,4.36642090908947
36.33653000000254,4.3657377272712665
36.33820000000254,4.36505454545312
36.339870000002534,4.364371363634916
36.34154000000253,4.363688181816769
36.34321000000253,4.363004999998566
36.344880000002526,4.362321818180362
36.34655000000252,4.3616386363622155
36.34822000000252,4.360955454544012
36.34989000000252,4.360272272725865
36.351560000002515,4.359589090907662
36.35323000000251,4.358905909089515
36.35490000000251,4.358222727271311
36.356570000002506,4.3575395454531645
36.3582400000025,4.356856363634961
36.3599100000025,4.356173181816814
36.3615800000025,4.3554899999986105
36.363250000002495,4.354806818180464
36.36492000000249,4.35412363636226
36.36659000000249,4.3534760344815595
36.368260000002486,4.352871379309136
36.36993000000248,4.352266724136712
36.37160000000248,4.351662068964288
36.37327000000248,4.351057413791921
36.374940000002475,4.350452758619497
36.37661000000247,4.34984810344713
36.37828000000247,4.349243448274649
36.37995000000247,4.348638793102225
36.381620000002464,4.348034137929858
36.38329000000246,4.347429482757434
36.38496000000246,4.34682482758501
36.386630000002455,4.346220172412586
36.38830000000245,4.345615517240219
36.38997000000245,4.345010862067795
36.39164000000245,4.344329090907763
36.393310000002444,4.3436459090896165
36.39498000000244,4.342962727271413
36.39665000000244,4.342279545453266
36.398320000002435,4.3415963636350625
36.39999000000243,4.340913181816916
36.40166000000243,4.340229999998712
36.40333000000243,4.339546818180565
36.405000000002424,4.338863636362305
36.40667000000242,4.338180454544158
36.40834000000242,4.337497272725955
36.410010000002416,4.336814090907808
36.41168000000241,4.336130909089604
36.41335000000241,4.3354477272714576
36.41502000000241,4.334764545453254
36.416690000002404,4.334081363635107
36.4183600000024,4.333398181816904
36.4200300000024,4.332714999998757
36.421700000002396,4.332031818180553
36.42337000000239,4.3313486363624065
36.42504000000239,4.330665454544203
36.42671000000239,4.329982272725999
36.428380000002385,4.329299090907853
36.43005000000238,4.328615909089649
36.43172000000238,4.327932727271502
36.433390000002376,4.327249545453299
36.43506000000237,4.326566363635152
36.43673000000237,4.325883181816948
36.43840000000237,4.325199999998745
36.440070000002365,4.324516818180598
36.44174000000236,4.323833636362394
36.44341000000236,4.323150454544248
36.445080000002356,4.322467272726044
36.44675000000235,4.321784090907897
36.44842000000235,4.321100909089694
36.45009000000235,4.32041772727149
36.451760000002345,4.319734545453343
36.45343000000234,4.31905136363514
36.45510000000234,4.318368181816993
36.45677000000234,4.317684999998789
36.458440000002334,4.317001818180643
36.46011000000233,4.316318636362439
36.46178000000233,4.315635454544179
36.463450000002325,4.314952272726032
36.46512000000232,4.314269090907828
36.46679000000232,4.3135859090896815
36.46846000000232,4.312902727271478
36.470130000002314,4.312219545453331
36.47180000000231,4.311536363635128
36.47347000000231,4.310853181816981
36.475140000002305,4.310169999998834
36.4768100000023,4.309486818180687
36.4784800000023,4.308803636362484
36.4801500000023,4.308120454544337
36.481820000002294,4.307437272726133
36.48349000000229,4.306754090907987
36.48516000000229,4.306070909089783
36.486830000002286,4.305387727271636
36.48850000000228,4.304738505746116
36.49017000000228,4.3041338505737485
36.49184000000228,4.303529195401268
36.493510000002274,4.302924540228901
36.49518000000227,4.302319885056477
36.49685000000227,4.301715229884053
36.498520000002266,4.301110574711686
36.50019000000226,4.300505919539205
36.50186000000226,4.299901264366838
36.50353000000226,4.299296609194414
36.505200000002255,4.298691954022047
36.50687000000225,4.298087298849623
36.50854000000225,4.297482643677142
36.510210000002246,4.296877988504775
36.51188000000224,4.296273333332351
36.51355000000224,4.2955931818170825
36.51522000000224,4.294909999998879
36.516890000002235,4.294226818180732
36.51856000000223,4.293543636362529
36.52023000000223,4.292860454544382
36.521900000002226,4.292177272726178
36.52357000000222,4.2914940909080315
36.52524000000222,4.290810909089828
36.52691000000222,4.290127727271681
36.528580000002215,4.2894445454534775
36.53025000000221,4.288761363635331
36.53192000000221,4.288078181817127
36.53359000000221,4.28739499999898
36.535260000002204,4.286711818180777
36.5369300000022,4.28602863636263
36.5386000000022,4.2853454545444265
36.540270000002195,4.28466227272628
36.54194000000219,4.283979090908076
36.54361000000219,4.283295909089873
36.54528000000219,4.282612727271726
36.546950000002184,4.281929545453522
36.54862000000218,4.2812463636353755
36.55029000000218,4.280563181817172
36.551960000002175,4.279879999999025
36.55363000000217,4.2791968181808215
36.55530000000217,4.278513636362618
36.55697000000217,4.277830454544471
36.558640000002164,4.277147272726268
36.56031000000216,4.276464090908121
36.56198000000216,4.275780909089917
36.563650000002156,4.2750977272717705
36.56532000000215,4.274414545453567
36.56699000000215,4.273731363635363
36.56866000000215,4.273048181817217
36.570330000002144,4.272364999998956
36.57200000000214,4.271681818180809
36.57367000000214,4.270998636362606
36.575340000002136,4.270315454544459
36.57701000000213,4.2696322727262555
36.57868000000213,4.268949090908052
36.58035000000213,4.268265909089905
36.582020000002125,4.2675827272717015
36.58369000000212,4.266899545453555
36.58536000000212,4.266216363635351
36.587030000002116,4.265533181817204
36.58870000000211,4.264849999999001
36.59037000000211,4.264166818180854
36.59204000000211,4.2634836363626505
36.593710000002105,4.262800454544504
36.5953800000021,4.262117272726357
36.5970500000021,4.261434090908153
36.598720000002096,4.260750909090007
36.60039000000209,4.260067727271803
36.60206000000209,4.2593845454535995
36.60373000000209,4.258701363635453
36.605400000002085,4.258018181817249
36.60707000000208,4.257334999999102
36.60874000000208,4.256651818180899
36.61041000000208,4.2560009770107285
36.612080000002074,4.255396321838305
36.61375000000207,4.254791666665824
36.61542000000207,4.254187011493457
36.617090000002065,4.253582356321033
36.61876000000206,4.252977701148666
36.62043000000206,4.252373045976242
36.62210000000206,4.251768390803818
36.623770000002054,4.251163735631394
36.62544000000205,4.250559080459027
36.62711000000205,4.249954425286603
36.628780000002045,4.249349770114236
36.63045000000204,4.248745114941755
36.63212000000204,4.248140459769388
36.63379000000204,4.247535804596964
36.635460000002034,4.246857272726459
36.63713000000203,4.246174090908255
36.63880000000203,4.245490909090108
36.640470000002026,4.244807727271905
36.64214000000202,4.244124545453758
36.64381000000202,4.243441363635554
36.64548000000202,4.242758181817408
36.647150000002014,4.242074999999204
36.64882000000201,4.241391818181
36.65049000000201,4.240708636362797
36.652160000002006,4.240025454544593
36.653830000002,4.2393422727264465
36.655500000002,4.238659090908243
36.657170000002,4.237975909090096
36.658840000001994,4.2372927272718925
36.66051000000199,4.236609545453689
36.66218000000199,4.235926363635542
36.663850000001986,4.235243181817339
36.66552000000198,4.234559999999192
36.66719000000198,4.233876818180988
36.66886000000198,4.2331936363628415
36.670530000001975,4.232510454544638
36.67220000000197,4.231827272726434
36.67387000000197,4.231144090908288
36.675540000001966,4.230460909090084
36.67721000000196,4.229777727271937
36.67888000000196,4.229094545453734
36.68055000000196,4.228411363635587
36.682220000001955,4.227728181817383
36.68389000000195,4.22704499999918
36.68556000000195,4.226361818181033
36.68723000000195,4.225678636362829
36.688900000001944,4.224995454544683
36.69057000000194,4.224312272726479
36.69224000000194,4.223629090908332
36.693910000001935,4.222945909090129
36.69558000000193,4.222262727271982
36.69725000000193,4.221579545453778
36.69892000000193,4.220896363635632
36.700590000001924,4.220213181817428
36.70226000000192,4.219529999999281
36.70393000000192,4.218846818181078
36.705600000001915,4.218163636362931
36.70727000000191,4.2174804545446705
36.70894000000191,4.216797272726524
36.71061000000191,4.21611409090832
36.712280000001904,4.21543090909023
36.7139500000019,4.214747727272027
36.7156200000019,4.21406454545388
36.717290000001896,4.213381363635676
36.71896000000189,4.212698181817473
36.72063000000189,4.212014999999326
36.72230000000189,4.211331818181122
36.723970000001884,4.210648636362976
36.72564000000188,4.209965454544772
36.72731000000188,4.209282272726625
36.728980000001876,4.208599090908422
36.73065000000187,4.207915909090218
36.73232000000187,4.207263448275285
36.73399000000187,4.206658793102861
36.735660000001864,4.206054137930494
36.73733000000186,4.205449482758013
36.73900000000186,4.204844827585646
36.740670000001856,4.204240172413222
36.74234000000185,4.203635517240855
36.74401000000185,4.203030862068431
36.74568000000185,4.202426206896007
36.747350000001845,4.201821551723583
36.74902000000184,4.201216896551216
36.75069000000184,4.200612241378792
36.752360000001836,4.200007586206368
36.75403000000183,4.199402931033944
36.75570000000183,4.198798275861577
36.75737000000183,4.198121363635778
36.759040000001825,4.197438181817574
36.76071000000182,4.196754999999371
36.76238000000182,4.196071818181224
36.764050000001816,4.19538863636302
36.765720000001814,4.194705454544817
36.76739000000181,4.19402227272667
36.76906000000181,4.1933390909084665
36.770730000001805,4.19265590909032
36.7724000000018,4.191972727272116
36.7740700000018,4.191289545453969
36.7757400000018,4.190606363635766
36.777410000001794,4.189923181817562
36.77908000000179,4.189239999999415
36.78075000000179,4.188556818181212
36.782420000001785,4.187873636363065
36.78409000000178,4.1871904545448615
36.78576000000178,4.186507272726715
36.78743000000178,4.185824090908511
36.789100000001774,4.185140909090308
36.79077000000177,4.184457727272161
36.79244000000177,4.183774545453957
36.794110000001766,4.1830913636358105
36.79578000000176,4.182408181817607
36.79745000000176,4.18172499999946
36.79912000000176,4.1810418181812565
36.800790000001754,4.180358636363053
36.80246000000175,4.179675454544906
36.80413000000175,4.178992272726703
36.805800000001746,4.178309090908556
36.80747000000174,4.177625909090352
36.80914000000174,4.1769427272722055
36.81081000000174,4.176259545454002
36.812480000001734,4.175576363635855
36.81415000000173,4.174893181817652
36.81582000000173,4.174209999999448
36.817490000001726,4.173526818181244
36.81916000000172,4.172843636363098
36.82083000000172,4.172160454544894
36.82250000000172,4.171477272726747
36.824170000001715,4.170794090908544
36.82584000000171,4.170110909090397
36.82751000000171,4.169427727272193
36.829180000001706,4.168744545454047
36.8308500000017,4.168061363635843
36.8325200000017,4.167378181817696
36.8341900000017,4.166694999999493
36.835860000001695,4.166011818181289
36.83753000000169,4.165328636363142
36.83920000000169,4.164645454544939
36.840870000001686,4.163962272726792
36.842540000001684,4.163279090908588
36.84421000000168,4.162595909090442
36.84588000000168,4.161912727272238
36.847550000001675,4.1612295454540345
36.84922000000167,4.160546363635888
36.85089000000167,4.159863181817741
36.85256000000167,4.159179999999537
36.854230000001664,4.158525919539898
36.85590000000166,4.157921264367474
36.85757000000166,4.157316609195107
36.859240000001655,4.156711954022626
36.86091000000165,4.156107298850259
36.86258000000165,4.155502643677835
36.86425000000165,4.154897988505468
36.865920000001644,4.154293333333044
36.86759000000164,4.153688678160563
36.86926000000164,4.153084022988196
36.870930000001636,4.152479367815772
36.87260000000163,4.151874712643405
36.87427000000163,4.151270057470981
36.87594000000163,4.150665402298557
36.877610000001624,4.150060747126133
36.87928000000162,4.14938545454504
36.88095000000162,4.148702272726894
36.882620000001616,4.14801909090869
36.88429000000161,4.147335909090543
36.88596000000161,4.14665272727234
36.88763000000161,4.145969545454193
36.889300000001604,4.145286363635989
36.8909700000016,4.144603181817786
36.8926400000016,4.143919999999639
36.894310000001596,4.143236818181435
36.89598000000159,4.142553636363232
36.89765000000159,4.141870454545028
36.89932000000159,4.1411872727268815
36.900990000001585,4.140504090908678
36.90266000000158,4.139820909090474
36.90433000000158,4.1391377272723275
36.906000000001576,4.138454545454124
36.90767000000157,4.137771363635977
36.90934000000157,4.137088181817774
36.91101000000157,4.136404999999627
36.912680000001565,4.135721818181423
36.91435000000156,4.1350386363632765
36.91602000000156,4.134355454545073
36.917690000001556,4.133672272726926
36.919360000001554,4.132989090908723
36.92103000000155,4.132305909090576
36.92270000000155,4.131622727272372
36.924370000001545,4.1309395454542255
36.92604000000154,4.130256363636022
36.92771000000154,4.129573181817875
36.92938000000154,4.1288899999996715
36.931050000001534,4.128206818181525
36.93272000000153,4.127523636363321
36.93439000000153,4.1268404545451745
36.936060000001525,4.126157272726971
36.93773000000152,4.125474090908767
36.93940000000152,4.1247909090906205
36.94107000000152,4.124107727272417
36.942740000001514,4.12342454545427
36.94441000000151,4.122741363636067
36.94608000000151,4.12205818181792
36.947750000001506,4.121374999999716
36.9494200000015,4.120691818181513
36.9510900000015,4.120008636363366
36.9527600000015,4.119325454545162
36.954430000001494,4.1186422727270156
36.95610000000149,4.117959090908812
36.95777000000149,4.117275909090665
36.959440000001486,4.116592727272462
36.96111000000148,4.115909545454315
36.96278000000148,4.115226363636111
36.96445000000148,4.1145431818179645
36.966120000001474,4.113859999999761
36.96779000000147,4.113176818181614
36.96946000000147,4.112493636363411
36.971130000001466,4.111810454545264
36.97280000000146,4.11112727272706
36.97447000000146,4.1104440909089135
36.97614000000146,4.10976090909071
36.977810000001455,4.109077727272563
36.97948000000145,4.10839454545436
36.98115000000145,4.107711363636213
36.982820000001446,4.107028181818009
36.98449000000144,4.106344999999806
36.98616000000144,4.105661818181659
36.98783000000144,4.104978636363455
36.989500000001435,4.1042954545453085
36.99117000000143,4.103612272727105
36.99284000000143,4.102929090908958
36.994510000001426,4.102245909090755
36.996180000001424,4.101562727272551
36.99785000000142,4.100879545454404
36.99952000000142,4.100196363636201
37.001190000001415,4.1000000000004775
37.00286000000141,4.1000000000004775
37.00453000000141,4.1000000000004775
37.00620000000141,4.1000000000004775
37.007870000001404,4.1000000000004775
37.0095400000014,4.1000000000004775
37.0112100000014,4.1000000000004775
37.012880000001395,4.1000000000004775
37.01455000000139,4.1000000000004775
37.01622000000139,4.100000000000421
37.01789000000139,4.1000000000004775
37.019560000001384,4.1000000000004775
37.02123000000138,4.100000000000421
37.02290000000138,4.100000000000421
37.024570000001376,4.100000000000421
37.02624000000137,4.100000000000421
37.02791000000137,4.1000000000004775
37.02958000000137,4.1000000000004775
37.031250000001364,4.1000000000004775
37.03292000000136,4.1000000000004775
37.03459000000136,4.1000000000004775
37.036260000001356,4.1000000000004775
37.03793000000135,4.1000000000004775
37.03960000000135,4.1000000000004775
37.04127000000135,4.1000000000004775
37.042940000001344,4.1000000000004775
37.04461000000134,4.1000000000004775
37.04628000000134,4.1000000000004775
37.047950000001336,4.1000000000004775
37.04962000000133,4.1000000000004775
37.05129000000133,4.1000000000004775
37.05296000000133,4.1000000000004775
37.054630000001325,4.1000000000004775
37.05630000000132,4.1000000000004775
37.05797000000132,4.1000000000004775
37.059640000001316,4.1000000000004775
37.06131000000131,4.100000000000421
37.06298000000131,4.100000000000421
37.06465000000131,4.100000000000421
37.066320000001305,4.100000000000421
37.0679900000013,4.100000000000421
37.0696600000013,4.100000000000421
37.071330000001296,4.100000000000421
37.073000000001294,4.100000000000421
37.07467000000129,4.100000000000421
37.07634000000129,4.100000000000421
37.078010000001285,4.100000000000421
37.07968000000128,4.100000000000421
37.08135000000128,4.100000000000421
37.08302000000128,4.100000000000421
37.084690000001274,4.1000000000004775
37.08636000000127,4.1000000000004775
37.08803000000127,4.1000000000004775
37.089700000001265,4.1000000000004775
37.09137000000126,4.1000000000004775
37.09304000000126,4.1000000000004775
37.09471000000126,4.1000000000004775
37.096380000001254,4.1000000000004775
37.09805000000125,4.1000000000004775
37.09972000000125,4.1000000000004775
37.101390000001246,4.1000000000004775
37.10306000000124,4.1000000000004775
37.10473000000124,4.1000000000004775
37.10640000000124,4.1000000000004775
37.108070000001234,4.1000000000004775
37.10974000000123,4.1000000000004775
37.11141000000123,4.1000000000004775
37.113080000001226,4.1000000000004775
37.11475000000122,4.1000000000004775
37.11642000000122,4.1000000000004775
37.11809000000122,4.1000000000004775
37.119760000001214,4.1000000000004775
37.12143000000121,4.1000000000004775
37.12310000000121,4.1000000000004775
37.124770000001206,4.100000000000534
37.1264400000012,4.1000000000004775
37.1281100000012,4.1000000000004775
37.1297800000012,4.1000000000004775
37.131450000001195,4.100000000000421
37.13312000000119,4.1000000000004775
37.13479000000119,4.1000000000004775
37.136460000001186,4.1000000000004775
37.13813000000118,4.100000000000421
37.13980000000118,4.100000000000421
37.14147000000118,4.1000000000004775
37.143140000001175,4.100000000000421
37.14481000000117,4.100000000000421
37.14648000000117,4.100000000000421
37.148150000001166,4.100000000000421
37.149820000001164,4.100000000000421
37.15149000000116,4.100000000000421
37.15316000000116,4.100000000000421
37.154830000001155,4.100000000000421
37.15650000000115,4.100000000000421
37.15817000000115,4.100000000000421
37.15984000000115,4.100000000000421
37.161510000001144,4.100000000000421
37.16318000000114,4.100000000000421
37.16485000000114,4.1000000000004775
37.166520000001135,4.1000000000004775
37.16819000000113,4.1000000000004775
37.16986000000113,4.1000000000004775
37.17153000000113,4.1000000000004775
37.173200000001124,4.1000000000004775
37.17487000000112,4.1000000000004775
37.17654000000112,4.1000000000004775
37.178210000001116,4.1000000000004775
37.17988000000111,4.1000000000004775
37.18155000000111,4.1000000000004775
37.18322000000111,4.1000000000004775
37.184890000001104,4.1000000000004775
37.1865600000011,4.1000000000004775
37.1882300000011,4.1000000000004775
37.189900000001096,4.1000000000004775
37.19157000000109,4.1000000000004775
37.19324000000109,4.1000000000004775
37.19491000000109,4.1000000000004775
37.196580000001084,4.1000000000004775
37.19825000000108,4.1000000000004775
37.19992000000108,4.1000000000004775
37.201590000001076,4.1000000000004775
37.20326000000107,4.1000000000004775
37.20493000000107,4.1000000000004775
37.20660000000107,4.1000000000004775
37.208270000001065,4.1000000000004775
37.20994000000106,4.1000000000004775
37.21161000000106,4.1000000000004775
37.213280000001056,4.1000000000004775
37.21495000000105,4.1000000000004775
37.21662000000105,4.1000000000004775
37.21829000000105,4.1000000000004775
37.219960000001045,4.1000000000004775
37.22163000000104,4.1000000000004775
37.22330000000104,4.1000000000004775
37.224970000001036,4.1000000000004775
37.226640000001034,4.1000000000004775
37.22831000000103,4.1000000000004775
37.22998000000103,4.1000000000004775
37.231650000001025,4.1000000000004775
37.23332000000102,4.1000000000004775
37.23499000000102,4.1000000000004775
37.23666000000102,4.1000000000004775
37.238330000001014,4.1000000000004775
37.24000000000101,4.1000000000004775
37.24167000000101,4.1000000000004775
37.243340000001005,4.1000000000004775
37.245010000001,4.1000000000004775
37.246680000001,4.100000000000534
37.248350000001,4.1000000000004775
37.250020000000994,4.1000000000004775
37.25169000000099,4.1000000000004775
37.25336000000099,4.1000000000004775
37.255030000000986,4.1000000000004775
37.25670000000098,4.1000000000004775
37.25837000000098,4.1000000000004775
37.26004000000098,4.100000000000421
37.261710000000974,4.100000000000421
37.26338000000097,4.1000000000004775
37.26505000000097,4.1000000000004775
37.266720000000966,4.100000000000421
37.26839000000096,4.100000000000421
37.27006000000096,4.100000000000421
37.27173000000096,4.100000000000421
37.273400000000954,4.1000000000004775
37.27507000000095,4.1000000000004775
37.27674000000095,4.1000000000004775
37.278410000000946,4.1000000000004775
37.28008000000094,4.1000000000004775
37.28175000000094,4.1000000000004775
37.28342000000094,4.1000000000004775
37.285090000000935,4.1000000000004775
37.28676000000093,4.1000000000004775
37.28843000000093,4.1000000000004775
37.290100000000926,4.1000000000004775
37.29177000000092,4.1000000000004775
37.29344000000092,4.1000000000004775
37.29511000000092,4.1000000000004775
37.296780000000915,4.1000000000004775
37.29845000000091,4.1000000000004775
37.30012000000091,4.1000000000004775
37.301790000000906,4.1000000000004775
37.303460000000904,4.1000000000004775
37.3051300000009,4.1000000000004775
37.3068000000009,4.100000000000421
37.308470000000895,4.100000000000421
37.31014000000089,4.100000000000421
37.31181000000089,4.100000000000421
37.31348000000089,4.100000000000421
37.315150000000884,4.100000000000421
37.31682000000088,4.100000000000421
37.31849000000088,4.100000000000421
37.320160000000875,4.100000000000421
37.32183000000087,4.100000000000421
37.32350000000087,4.100000000000421
37.32517000000087,4.100000000000421
37.326840000000864,4.100000000000421
37.32851000000086,4.1000000000004775
37.33018000000086,4.1000000000004775
37.331850000000856,4.1000000000004775
37.33352000000085,4.1000000000004775
37.33519000000085,4.1000000000004775
37.33686000000085,4.1000000000004775
37.338530000000844,4.1000000000004775
37.34020000000084,4.1000000000004775
37.34187000000084,4.1000000000004775
37.343540000000836,4.1000000000004775
37.34521000000083,4.1000000000004775
37.34688000000083,4.1000000000004775
37.34855000000083,4.1000000000004775
37.350220000000824,4.1000000000004775
37.35189000000082,4.1000000000004775
37.35356000000082,4.1000000000004775
37.355230000000816,4.1000000000004775
37.35690000000081,4.1000000000004775
37.35857000000081,4.1000000000004775
37.36024000000081,4.1000000000004775
37.361910000000805,4.1000000000004775
37.3635800000008,4.1000000000004775
37.3652500000008,4.1000000000004775
37.366920000000796,4.1000000000004775
37.36859000000079,4.1000000000004775
37.37026000000079,4.1000000000004775
37.37193000000079,4.1000000000004775
37.373600000000785,4.1000000000004775
37.37527000000078,4.1000000000004775
37.37694000000078,4.1000000000004775
37.378610000000776,4.1000000000004775
37.380280000000774,4.1000000000004775
37.38195000000077,4.100000000000421
37.38362000000077,4.100000000000421
37.385290000000765,4.1000000000004775
37.38696000000076,4.1000000000004775
37.38863000000076,4.100000000000421
37.39030000000076,4.100000000000421
37.391970000000754,4.100000000000421
37.39364000000075,4.100000000000421
37.39531000000075,4.100000000000421
37.396980000000745,4.100000000000421
37.39865000000074,4.100000000000421
37.40032000000074,4.100000000000421
37.40199000000074,4.100000000000421
37.403660000000734,4.100000000000421
37.40533000000073,4.100000000000421
37.40700000000073,4.100000000000421
37.408670000000726,4.1000000000004775
37.41034000000072,4.1000000000004775
37.41201000000072,4.1000000000004775
37.41368000000072,4.1000000000004775
37.415350000000714,4.1000000000004775
37.41702000000071,4.1000000000004775
37.41869000000071,4.1000000000004775
37.420360000000706,4.1000000000004775
37.4220300000007,4.1000000000004775
37.4237000000007,4.1000000000004775
37.4253700000007,4.1000000000004775
37.427040000000694,4.1000000000004775
37.42871000000069,4.1000000000004775
37.43038000000069,4.1000000000004775
37.432050000000686,4.1000000000004775
37.43372000000068,4.1000000000004775
37.43539000000068,4.1000000000004775
37.43706000000068,4.1000000000004775
37.438730000000675,4.1000000000004775
37.44040000000067,4.1000000000004775
37.44207000000067,4.1000000000004775
37.443740000000666,4.1000000000004775
37.44541000000066,4.1000000000004775
37.44708000000066,4.1000000000004775
37.44875000000066,4.1000000000004775
37.450420000000655,4.1000000000004775
37.45209000000065,4.1000000000004775
37.45376000000065,4.1000000000004775
37.455430000000646,4.1000000000004775
37.45710000000064,4.1000000000004775
37.45877000000064,4.1000000000004775
37.46044000000064,4.1000000000004775
37.462110000000635,4.1000000000004775
37.46378000000063,4.1000000000004775
37.46545000000063,4.1000000000004775
37.46712000000063,4.1000000000004775
37.468790000000624,4.1000000000004775
37.47046000000062,4.1000000000004775
37.47213000000062,4.1000000000004775
37.473800000000615,4.1000000000004775
37.47547000000061,4.1000000000004775
37.47714000000061,4.1000000000004775
37.47881000000061,4.1000000000004775
37.480480000000604,4.1000000000004775
37.4821500000006,4.1000000000004775
37.4838200000006,4.1000000000004775
37.485490000000596,4.1000000000004775
37.48716000000059,4.1000000000004775
37.48883000000059,4.1000000000004775
37.49050000000059,4.1000000000004775
37.492170000000584,4.1000000000004775
37.49384000000058,4.1000000000004775
37.49551000000058,4.1000000000004775
37.497180000000576,4.1000000000004775
37.49885000000057,4.100000000000421
37.50052000000057,4.1000000000004775
37.50219000000057,4.1000000000004775
37.503860000000564,4.1000000000004775
37.50553000000056,4.100000000000421
37.50720000000056,4.1000000000004775
37.508870000000556,4.1000000000004775
37.51054000000055,4.100000000000421
37.51221000000055,4.100000000000421
37.51388000000055,4.100000000000421
37.515550000000545,4.100000000000421
37.51722000000054,4.1000000000004775
37.51889000000054,4.1000000000004775
37.520560000000536,4.1000000000004775
37.52223000000053,4.1000000000004775
37.52390000000053,4.1000000000004775
37.52557000000053,4.1000000000004775
37.527240000000525,4.1000000000004775
37.52891000000052,4.1000000000004775
37.53058000000052,4.1000000000004775
37.532250000000516,4.1000000000004775
37.53392000000051,4.1000000000004775
37.53559000000051,4.1000000000004775
37.53726000000051,4.1000000000004775
37.538930000000505,4.1000000000004775
37.5406000000005,4.1000000000004775
37.5422700000005,4.1000000000004775
37.5439400000005,4.1000000000004775
37.545610000000494,4.1000000000004775
37.54728000000049,4.1000000000004775
37.54895000000049,4.1000000000004775
37.550620000000485,4.100000000000421
37.55229000000048,4.100000000000421
37.55396000000048,4.100000000000421
37.55563000000048,4.100000000000421
37.557300000000474,4.100000000000421
37.55897000000047,4.100000000000421
37.56064000000047,4.100000000000421
37.562310000000465,4.100000000000421
37.56398000000046,4.100000000000421
37.56565000000046,4.100000000000421
37.56732000000046,4.100000000000421
37.568990000000454,4.100000000000421
37.57066000000045,4.100000000000421
37.57233000000045,4.100000000000421
37.574000000000446,4.1000000000004775
37.57567000000044,4.1000000000004775
37.57734000000044,4.1000000000004775
37.57901000000044,4.1000000000004775
37.580680000000434,4.1000000000004775
37.58235000000043,4.1000000000004775
37.58402000000043,4.1000000000004775
37.585690000000426,4.1000000000004775
37.58736000000042,4.1000000000004775
37.58903000000042,4.1000000000004775
37.59070000000042,4.1000000000004775
37.592370000000415,4.1000000000004775
37.59404000000041,4.1000000000004775
37.59571000000041,4.1000000000004775
37.597380000000406,4.1000000000004775
37.5990500000004,4.1000000000004775
37.6007200000004,4.1000000000004775
37.6023900000004,4.1000000000004775
37.604060000000395,4.1000000000004775
37.60573000000039,4.1000000000004775
37.60740000000039,4.1000000000004775
37.609070000000386,4.1000000000004775
37.61074000000038,4.1000000000004775
37.61241000000038,4.1000000000004775
37.61408000000038,4.100000000000534
37.615750000000375,4.1000000000004775
37.61742000000037,4.1000000000004775
37.61909000000037,4.1000000000004775
37.62076000000037,4.100000000000421
37.622430000000364,4.1000000000004775
37.62410000000036,4.1000000000004775
37.62577000000036,4.1000000000004775
37.627440000000355,4.100000000000421
37.62911000000035,4.100000000000421
37.63078000000035,4.1000000000004775
37.63245000000035,4.100000000000421
37.634120000000344,4.100000000000421
37.63579000000034,4.100000000000421
37.63746000000034,4.100000000000421
37.639130000000335,4.100000000000421
37.64080000000033,4.100000000000421
37.64247000000033,4.100000000000421
37.64414000000033,4.100000000000421
37.645810000000324,4.100000000000421
37.64748000000032,4.100000000000421
37.64915000000032,4.100000000000421
37.650820000000316,4.100000000000421
37.65249000000031,4.100000000000421
37.65416000000031,4.1000000000004775
37.65583000000031,4.100000000000534
37.657500000000304,4.100000000000534
37.6591700000003,4.1000000000004775
37.6608400000003,4.1000000000004775
37.662510000000296,4.1000000000004775
37.66418000000029,4.1000000000004775
37.66585000000029,4.1000000000004775
37.66752000000029,4.1000000000004775
37.669190000000285,4.1000000000004775
37.67086000000028,4.1000000000004775
37.67253000000028,4.1000000000004775
37.674200000000276,4.1000000000004775
37.67587000000027,4.1000000000004775
37.67754000000027,4.1000000000004775
37.67921000000027,4.1000000000004775
37.680880000000265,4.1000000000004775
37.68255000000026,4.1000000000004775
37.68422000000026,4.1000000000004775
37.685890000000256,4.1000000000004775
37.68756000000025,4.1000000000004775
37.68923000000025,4.1000000000004775
37.69090000000025,4.1000000000004775
37.692570000000245,4.1000000000004775
37.69424000000024,4.1000000000004775
37.69591000000024,4.1000000000004775
37.69758000000024,4.1000000000004775
37.699250000000234,4.1000000000004775
37.70092000000023,4.1000000000004775
37.70259000000023,4.1000000000004775
37.704260000000225,4.1000000000004775
37.70593000000022,4.1000000000004775
37.70760000000022,4.1000000000004775
37.70927000000022,4.1000000000004775
37.710940000000214,4.1000000000004775
37.71261000000021,4.1000000000004775
37.71428000000021,4.1000000000004775
37.715950000000205,4.1000000000004775
37.7176200000002,4.1000000000004775
37.7192900000002,4.1000000000004775
37.7209600000002,4.1000000000004775
37.722630000000194,4.1000000000004775
37.72430000000019,4.1000000000004775
37.72597000000019,4.1000000000004775
37.727640000000186,4.1000000000004775
37.72931000000018,4.1000000000004775
37.73098000000018,4.1000000000004775
37.73265000000018,4.1000000000004775
37.734320000000174,4.1000000000004775
37.73599000000017,4.1000000000004775
37.73766000000017,4.1000000000004775
37.739330000000166,4.1000000000004775
37.74100000000016,4.1000000000004775
37.74267000000016,4.1000000000004775
37.74434000000016,4.1000000000004775
37.746010000000155,4.1000000000004775
37.74768000000015,4.1000000000004775
37.74935000000015,4.100000000000421
37.751020000000146,4.100000000000421
37.75269000000014,4.1000000000004775
37.75436000000014,4.1000000000004775
37.75603000000014,4.100000000000421
37.757700000000135,4.100000000000421
37.75937000000013,4.100000000000421
37.76104000000013,4.100000000000421
37.762710000000126,4.1000000000004775
37.76438000000012,4.1000000000004775
37.76605000000012,4.1000000000004775
37.76772000000012,4.1000000000004775
37.769390000000115,4.1000000000004775
37.77106000000011,4.1000000000004775
37.77273000000011,4.1000000000004775
37.77440000000011,4.1000000000004775
37.776070000000104,4.1000000000004775
37.7777400000001,4.1000000000004775
37.7794100000001,4.1000000000004775
37.781080000000095,4.1000000000004775
37.78275000000009,4.1000000000004775
37.78442000000009,4.1000000000004775
37.78609000000009,4.1000000000004775
37.787760000000084,4.1000000000004775
37.78943000000008,4.1000000000004775
37.79110000000008,4.1000000000004775
37.792770000000075,4.1000000000004775
37.79444000000007,4.1000000000004775
37.79611000000007,4.100000000000421
37.79778000000007,4.100000000000421
37.799450000000064,4.100000000000421
37.80112000000006,4.100000000000421
37.80279000000006,4.100000000000421
37.804460000000056,4.100000000000421
37.80613000000005,4.100000000000421
37.80780000000005,4.100000000000421
37.80947000000005,4.100000000000421
37.811140000000044,4.100000000000421
37.81281000000004,4.100000000000421
37.81448000000004,4.100000000000421
37.816150000000036,4.100000000000421
37.81782000000003,4.100000000000421
37.81949000000003,4.1000000000004775
37.82116000000003,4.1000000000004775
37.822830000000025,4.1000000000004775
37.82450000000002,4.1000000000004775
37.82617000000002,4.1000000000004775
37.827840000000016,4.1000000000004775
37.82951000000001,4.1000000000004775
37.83118000000001,4.1000000000004775
37.83285000000001,4.1000000000004775
37.834520000000005,4.1000000000004775
37.83619,4.1000000000004775
37.83786,4.1000000000004775
37.839529999999996,4.1000000000004775
37.84119999999999,4.1000000000004775
37.84286999999999,4.1000000000004775
37.84453999999999,4.1000000000004775
37.846209999999985,4.1000000000004775
37.84787999999998,4.1000000000004775
37.84954999999998,4.1000000000004775
37.85121999999998,4.1000000000004775
37.852889999999974,4.1000000000004775
37.85455999999997,4.1000000000004775
37.85622999999997,4.1000000000004775
37.857899999999965,4.1000000000004775
37.85956999999996,4.1000000000004775
37.86123999999996,4.1000000000004775
37.86290999999996,4.1000000000004775
37.864579999999954,4.1000000000004775
37.86624999999995,4.100000000000421
37.86791999999995,4.1000000000004775
37.869589999999945,4.1000000000004775
37.87125999999994,4.100000000000421
37.87292999999994,4.100000000000421
37.87459999999994,4.1000000000004775
37.876269999999934,4.1000000000004775
37.87793999999993,4.100000000000421
37.87960999999993,4.100000000000421
37.881279999999926,4.100000000000421
37.88294999999992,4.100000000000421
37.88461999999992,4.100000000000421
37.88628999999992,4.100000000000421
37.887959999999914,4.100000000000421
37.88962999999991,4.100000000000421
37.89129999999991,4.100000000000421
37.892969999999906,4.1000000000004775
37.8946399999999,4.1000000000004775
37.8963099999999,4.1000000000004775
37.8979799999999,4.1000000000004775
37.899649999999895,4.100000000000534
37.90131999999989,4.100000000000534
37.90298999999989,4.100000000000534
37.904659999999886,4.1000000000004775
37.90632999999988,4.1000000000004775
37.90799999999988,4.1000000000004775
37.90966999999988,4.1000000000004775
37.911339999999875,4.1000000000004775
37.91300999999987,4.1000000000004775
37.91467999999987,4.1000000000004775
37.916349999999866,4.1000000000004775
37.91801999999986,4.1000000000004775
37.91968999999986,4.1000000000004775
37.92135999999986,4.1000000000004775
37.923029999999855,4.1000000000004775
37.92469999999985,4.100000000000421
37.92636999999985,4.100000000000421
37.92803999999985,4.1000000000004775
37.929709999999844,4.1000000000004775
37.93137999999984,4.1000000000004775
37.93304999999984,4.1000000000004775
37.934719999999835,4.1000000000004775
37.93638999999983,4.1000000000004775
37.93805999999983,4.1000000000004775
37.93972999999983,4.1000000000004775
37.941399999999824,4.1000000000004775
37.94306999999982,4.1000000000004775
37.94473999999982,4.1000000000004775
37.946409999999815,4.1000000000004775
37.94807999999981,4.1000000000004775
37.94974999999981,4.1000000000004775
37.95141999999981,4.1000000000004775
37.953089999999804,4.1000000000004775
37.9547599999998,4.1000000000004775
37.9564299999998,4.1000000000004775
37.958099999999796,4.1000000000004775
37.95976999999979,4.1000000000004775
37.96143999999979,4.1000000000004775
37.96310999999979,4.1000000000004775
37.964779999999784,4.1000000000004775
37.96644999999978,4.1000000000004775
37.96811999999978,4.1000000000004775
37.969789999999776,4.1000000000004775
37.97145999999977,4.1000000000004775
37.97312999999977,4.1000000000004775
37.97479999999977,4.1000000000004775
37.976469999999765,4.1000000000004775
37.97813999999976,4.1000000000004775
37.97980999999976,4.1000000000004775
37.981479999999756,4.1000000000004775
37.98314999999975,4.1000000000004775
37.98481999999975,4.1000000000004775
37.98648999999975,4.1000000000004775
37.988159999999745,4.1000000000004775
37.98982999999974,4.100000000000421
37.99149999999974,4.100000000000421
37.993169999999736,4.100000000000421
37.99483999999973,4.100000000000421
37.99650999999973,4.100000000000421
37.99817999999973,4.100000000000421
37.999849999999725,4.100000000000421
38.00151999999972,4.101206235239033
38.00318999999972,4.102531506849857
38.00485999999972,4.103856778460624
38.006529999999714,4.105182050071392
38.00819999999971,4.106507321682159
38.00986999999971,4.107832593292926
38.011539999999705,4.109157864903693
38.0132099999997,4.1104831365144605
38.0148799999997,4.111808408125285
38.0165499999997,4.113133679736052
38.018219999999694,4.114458951346762
38.01988999999969,4.115784222957529
38.02155999999969,4.1171094945683535
38.023229999999685,4.118434766179121
38.02489999999968,4.119794520548453
38.02656999999968,4.121198318805
38.02823999999968,4.122602117061547
38.029909999999674,4.124005915318037
38.03157999999967,4.125409713574584
38.03324999999967,4.126813511831131
38.034919999999666,4.128217310087678
38.03658999999966,4.129621108344168
38.03825999999966,4.1310249066007145
38.03992999999966,4.132428704857261
38.041599999999654,4.133762899263331
38.04326999999965,4.135055405405865
38.04493999999965,4.1363479115483415
38.046609999999646,4.137640417690875
38.04827999999964,4.138932923833352
38.04994999999964,4.140225429975885
38.05161999999964,4.141517936118362
38.053289999999635,4.142810442260895
38.05495999999963,4.144102948403372
38.05662999999963,4.1453954545459055
38.058299999999626,4.146687960688382
38.05996999999962,4.147980466830916
38.06163999999962,4.149308219178522
38.06330999999962,4.150712017435069
38.064979999999615,4.152115815691616
38.06664999999961,4.153519613948163
38.06831999999961,4.15492341220471
38.069989999999606,4.1563272104612565
38.0716599999996,4.157731008717803
38.0733299999996,4.1591348069742935
38.0749999999996,4.16053860523084
38.076669999999595,4.161942403487387
38.07833999999959,4.163346201743934
38.08000999999959,4.164750000000481
38.08167999999959,4.166134398034842
38.083349999999584,4.1674269041773755
38.08501999999958,4.168719410319852
38.08668999999958,4.170011916462386
38.088359999999575,4.171304422604862
38.09002999999957,4.172596928747339
38.09169999999957,4.1738894348898725
38.09336999999957,4.175181941032349
38.095039999999564,4.176474447174883
38.09670999999956,4.177766953317359
38.09837999999956,4.179059459459836
38.100049999999555,4.1803519656023695
38.10171999999955,4.181644471744846
38.10338999999955,4.183033312578232
38.10505999999955,4.184437110834722
38.106729999999544,4.185840909091269
38.10839999999954,4.187244707347816
38.11006999999954,4.1886485056043625
38.111739999999536,4.190052303860909
38.11340999999953,4.1914561021173995
38.11507999999953,4.192859900373946
38.11674999999953,4.194263698630493
38.118419999999524,4.19566749688704
38.12008999999952,4.197071295143587
38.12175999999952,4.198475093400077
38.123429999999516,4.199728549239239
38.12509999999951,4.200942528735936
38.12676999999951,4.202156508232747
38.12843999999951,4.203370487729444
38.130109999999505,4.204584467226141
38.1317799999995,4.205798446722952
38.1334499999995,4.207012426219649
38.135119999999496,4.2082264057164025
38.13678999999949,4.2094403852130995
38.13845999999949,4.210654364709853
38.14012999999949,4.211868344206607
38.141799999999485,4.213082323703304
38.14346999999948,4.214342434262676
38.14513999999948,4.215667705873386
38.146809999999476,4.217025840598069
38.14847999999947,4.218429638854616
38.15014999999947,4.219833437111163
38.15181999999947,4.22123723536771
38.153489999999465,4.2226410336242
38.15515999999946,4.224044831880747
38.15682999999946,4.2254486301372935
38.15849999999946,4.2268524283938405
38.160169999999454,4.2282562266503305
38.16183999999945,4.229660024906821
38.16350999999945,4.231033538083807
38.165179999999445,4.232326044226284
38.16684999999944,4.233618550368817
38.16851999999944,4.234911056511294
38.17018999999944,4.236203562653827
38.171859999999434,4.237496068796304
38.17352999999943,4.238788574938894
38.17519999999943,4.240081081081371
38.176869999999425,4.2413735872239045
38.17853999999942,4.242666093366381
38.18020999999942,4.243958599508915
38.18187999999942,4.245251105651391
38.183549999999414,4.246543611793925
38.18521999999941,4.247943337484685
38.18688999999941,4.249347135741232
38.188559999999406,4.250750933997779
38.1902299999994,4.252154732254326
38.1918999999994,4.253558530510816
38.1935699999994,4.254962328767363
38.195239999999394,4.2563661270239095
38.19690999999939,4.2577699252803995
38.19857999999939,4.2591737235369465
38.200249999999386,4.260577521793493
38.20191999999938,4.26198132005004
38.20358999999938,4.26338511830653
38.20525999999938,4.264697542997737
38.206929999999375,4.265990049140271
38.20859999999937,4.267282555282748
38.21026999999937,4.268575061425281
38.211939999999366,4.269867567567758
38.21360999999936,4.271160073710291
38.21527999999936,4.272452579852768
38.21694999999936,4.2737450859953015
38.218619999999355,4.275037592137778
38.22028999999935,4.276330098280312
38.22195999999935,4.277622604422788
38.223629999999346,4.278915110565322
38.22529999999934,4.280264632627791
38.22696999999934,4.281668430884338
38.22863999999934,4.283072229140885
38.230309999999335,4.284476027397432
38.23197999999933,4.285879825653922
38.23364999999933,4.287283623910469
38.23531999999933,4.2886874221670155
38.236989999999324,4.2900912204235055
38.23865999999932,4.2914950186800525
38.24032999999932,4.292898816936599
38.241999999999315,4.294302615193146
38.24366999999931,4.295706413449636
38.24533999999931,4.297000807704364
38.24700999999931,4.298214787201118
38.248679999999304,4.299428766697872
38.2503499999993,4.300642746194626
38.2520199999993,4.301856725691323
38.253689999999295,4.303070705188134
38.25535999999929,4.304284684684831
38.25702999999929,4.3054986641815844
38.25869999999929,4.306712643678281
38.260369999999284,4.307926623175092
38.26203999999928,4.309140602671789
38.26370999999928,4.310354582168543
38.265379999999276,4.311575373956941
38.26704999999927,4.312900645567765
38.26871999999927,4.314257160647685
38.27038999999927,4.315660958904232
38.272059999999264,4.317064757160779
38.27372999999926,4.318468555417269
38.27539999999926,4.319872353673816
38.277069999999256,4.321276151930363
38.27873999999925,4.3226799501869095
38.28040999999925,4.324083748443456
38.28207999999925,4.3254875466999465
38.283749999999245,4.326891344956493
38.28541999999924,4.32829514321304
38.28708999999924,4.329596683046816
38.288759999999236,4.330889189189293
38.29042999999923,4.332181695331769
38.29209999999923,4.333474201474303
38.29376999999923,4.3347667076167795
38.295439999999225,4.336059213759313
38.29710999999922,4.33735171990179
38.29877999999922,4.338644226044266
38.300449999999216,4.3399367321868
38.30211999999921,4.3412292383292765
38.30378999999921,4.34252174447181
38.30545999999921,4.343814250614287
38.307129999999205,4.345174657534244
38.3087999999992,4.346578455790791
38.3104699999992,4.347982254047395
38.3121399999992,4.349386052303942
38.313809999999194,4.350789850560432
38.31547999999919,4.352193648816979
38.31714999999919,4.3535974470735255
38.318819999999185,4.355001245330072
38.32048999999918,4.356405043586619
38.32215999999918,4.357808841843109
38.32382999999918,4.359212640099656
38.325499999999174,4.360616438356203
38.32716999999917,4.36202023661275
38.32883999999917,4.36342403486924
38.330509999999165,4.364827833125787
38.33217999999916,4.366231631382334
38.33384999999916,4.367635429638881
38.33551999999916,4.369039227895371
38.337189999999154,4.370443026151918
38.33885999999915,4.371846824408465
38.34052999999915,4.373250622664955
38.342199999999146,4.374654420921502
38.34386999999914,4.376058219178049
38.34553999999914,4.3774620174345955
38.34720999999914,4.378829606879606
38.348879999999134,4.380122113022082
38.35054999999913,4.381414619164616
38.35221999999913,4.382707125307093
38.353889999999126,4.383999631449626
38.35555999999912,4.385292137592103
38.35722999999912,4.386584643734636
38.35889999999912,4.387877149877113
38.360569999999115,4.3891696560196465
38.36223999999911,4.390462162162123
38.36390999999911,4.391754668304657
38.365579999999106,4.393047174447133
38.3672499999991,4.3942749173357925
38.3689199999991,4.39560018894656
38.3705899999991,4.396925460557327
38.372259999999095,4.398250732168094
38.37392999999909,4.399576003778861
38.37559999999909,4.400901275389629
38.377269999999086,4.402226547000453
38.37893999999908,4.403551818611163
38.38060999999908,4.40487709022193
38.38227999999908,4.406202361832754
38.383949999999075,4.407527633443522
38.38561999999907,4.408852905054289
38.38728999999907,4.410178176664999
38.38895999999907,4.411406150978564
38.390629999999064,4.412649754299707
38.39229999999906,4.413942260442241
38.39396999999906,4.415234766584717
38.395639999999055,4.416527272727251
38.39730999999905,4.417819778869671
38.39897999999905,4.419112285012147
38.40064999999905,4.420404791154681
38.402319999999044,4.4216972972971575
38.40398999999904,4.422989803439691
38.40565999999904,4.424282309582168
38.407329999999035,4.425574815724701
38.40899999999903,4.426930261519146
38.41066999999903,4.428334059775636
38.41233999999903,4.429737858032183
38.414009999999024,4.43114165628873
38.41567999999902,4.432545454545277
38.41734999999902,4.433949252801824
38.419019999999016,4.435353051058371
38.42068999999901,4.436756849314918
38.42235999999901,4.438160647571465
38.42402999999901,4.439564445828012
38.425699999999004,4.440968244084559
38.427369999999,4.442372042341049
38.429039999999,4.4437287469286275
38.430709999998996,4.445021253071104
38.43237999999899,4.446313759213638
38.43404999999899,4.447606265356114
38.43571999999899,4.448898771498648
38.437389999998985,4.4501912776411245
38.43905999999898,4.451483783783601
38.44072999999898,4.452776289926135
38.442399999998976,4.454068796068611
38.44406999999897,4.455361302211145
38.44573999999897,4.456653808353622
38.44740999999897,4.457946314496155
38.449079999998965,4.459251556662309
38.45074999999896,4.460655354918799
38.45241999999896,4.462059153175346
38.454089999998956,4.463462951431893
38.45575999999895,4.46486674968844
38.45742999999895,4.466270547944987
38.45909999999895,4.467674346201477
38.460769999998945,4.469078144458024
38.46243999999894,4.470481942714571
38.46410999999894,4.471885740971118
38.46577999999894,4.473289539227608
38.467449999998934,4.474693337484155
38.46911999999893,4.476097135740702
38.47078999999893,4.477392751842558
38.472459999998925,4.478685257985035
38.47412999999892,4.479977764127511
38.47579999999892,4.481270270270045
38.47746999999892,4.4825627764125215
38.479139999998914,4.483855282555055
38.48080999999891,4.485147788697532
38.48247999999891,4.486440294840065
38.484149999998905,4.487732800982542
38.4858199999989,4.489025307125075
38.4874899999989,4.490317813267552
38.4891599999989,4.491545324634785
38.490829999998894,4.492833128640882
38.49249999999889,4.494158400251706
38.49416999999889,4.495483671862473
38.495839999998886,4.496808943473184
38.49750999999888,4.498134215083951
38.49917999999888,4.499459486694775
38.50084999999888,4.500784758305542
38.502519999998874,4.502110029916253
38.50418999999887,4.503435301527077
38.50585999999887,4.504760573137844
38.507529999998866,4.506085844748554
38.50919999999886,4.507411116359322
38.51086999999886,4.508678409443689
38.51253999999886,4.509920393120126
38.514209999998855,4.511212899262603
38.51587999999885,4.512505405405136
38.51754999999885,4.513797911547613
38.519219999998846,4.515090417690146
38.52088999999884,4.516382923832623
38.52255999999884,4.5176754299751565
38.52422999999884,4.518967936117633
38.525899999998835,4.520260442260167
38.52756999999883,4.521552948402643
38.52923999999883,4.522845454545177
38.530909999998826,4.524161581568762
38.53257999999882,4.525565379825309
38.53424999999882,4.526969178081856
38.53591999999882,4.528372976338346
38.537589999998815,4.529776774594893
38.53925999999881,4.53118057285144
38.54092999999881,4.532584371107987
38.54259999999881,4.533988169364477
38.544269999998804,4.535391967621024
38.5459399999988,4.536795765877571
38.5476099999988,4.538199564134061
38.549279999998795,4.539603362390608
38.55094999999879,4.540999385748989
38.55261999999879,4.542291891891523
38.55428999999879,4.5435843980340564
38.555959999998784,4.54487690417659
38.55762999999878,4.546169410319067
38.55929999999878,4.5474619164616
38.560969999998775,4.548754422604077
38.56263999999877,4.55004692874661
38.56430999999877,4.551339434889087
38.56597999999877,4.5526319410316205
38.567649999998764,4.553924447174097
38.56931999999876,4.555216953316631
38.57098999999876,4.556509459459107
38.572659999998756,4.557886674968472
38.57432999999875,4.559290473225019
38.57599999999875,4.560694271481566
38.57766999999875,4.562098069738056
38.579339999998744,4.563501867994603
38.58100999999874,4.56490566625115
38.58267999999874,4.566309464507697
38.584349999998736,4.567713262764244
38.58601999999873,4.569117061020734
38.58768999999873,4.570520859277281
38.58935999999873,4.5719246575338275
38.591029999998725,4.573328455790374
38.59269999999872,4.574663390663034
38.59436999999872,4.57595589680551
38.596039999998716,4.577248402948044
38.59770999999871,4.5785409090905205
38.59937999999871,4.579833415232997
38.60104999999871,4.581125921375531
38.602719999998705,4.582418427518007
38.6043899999987,4.583710933660484
38.6060599999987,4.585003439802961
38.607729999998696,4.586295945945494
38.60939999999869,4.587588452087971
38.61106999999869,4.58881758309991
38.61273999999869,4.590066068335204
38.614409999998685,4.591391339945972
38.61607999999868,4.592716611556796
38.61774999999868,4.594041883167506
38.61941999999868,4.595367154778273
38.621089999998674,4.596692426389097
38.62275999999867,4.598017697999865
38.62442999999867,4.599342969610632
38.626099999998665,4.600668241221342
38.62776999999866,4.601993512832166
38.62943999999866,4.6033187844429335
38.63110999999866,4.604644056053701
38.632779999998654,4.605950667908928
38.63444999999865,4.607191031940545
38.63611999999865,4.608483538083078
38.637789999998645,4.609776044225555
38.63945999999864,4.6110685503680315
38.64112999999864,4.612361056510565
38.64279999999864,4.613653562653042
38.644469999998634,4.614946068795575
38.64613999999863,4.616238574938052
38.64780999999863,4.617531081080585
38.649479999998626,4.618823587223062
38.65114999999862,4.620116093365539
38.65281999999862,4.621408599508072
38.65448999999862,4.622796699874868
38.656159999998614,4.624200498131415
38.65782999999861,4.625604296387905
38.65949999999861,4.627008094644452
38.661169999998606,4.628411892900999
38.6628399999986,4.629815691157603
38.6645099999986,4.63121948941415
38.6661799999986,4.63262328767064
38.667849999998595,4.634027085927187
38.66951999999859,4.635430884183734
38.67118999999859,4.636834682440281
38.672859999998586,4.6382384806968275
38.67452999999858,4.639642278953318
38.67619999999858,4.6410460772098645
38.67786999999858,4.642449875466411
38.679539999998575,4.643853673722958
38.68120999999857,4.645257471979505
38.68287999999857,4.646661270235995
38.684549999998566,4.648065068492542
38.68621999999856,4.649468866749089
38.68788999999856,4.650872665005636
38.68955999999856,4.652276463262183
38.691229999998555,4.653680261518673
38.69289999999855,4.65508405977522
38.69456999999855,4.656423955773391
38.69623999999855,4.657716461915925
38.697909999998544,4.6590089680584015
38.69957999999854,4.660301474200935
38.70124999999854,4.661593980343412
38.702919999998535,4.662886486485888
38.70458999999853,4.664178992628422
38.70625999999853,4.6654714987708985
38.70792999999853,4.666764004913432
38.709599999998524,4.668056511055909
38.71126999999852,4.669349017198385
38.71293999999852,4.670641523340919
38.714609999998515,4.671963574096424
38.71627999999851,4.6733673723529705
38.71794999999851,4.674771170609517
38.71961999999851,4.676174968866064
38.721289999998504,4.677578767122611
38.7229599999985,4.678982565379101
38.7246299999985,4.680386363635648
38.726299999998496,4.681790161892195
38.72796999999849,4.683193960148742
38.72963999999849,4.684597758405289
38.73130999999849,4.686001556661779
38.732979999998484,4.687343599432495
38.73464999999848,4.688655172413178
38.73631999999848,4.689869151909932
38.737989999998476,4.691083131406685
38.73965999999847,4.692297110903439
38.74132999999847,4.693511090400136
38.74299999999847,4.69472506989689
38.744669999998465,4.695939049393644
38.74633999999846,4.697153028890341
38.74800999999846,4.698367008387095
38.749679999998456,4.699580987883849
38.75134999999845,4.700794967380546
38.75301999999845,4.702008946877299
38.75468999999845,4.703222926373996
38.756359999998445,4.704552303859771
38.75802999999844,4.705956102116318
38.75969999999844,4.707359900372865
38.761369999998436,4.7087636986294115
38.76303999999843,4.7101674968859015
38.76470999999843,4.711571295142448
38.76637999999843,4.712975093398995
38.768049999998425,4.714378891655542
38.76971999999842,4.715782689912089
38.77138999999842,4.717186488168579
38.77305999999842,4.718590286425126
38.774729999998414,4.719994084681673
38.77639999999841,4.721323095822413
38.77806999999841,4.72261560196489
38.779739999998405,4.723908108107423
38.7814099999984,4.7252006142499
38.7830799999984,4.726493120392433
38.7847499999984,4.72778562653491
38.786419999998394,4.729078132677444
38.78808999999839,4.73037063881992
38.78975999999839,4.731663144962454
38.791429999998385,4.73295565110493
38.79309999999838,4.734248157247464
38.79476999999838,4.735540663389941
38.79643999999838,4.736873599002934
38.798109999998374,4.7382773972594805
38.79977999999837,4.739681195516084
38.80144999999837,4.741084993772574
38.803119999998366,4.742488792029121
38.80478999999836,4.743892590285668
38.80645999999836,4.745296388542158
38.80812999999836,4.746700186798705
38.809799999998354,4.748103985055252
38.81146999999835,4.749507783311799
38.81313999999835,4.750911581568289
38.814809999998346,4.752315379824836
38.81647999999834,4.753694594593867
38.81814999999834,4.754987100736344
38.81981999999834,4.756279606878877
38.821489999998334,4.757572113021354
38.82315999999833,4.758864619163887
38.82482999999833,4.760157125306364
38.826499999998326,4.761449631448897
38.82816999999832,4.762742137591374
38.82983999999832,4.764034643733908
38.83150999999832,4.765327149876384
38.833179999998315,4.766619656018918
38.83484999999831,4.7679121621613945
38.83651999999831,4.769204668303928
38.838189999998306,4.770598692402643
38.8398599999983,4.772002490659133
38.8415299999983,4.7734062889156235
38.8431999999983,4.77481008717217
38.844869999998295,4.776213885428717
38.84653999999829,4.777617683685207
38.84820999999829,4.779021481941754
38.84987999999829,4.780425280198301
38.851549999998284,4.781829078454848
38.85321999999828,4.783232876711338
38.85488999999828,4.784576539126817
38.856559999998275,4.785901810737585
38.85822999999827,4.787141410375057
38.85989999999827,4.788355389871867
38.86156999999827,4.789569369368564
38.863239999998264,4.790783348865318
38.86490999999826,4.791997328362015
38.86657999999826,4.793211307858826
38.868249999998255,4.794425287355523
38.86991999999825,4.795639266852277
38.87158999999825,4.7968532463490305
38.87325999999825,4.798067225845784
38.874929999998244,4.799281205342481
38.87659999999824,4.800495184839235
38.87826999999824,4.801783623909387
38.879939999998236,4.803187422165934
38.88160999999823,4.8045912204224805
38.88327999999823,4.805995018678971
38.88494999999823,4.8073988169355175
38.886619999998224,4.808802615192064
38.88828999999822,4.810206413448611
38.88995999999822,4.811610211705158
38.891629999998216,4.813014009961648
38.89329999999821,4.814417808218195
38.89496999999821,4.815821606474742
38.89663999999821,4.817225404731289
38.898309999998204,4.818593734642832
38.8999799999982,4.819886240785365
38.9016499999982,4.821178746927842
38.903319999998196,4.822471253070319
38.90498999999819,4.823763759212852
38.90665999999819,4.825056265355329
38.90832999999819,4.826348771497919
38.909999999998185,4.827641277640396
38.91166999999818,4.8289337837828725
38.91333999999818,4.830226289925406
38.915009999998176,4.831518796067883
38.91667999999817,4.832811302210416
38.91834999999817,4.83410491905255
38.92001999999817,4.8355087173090965
38.921689999998165,4.836912515565643
38.92335999999816,4.8383163138221335
38.92502999999816,4.83972011207868
38.926699999998156,4.841123910335227
38.928369999998154,4.842527708591774
38.93003999999815,4.843931506848264
38.93170999999815,4.845335305104811
38.933379999998145,4.846739103361358
38.93504999999814,4.848142901617905
38.93671999999814,4.849546699874452
38.93838999999814,4.850950498130942
38.940059999998134,4.852257739556819
38.94172999999813,4.853550245699296
38.94339999999813,4.8548427518417725
38.945069999998125,4.856135257984306
38.94673999999812,4.857427764126783
38.94840999999812,4.858720270269316
38.95007999999812,4.860012776411793
38.951749999998114,4.8613052825542695
38.95341999999811,4.862597788696803
38.95508999999811,4.86389029483928
38.956759999998106,4.865182800981813
38.9584299999981,4.86647530712429
38.9600999999981,4.8678300124522025
38.9617699999981,4.8692338107086925
38.963439999998094,4.8706376089652395
38.96510999999809,4.872041407221786
38.96677999999809,4.873445205478333
38.968449999998086,4.87484900373488
38.97011999999808,4.87625280199137
38.97178999999808,4.877656600247917
38.97345999999808,4.879060398504464
38.975129999998074,4.880464196761011
38.97679999999807,4.881867995017558
38.97846999999807,4.883271793274048
38.980139999998066,4.884629238328216
38.98180999999806,4.885921744470693
38.98347999999806,4.887214250613226
38.98514999999806,4.888506756755703
38.986819999998055,4.8897992628982365
38.98848999999805,4.891091769040713
38.99015999999805,4.892384275183247
38.991829999998046,4.893676781325723
38.99349999999804,4.894969287468314
38.99516999999804,4.89626179361079
38.99683999999804,4.897554299753324
38.998509999998035,4.898846805895801
39.00017999999803,4.899922328767957
39.00184999999803,4.8992017123296705
39.003519999998026,4.89848109589127
39.005189999998024,4.897760479452927
39.00685999999802,4.897039863014527
39.00852999999802,4.896319246576184
39.010199999998015,4.89559863013784
39.01186999999801,4.894878013699497
39.01353999999801,4.894157397261097
39.01520999999801,4.8934367808227535
39.016879999998004,4.892716164384353
39.018549999998,4.891995547946067
39.020219999998,4.891274931507667
39.021889999997995,4.890554315069323
39.02355999999799,4.889833698630923
39.02522999999799,4.889113082192637
39.02689999999799,4.888392465754293
39.028569999997984,4.887671849315893
39.03023999999798,4.886951232877607
39.03190999999798,4.886230616439207
39.033579999997976,4.885510000000863
39.03524999999797,4.884789383562463
39.03691999999797,4.884068767124177
39.03858999999797,4.883348150685833
39.040259999997964,4.882627534247433
39.04192999999796,4.881998513514304
39.04359999999796,4.8813891891899175
39.045269999997956,4.880779864865644
39.04693999999795,4.880170540541258
39.04860999999795,4.879561216216985
39.05027999999795,4.878951891892598
39.051949999997944,4.878342567568325
39.05361999999794,4.877733243243938
39.05528999999794,4.877123918919665
39.056959999997936,4.876514594595278
39.05862999999793,4.875905270271005
39.06029999999793,4.875295945946675
39.06196999999793,4.874629383562478
39.063639999997925,4.873908767124078
39.06530999999792,4.873188150685735
39.06697999999792,4.8724675342473915
39.068649999997916,4.871746917809048
39.07031999999791,4.871026301370648
39.07198999999791,4.870305684932305
39.07365999999791,4.869585068493961
39.075329999997905,4.868864452055618
39.0769999999979,4.868143835617275
39.0786699999979,4.867423219178875
39.080339999997896,4.866702602740531
39.082009999997894,4.8660233783790545
39.08367999999789,4.8654140540547814
39.08534999999789,4.8648047297304515
39.087019999997885,4.864195405406122
39.08868999999788,4.863586081081792
39.09035999999788,4.862976756757462
39.09202999999788,4.862367432433189
39.093699999997874,4.861758108108802
39.09536999999787,4.861148783784529
39.09703999999787,4.860539459460199
39.098709999997865,4.859930135135869
39.10037999999786,4.859320810811539
39.10204999999786,4.858704452055633
39.10371999999786,4.85798383561729
39.105389999997854,4.85726321917889
39.10705999999785,4.856542602740603
39.10872999999785,4.85582198630226
39.110399999997846,4.85510136986386
39.11206999999784,4.854380753425517
39.11373999999784,4.853660136987116
39.11540999999784,4.85293952054883
39.117079999997834,4.85221890411043
39.11874999999783,4.8514982876720865
39.12041999999783,4.850777671233686
39.122089999997826,4.8500570547954
39.12375999999782,4.849438918919645
39.12542999999782,4.8488295945953155
39.12709999999782,4.848220270270986
39.128769999997814,4.847610945946656
39.13043999999781,4.847001621622326
39.13210999999781,4.846392297298053
39.133779999997806,4.845782972973666
39.1354499999978,4.845173648649393
39.1371199999978,4.844564324325006
39.1387899999978,4.843955000000733
39.140459999997795,4.843345675676346
39.14212999999779,4.842736351352073
39.14379999999779,4.842058904110445
39.145469999997786,4.841338287672045
39.14713999999778,4.840617671233758
39.14880999999778,4.839897054795358
39.15047999999778,4.839176438357015
39.152149999997775,4.838455821918615
39.15381999999777,4.837735205480328
39.15548999999777,4.837014589041985
39.157159999997766,4.836293972603585
39.158829999997764,4.835573356165241
39.16049999999776,4.834852739726841
39.16216999999776,4.834132123288555
39.163839999997755,4.833463783784509
39.16550999999775,4.832854459460179
39.16717999999775,4.8322451351358495
39.16884999999775,4.83163581081152
39.170519999997744,4.83102648648719
39.17218999999774,4.83041716216286
39.17385999999774,4.82980783783853
39.175529999997735,4.8291985135142
39.17719999999773,4.82858918918987
39.17886999999773,4.82797986486554
39.18053999999773,4.82737054054121
39.182209999997724,4.82676121621688
39.18387999999772,4.826133972603486
39.18554999999772,4.8254133561652
39.187219999997716,4.8246927397268
39.18888999999771,4.823972123288456
39.19055999999771,4.823251506850113
39.19222999999771,4.82253089041177
39.193899999997704,4.821810273973426
39.1955699999977,4.821089657535026
39.1972399999977,4.82036904109674
39.198909999997696,4.8196484246583395
39.20057999999769,4.818927808219996
39.20224999999769,4.818207191781653
39.20391999999769,4.817488648649373
39.205589999997684,4.816879324325043
39.20725999999768,4.8162700000007135
39.20892999999768,4.815660675676384
39.210599999997676,4.815051351352054
39.21226999999767,4.814442027027724
39.21393999999767,4.813832702703451
39.21560999999767,4.813223378379064
39.217279999997665,4.812614054054791
39.21894999999766,4.812004729730404
39.22061999999766,4.811395405406131
39.222289999997656,4.810786081081744
39.22395999999765,4.810176756757471
39.22562999999765,4.809488424658355
39.22729999999765,4.808767808220011
39.228969999997645,4.808047191781611
39.23063999999764,4.807326575343268
39.23230999999764,4.806605958904925
39.233979999997636,4.805885342466581
39.235649999997634,4.805164726028181
39.23731999999763,4.804444109589895
39.23898999999763,4.8037234931514945
39.240659999997625,4.803002876713151
39.24232999999762,4.802282260274751
39.24399999999762,4.8015616438364646
39.24566999999762,4.8009041891898505
39.247339999997614,4.800294864865577
39.24900999999761,4.7996855405412475
39.25067999999761,4.799076216216918
39.252349999997605,4.798466891892588
39.2540199999976,4.797857567568258
39.2556899999976,4.797248243243928
39.2573599999976,4.796638918919598
39.259029999997594,4.796029594595268
39.26069999999759,4.795420270270995
39.26236999999759,4.794810945946608
39.264039999997586,4.794201621622335
39.26570999999758,4.79356349315151
39.26737999999758,4.792842876713166
39.26904999999758,4.792122260274766
39.270719999997574,4.791401643836423
39.27238999999757,4.790681027398023
39.27405999999757,4.789960410959736
39.275729999997566,4.789239794521336
39.27739999999756,4.788519178082993
39.27906999999756,4.787798561644593
39.28073999999756,4.787077945206249
39.282409999997554,4.786357328767906
39.28407999999755,4.785636712329563
39.28574999999755,4.784929054054658
39.287419999997546,4.7843197297303846
39.28908999999754,4.783710405405998
39.29075999999754,4.783101081081725
39.29242999999754,4.782491756757395
39.294099999997535,4.781882432433065
39.29576999999753,4.781273108108792
39.29743999999753,4.780663783784405
39.299109999997526,4.780054459460132
39.30077999999752,4.779445135135745
39.30244999999752,4.778835810811472
39.30411999999752,4.778226486487142
39.305789999997515,4.777617162162812
39.30745999999751,4.776917945206321
39.30912999999751,4.776197328767921
39.310799999997506,4.775476712329578
39.312469999997504,4.774756095891178
39.3141399999975,4.774035479452891
39.3158099999975,4.773314863014491
39.317479999997495,4.772594246576148
39.31914999999749,4.771873630137804
39.32081999999749,4.771153013699404
39.32248999999749,4.770432397261118
39.324159999997484,4.769711780822718
39.32582999999748,4.768991164384374
39.32749999999748,4.768270547945974
39.329169999997475,4.767549931507688
39.33083999999747,4.766829315069344
39.33250999999747,4.766108698630944
39.33417999999747,4.765388082192601
39.335849999997464,4.764667465754258
39.33751999999746,4.763946849315914
39.33918999999746,4.763226232877514
39.340859999997456,4.762505616439228
39.34252999999745,4.7617850000008275
39.34419999999745,4.761064383562484
39.34586999999745,4.760343767124084
39.347539999997444,4.7596813513520715
39.34920999999744,4.759072027027685
39.35087999999744,4.758462702703412
39.352549999997436,4.757853378379025
39.35421999999743,4.757244054054752
39.35588999999743,4.756634729730365
39.35755999999743,4.756025405406092
39.359229999997424,4.755416081081705
39.36089999999742,4.754806756757432
39.36256999999742,4.754197432433045
39.364239999997416,4.753588108108772
39.36590999999741,4.752978783784442
39.36757999999741,4.752345616439129
39.36924999999741,4.751625000000786
39.370919999997405,4.7509043835624425
39.3725899999974,4.750183767124099
39.3742599999974,4.749463150685699
39.375929999997396,4.748742534247356
39.37759999999739,4.748021917809012
39.37926999999739,4.747301301370669
39.38093999999739,4.746580684932326
39.382609999997385,4.745860068493926
39.38427999999738,4.745139452055582
39.38594999999738,4.744418835617182
39.387619999997376,4.743706216216879
39.389289999997374,4.743096891892492
39.39095999999737,4.742487567568219
39.39262999999737,4.741878243243832
39.394299999997365,4.741268918919559
39.39596999999736,4.740659594595229
39.39763999999736,4.740050270270899
39.39930999999736,4.739440945946569
39.400979999997354,4.738831621622239
39.40264999999735,4.738222297297909
39.40431999999735,4.737612972973636
39.405989999997345,4.7370036486492495
39.40765999999734,4.736394324324976
39.40932999999734,4.735700068493884
39.41099999999734,4.7349794520555974
39.412669999997334,4.734258835617254
39.41433999999733,4.733538219178854
39.41600999999733,4.732817602740511
39.417679999997326,4.7320969863021105
39.41934999999732,4.731376369863824
39.42101999999732,4.730655753425424
39.42268999999732,4.729935136987081
39.424359999997314,4.729214520548737
39.42602999999731,4.728493904110337
39.42769999999731,4.727773287672051
39.429369999997306,4.727121756757356
39.4310399999973,4.726512432433083
39.4327099999973,4.725903108108696
39.4343799999973,4.725293783784423
39.436049999997294,4.72468445946015
39.43771999999729,4.724075135135763
39.43938999999729,4.72346581081149
39.441059999997286,4.722856486487103
39.44272999999728,4.72224716216283
39.44439999999728,4.7216378378385
39.44606999999728,4.72102851351417
39.447739999997275,4.72041918918984
39.44940999999727,4.719775136987096
39.45107999999727,4.719054520548752
39.452749999997266,4.718333904110409
39.45441999999726,4.717613287672009
39.45608999999726,4.716892671233666
39.45775999999726,4.7161720547952655
39.459429999997255,4.715451438356979
39.46109999999725,4.714730821918579
39.46276999999725,4.7140102054802355
39.464439999997246,4.713289589041835
39.466109999997244,4.712568972603492
39.46777999999724,4.711848356165206
39.46944999999724,4.71114662162222
39.471119999997235,4.710537297297947
39.47278999999723,4.70992797297356
39.47445999999723,4.709318648649287
39.47612999999723,4.7087093243249
39.477799999997224,4.708100000000627
39.47946999999722,4.707490675676297
39.48113999999722,4.706881351351967
39.482809999997215,4.706272027027637
39.48447999999721,4.705662702703307
39.48614999999721,4.705053378378977
39.48781999999721,4.7044440540546475
39.489489999997204,4.703834729730318
39.4911599999972,4.7031295890418505
39.4928299999972,4.702408972603507
39.494499999997196,4.701688356165107
39.49616999999719,4.700967739726821
39.49783999999719,4.70024712328842
39.49950999999719,4.699526506850077
39.501179999997184,4.698805890411677
39.50284999999718,4.6980852739733905
39.50451999999718,4.69736465753499
39.506189999997176,4.696644041096647
39.50785999999717,4.695923424658304
39.50952999999717,4.69520280821996
39.51119999999717,4.694562162162754
39.512869999997164,4.693952837838424
39.51453999999716,4.693343513514151
39.51620999999716,4.692734189189764
39.517879999997156,4.692124864865491
39.51954999999715,4.691515540541104
39.52121999999715,4.690906216216831
39.52288999999715,4.690296891892444
39.524559999997145,4.689687567568171
39.52622999999714,4.689078243243841
39.52789999999714,4.6884689189195115
39.529569999997136,4.6878595945951815
39.53123999999713,4.6872046575350055
39.53290999999713,4.686484041096662
39.53457999999713,4.685763424658262
39.536249999997125,4.6850428082199755
39.53791999999712,4.684322191781632
39.53958999999712,4.683601575343232
39.541259999997116,4.682880958904889
39.542929999997114,4.682160342466545
39.54459999999711,4.681439726028202
39.54626999999711,4.680719109589802
39.547939999997105,4.6799984931515155
39.5496099999971,4.679277876713172
39.5512799999971,4.678587027027675
39.5529499999971,4.677977702703345
39.554619999997094,4.677368378379015
39.55628999999709,4.676759054054685
39.55795999999709,4.676149729730355
39.559629999997085,4.675540405406025
39.56129999999708,4.674931081081695
39.56296999999708,4.674321756757365
39.56463999999708,4.673712432433035
39.566309999997074,4.673103108108705
39.56797999999707,4.672493783784375
39.56964999999707,4.6718844594600455
39.571319999997066,4.671275135135716
39.57298999999706,4.670559109589817
39.57465999999706,4.669838493151417
39.57632999999706,4.669117876713074
39.577999999997054,4.6683972602746735
39.57966999999705,4.667676643836387
39.58133999999705,4.666956027397987
39.583009999997046,4.666235410959644
39.58467999999704,4.6655147945213
39.58634999999704,4.664794178082957
39.58801999999704,4.664073561644614
39.589689999997034,4.6633529452062135
39.59135999999703,4.66263232876787
39.59302999999703,4.662002567568095
39.594699999997026,4.661393243243822
39.59636999999702,4.660783918919549
39.59803999999702,4.660174594595162
39.59970999999702,4.659565270270889
39.601379999997015,4.658955945946502
39.60304999999701,4.658346621622229
39.60471999999701,4.657737297297899
39.606389999997006,4.657127972973569
39.608059999997,4.656518648649239
39.609729999997,4.6559093243249094
39.611399999997,4.6553000000005795
39.613069999996995,4.654634178082972
39.61473999999699,4.653913561644572
39.61640999999699,4.653192945206229
39.618079999996986,4.6524723287678285
39.61974999999698,4.651751712329542
39.62141999999698,4.651031095891142
39.62308999999698,4.6503104794527985
39.624759999996975,4.649589863014398
39.62642999999697,4.648869246576112
39.62809999999697,4.648148630137712
39.62976999999697,4.647428013699368
39.631439999996964,4.646707397261025
39.63310999999696,4.646027432432959
39.63477999999696,4.645418108108686
39.636449999996955,4.644808783784356
39.63811999999695,4.644199459460026
39.63978999999695,4.643590135135696
39.64145999999695,4.642980810811366
39.643129999996944,4.642371486487093
39.64479999999694,4.641762162162763
39.64646999999694,4.641152837838433
39.648139999996936,4.640543513514103
39.64980999999693,4.639934189189773
39.65147999999693,4.6393248648654435
39.65314999999693,4.638709246576127
39.654819999996924,4.637988630137784
39.65648999999692,4.637268013699384
39.65815999999692,4.636547397261097
39.659829999996916,4.635826780822697
39.66149999999691,4.635106164384354
39.66316999999691,4.6343855479459535
39.66483999999691,4.63366493150761
39.666509999996904,4.632944315069324
39.6681799999969,4.6322236986309235
39.6698499999969,4.63150308219258
39.671519999996896,4.63078246575418
39.67318999999689,4.630061849315837
39.67485999999689,4.629341232877493
39.67652999999689,4.62862061643915
39.678199999996885,4.62790000000075
39.67986999999688,4.627179383562407
39.68153999999688,4.6264587671240065
39.683209999996876,4.62573815068572
39.68487999999687,4.62501753424732
39.68654999999687,4.624296917808977
39.68821999999687,4.623576301370576
39.689889999996865,4.622855684932233
39.69155999999686,4.62213506849389
39.69322999999686,4.6214144520555465
39.694899999996856,4.620779729730259
39.69656999999685,4.620170405405986
39.69823999999685,4.619561081081599
39.69990999999685,4.618951756757326
39.701579999996845,4.618342432432996
39.70324999999684,4.617733108108666
39.70491999999684,4.617123783784393
39.70658999999684,4.6165144594600065
39.708259999996834,4.615905135135733
39.70992999999683,4.615295810811347
39.71159999999683,4.614686486487074
39.713269999996825,4.614077162162687
39.71493999999682,4.613416301370648
39.71660999999682,4.612695684932248
39.71827999999682,4.611975068493905
39.719949999996814,4.611254452055505
39.72161999999681,4.6105338356171615
39.72328999999681,4.609813219178818
39.724959999996805,4.609092602740475
39.7266299999968,4.608371986302075
39.7282999999968,4.607651369863731
39.7299699999968,4.606930753425331
39.731639999996794,4.606210136987045
39.73330999999679,4.605489520548645
39.73497999999679,4.604804594595123
39.736649999996786,4.60419527027085
39.73831999999678,4.603585945946463
39.73998999999678,4.60297662162219
39.74165999999678,4.602367297297803
39.743329999996774,4.60175797297353
39.74499999999677,4.6011486486491435
39.74666999999677,4.6005393243248704
39.748339999996766,4.599930000000597
39.75000999999676,4.599320675676211
39.75167999999676,4.5987113513519375
39.75334999999676,4.598102027027551
39.755019999996755,4.597491369863803
39.75668999999675,4.596770753425403
39.75835999999675,4.59605013698706
39.760029999996746,4.595329520548717
39.76169999999674,4.594608904110316
39.76336999999674,4.59388828767203
39.76503999999674,4.59316767123363
39.766709999996735,4.5924470547952865
39.76837999999673,4.591726438356886
39.77004999999673,4.591005821918543
39.771719999996726,4.5902852054802565
39.77338999999672,4.589564589041856
39.77505999999672,4.588843972603513
39.77672999999672,4.588220135135657
39.778399999996715,4.587610810811384
39.78006999999671,4.587001486486997
39.78173999999671,4.586392162162724
39.78340999999671,4.585782837838394
39.785079999996704,4.585173513514064
39.7867499999967,4.584564189189734
39.7884199999967,4.5839548648654045
39.790089999996695,4.583345540541075
39.79175999999669,4.582736216216745
39.79342999999669,4.582126891892415
39.79509999999669,4.581517567568085
39.796769999996684,4.580845821918501
39.79843999999668,4.580125205480158
39.80010999999668,4.579404589041758
39.801779999996675,4.578683972603471
39.80344999999667,4.577963356165071
39.80511999999667,4.577242739726728
39.80678999999667,4.576522123288441
39.808459999996664,4.575801506850041
39.81012999999666,4.575080890411698
39.81179999999666,4.574360273973298
39.813469999996656,4.573639657535011
39.81513999999665,4.572919041096611
39.81680999999665,4.572245000000578
39.81847999999665,4.571635675676248
39.820149999996644,4.571026351351918
39.82181999999664,4.570417027027588
39.82348999999664,4.569807702703258
39.825159999996636,4.569198378378928
39.82682999999663,4.568589054054598
39.82849999999663,4.5679797297302684
39.83016999999663,4.5673704054059385
39.831839999996625,4.566761081081609
39.83350999999662,4.566151756757279
39.83517999999662,4.565542432432949
39.836849999996616,4.564920890411656
39.83851999999661,4.564200273973313
39.84018999999661,4.563479657534913
39.84185999999661,4.562759041096626
39.843529999996605,4.562038424658226
39.8451999999966,4.561317808219883
39.8468699999966,4.5605971917815395
39.848539999996596,4.559876575343196
39.85020999999659,4.559155958904796
39.85187999999659,4.558435342466453
39.85354999999659,4.557714726028166
39.855219999996585,4.556994109589766
39.85688999999658,4.556273493151423
39.85855999999658,4.555660540541055
39.86022999999658,4.555051216216782
39.861899999996574,4.554441891892395
39.86356999999657,4.553832567568122
39.86523999999657,4.553223243243792
39.866909999996565,4.552613918919462
39.86857999999656,4.552004594595132
39.87024999999656,4.5513952702708025
39.87191999999656,4.550785945946473
39.873589999996554,4.550176621622143
39.87525999999655,4.549567297297813
39.87692999999655,4.54895797297354
39.878599999996545,4.548275342466468
39.88026999999654,4.547554726028125
39.88193999999654,4.5468341095897244
39.88360999999654,4.546113493151438
39.885279999996534,4.545392876713038
39.88694999999653,4.5446722602746945
39.88861999999653,4.543951643836351
39.890289999996526,4.543231027397951
39.89195999999652,4.542510410959665
39.89362999999652,4.541789794521264
39.89529999999652,4.541069178082921
39.896969999996514,4.540348561644521
39.89863999999651,4.539685405405919
39.90030999999651,4.539076081081589
39.901979999996506,4.538466756757259
39.9036499999965,4.537857432432929
39.9053199999965,4.537248108108599
39.9069899999965,4.536638783784269
39.908659999996495,4.536029459459996
39.91032999999649,4.53542013513561
39.91199999999649,4.5348108108113365
39.913669999996486,4.53420148648695
39.91533999999648,4.533592162162677
39.91700999999648,4.532982837838347
39.91867999999648,4.532350410959623
39.920349999996475,4.531629794521223
39.92201999999647,4.530909178082879
39.92368999999647,4.530188561644593
39.925359999996466,4.529467945206193
39.92702999999646,4.5287473287678495
39.92869999999646,4.528026712329449
39.93036999999646,4.527306095891106
39.932039999996455,4.526585479452763
39.93370999999645,4.525864863014419
39.93537999999645,4.525144246576076
39.93704999999645,4.524423630137676
39.938719999996444,4.523710270270783
39.94038999999644,4.523100945946453
39.94205999999644,4.522491621622123
39.943729999996435,4.521882297297793
39.94539999999643,4.521272972973463
39.94706999999643,4.520663648649133
39.94873999999643,4.52005432432486
39.950409999996424,4.5194450000004736
39.95207999999642,4.5188356756762005
39.95374999999642,4.518226351351814
39.955419999996415,4.517617027027541
39.95708999999641,4.517007702703211
39.95875999999641,4.516398378378881
39.96042999999641,4.515704863014378
39.962099999996404,4.514984246576034
39.9637699999964,4.514263630137691
39.9654399999964,4.513543013699348
39.967109999996396,4.512822397261004
39.96877999999639,4.512101780822604
39.97044999999639,4.511381164384261
39.97211999999639,4.510660547945918
39.973789999996384,4.509939931507574
39.97545999999638,4.509219315069174
39.97712999999638,4.508498698630831
39.978799999996376,4.5077780821924875
39.98046999999637,4.507125810811317
39.98213999999637,4.506516486486987
39.98380999999637,4.505907162162657
39.985479999996365,4.505297837838327
39.98714999999636,4.504688513513997
39.98881999999636,4.504079189189667
39.990489999996356,4.503469864865394
39.99215999999635,4.502860540541008
39.99382999999635,4.5022512162167345
39.99549999999635,4.501641891892348
39.997169999996345,4.501032567568075
39.99883999999634,4.500423243243688
40.00050999999634,4.5001207894721915
40.002179999996336,4.500516315787934
40.00384999999633,4.50091184210379
40.00551999999633,4.501307368419532
40.00718999999633,4.501702894735331
40.008859999996325,4.50209842105113
40.01052999999632,4.502493947366929
40.01219999999632,4.5028894736826715
40.01386999999632,4.503284999998527
40.015539999996314,4.50368052631427
40.01720999999631,4.504076052630069
40.01887999999631,4.504471578945868
40.020549999996305,4.504867105261667
40.0222199999963,4.505194415583105
40.0238899999963,4.505487207790964
40.0255599999963,4.505779999998708
40.027229999996294,4.50607279220651
40.02889999999629,4.506365584414311
40.03056999999629,4.506658376622056
40.032239999996285,4.506951168829914
40.03390999999628,4.507243961037659
40.03557999999628,4.5075367532455175
40.03724999999628,4.507829545453262
40.038919999996274,4.508122337661121
40.04058999999627,4.508415129868865
40.04225999999627,4.50870792207661
40.043929999996266,4.509088684209075
40.04559999999626,4.509484210524818
40.04726999999626,4.509879736840617
40.04893999999626,4.510275263156416
40.050609999996254,4.510670789472215
40.05227999999625,4.511066315787957
40.05394999999625,4.511461842103813
40.055619999996246,4.511857368419555
40.05728999999624,4.512252894735354
40.05895999999624,4.5126484210511535
40.06062999999624,4.513043947366953
40.062299999996235,4.513439473682695
40.06396999999623,4.513812922076681
40.06563999999623,4.514105714284426
40.067309999996226,4.5143985064922845
40.06897999999622,4.514691298700029
40.07064999999622,4.5149840909078875
40.07231999999622,4.515276883115632
40.073989999996215,4.515569675323434
40.07565999999621,4.515862467531235
40.07732999999621,4.51615525973898
40.078999999996206,4.516448051946838
40.0806699999962,4.516740844154583
40.0823399999962,4.5170336363624415
40.0840099999962,4.517326428570186
40.085679999996195,4.51766105263016
40.08734999999619,4.518056578945902
40.08901999999619,4.5184521052617015
40.09068999999619,4.518847631577501
40.092359999996184,4.5192431578933
40.09402999999618,4.519638684209099
40.09569999999618,4.520034210524841
40.097369999996175,4.520429736840697
40.09903999999617,4.520825263156439
40.10070999999617,4.521220789472238
40.10237999999617,4.521616315788037
40.104049999996164,4.522011842103836
40.10571999999616,4.5224073684196355
40.10738999999616,4.522724220778002
40.109059999996155,4.523017012985804
40.11072999999615,4.523309805193605
40.11239999999615,4.52360259740135
40.11406999999615,4.523895389609152
40.115739999996144,4.524188181816953
40.11740999999614,4.524480974024755
40.11907999999614,4.524773766232499
40.120749999996136,4.525066558440358
40.12241999999613,4.5253593506481025
40.12408999999613,4.525652142855904
40.12575999999613,4.5259449350637055
40.127429999996124,4.526237727271507
40.12909999999612,4.526530519479309
40.13076999999612,4.52682331168711
40.132439999996116,4.527116103894855
40.13410999999611,4.527408896102713
40.13577999999611,4.527701688310458
40.13744999999611,4.527994480518316
40.139119999996105,4.528287272726061
40.1407899999961,4.528580064933919
40.1424599999961,4.528872857141664
40.144129999996096,4.5291656493495225
40.14579999999609,4.529458441557267
40.14746999999609,4.529751233765012
40.14913999999609,4.5300594736827975
40.150809999996085,4.530454999998597
40.15247999999608,4.530850526314396
40.15414999999608,4.531246052630138
40.155819999996076,4.531641578945994
40.15748999999607,4.532037105261736
40.15915999999607,4.532432631577535
40.16082999999607,4.532828157893334
40.162499999996065,4.533223684209133
40.16416999999606,4.533619210524876
40.16583999999606,4.5340147368407315
40.16750999999606,4.534410263156474
40.169179999996054,4.534805789472273
40.17084999999605,4.535149025972828
40.17251999999605,4.535441818180686
40.174189999996045,4.535734610388431
40.17585999999604,4.5360274025962894
40.17752999999604,4.536320194804034
40.17919999999604,4.536612987011779
40.180869999996034,4.536905779219637
40.18253999999603,4.537198571427382
40.18420999999603,4.53749136363524
40.185879999996025,4.537784155842985
40.18754999999602,4.538076948050843
40.18921999999602,4.538369740258588
40.19088999999602,4.53866253246639
40.192559999996014,4.539027368419681
40.19422999999601,4.53942289473548
40.19589999999601,4.5398184210512795
40.197569999996006,4.540213947367022
40.199239999996,4.540609473682878
40.200909999996,4.54100499999862
40.202579999996,4.541400526314419
40.204249999995994,4.541796052630218
40.20591999999599,4.54219157894596
40.20758999999599,4.542587105261816
40.209259999995986,4.5429826315775585
40.21092999999598,4.5433781578934145
40.21259999999598,4.543767532466404
40.21426999999598,4.544060324674149
40.215939999995975,4.544353116882007
40.21760999999597,4.544645909089752
40.21927999999597,4.5449387012975535
40.220949999995966,4.545231493505355
40.22261999999596,4.545524285713157
40.22428999999596,4.545817077920901
40.22595999999596,4.54610987012876
40.227629999995955,4.546402662336504
40.22929999999595,4.546695454544363
40.23096999999595,4.546988246752107
40.232639999995946,4.547281038959909
40.23430999999594,4.5475738311677105
40.23597999999594,4.547866623375512
40.23764999999594,4.548159415583314
40.239319999995935,4.548452207791115
40.24098999999593,4.54874499999886
40.24265999999593,4.549037792206718
40.24432999999593,4.549330584414463
40.245999999995924,4.549623376622321
40.24766999999592,4.549916168830066
40.24933999999592,4.5502089610378675
40.251009999995915,4.550501753245669
40.25267999999591,4.550794545453414
40.25434999999591,4.551087337661272
40.25601999999591,4.5514257894723755
40.257689999995904,4.551821315788175
40.2593599999959,4.552216842103917
40.2610299999959,4.552612368419716
40.262699999995895,4.553007894735515
40.26436999999589,4.553403421051257
40.26603999999589,4.553798947367113
40.26770999999589,4.5541944736828555
40.269379999995884,4.5545899999986545
40.27104999999588,4.554985526314454
40.27271999999588,4.555381052630253
40.274389999995876,4.555776578945995
40.27605999999587,4.556172105261851
40.27772999999587,4.556485129869031
40.27939999999587,4.556777922076833
40.281069999995864,4.5570707142846345
40.28273999999586,4.557363506492436
40.28440999999586,4.557656298700181
40.286079999995856,4.557949090908039
40.28774999999585,4.558241883115784
40.28941999999585,4.558534675323642
40.29108999999585,4.558827467531387
40.292759999995845,4.559120259739245
40.29442999999584,4.55941305194699
40.29609999999584,4.5597058441547915
40.297769999995836,4.559998636362593
40.29943999999583,4.5603936842092025
40.30110999999583,4.5607892105250585
40.30277999999583,4.561184736840801
40.304449999995825,4.561580263156657
40.30611999999582,4.561975789472399
40.30778999999582,4.562371315788141
40.309459999995816,4.562766842103997
40.31112999999581,4.563162368419739
40.31279999999581,4.563557894735595
40.31446999999581,4.5639534210513375
40.316139999995805,4.564348947367137
40.3178099999958,4.564744473682936
40.3194799999958,4.565103636362551
40.3211499999958,4.565396428570409
40.322819999995794,4.565689220778154
40.32448999999579,4.565982012985955
40.32615999999579,4.566274805193757
40.327829999995785,4.5665675974015585
40.32949999999578,4.56686038960936
40.33116999999578,4.567153181817105
40.33283999999578,4.567445974024906
40.334509999995774,4.567738766232708
40.33617999999577,4.568031558440509
40.33784999999577,4.568324350648254
40.339519999995765,4.568617142856112
40.34118999999576,4.568909935063857
40.34285999999576,4.5692027272717155
40.34452999999576,4.56949551947946
40.346199999995754,4.569788311687262
40.34786999999575,4.570081103895063
40.34953999999575,4.570373896102865
40.351209999995746,4.570666688310666
40.35287999999574,4.570959480518468
40.35454999999574,4.571252272726269
40.35621999999574,4.571545064934071
40.357889999995734,4.571837857141816
40.35955999999573,4.572130649349674
40.36122999999573,4.572423441557419
40.362899999995726,4.572792105261954
40.36456999999572,4.573187631577696
40.36623999999572,4.573583157893438
40.36790999999572,4.573978684209294
40.369579999995715,4.574374210525036
40.37124999999571,4.574769736840835
40.37291999999571,4.575165263156634
40.374589999995706,4.5755607894724335
40.3762599999957,4.575956315788176
40.3779299999957,4.576351842103975
40.3795999999957,4.576747368419774
40.381269999995695,4.577142894735516
40.38293999999569,4.577528441557433
40.38460999999569,4.577821233765178
40.386279999995686,4.578114025973036
40.38794999999568,4.578406818180781
40.38961999999568,4.5786996103886395
40.39128999999568,4.578992402596384
40.392959999995675,4.579285194804186
40.39462999999567,4.579577987011987
40.39629999999567,4.579870779219789
40.39796999999567,4.58016357142759
40.399639999995664,4.580456363635392
40.40130999999566,4.580749155843193
40.40297999999566,4.581041948050995
40.404649999995655,4.5813644736829815
40.40631999999565,4.581759999998837
40.40798999999565,4.58215552631458
40.40965999999565,4.582551052630379
40.411329999995644,4.582946578946178
40.41299999999564,4.58334210526192
40.41466999999564,4.583737631577776
40.416339999995635,4.584133157893518
40.41800999999563,4.584528684209317
40.41967999999563,4.5849242105251165
40.42134999999563,4.5853197368409155
40.423019999995624,4.585715263156715
40.42468999999562,4.586110789472457
40.42635999999562,4.586439740258811
40.428029999995616,4.586732532466556
40.42969999999561,4.587025324674414
40.43136999999561,4.587318116882159
40.43303999999561,4.58761090908996
40.434709999995604,4.587903701297762
40.4363799999956,4.588196493505507
40.4380499999956,4.588489285713308
40.439719999995596,4.58878207792111
40.44138999999559,4.589074870128911
40.44305999999559,4.589367662336656
40.44472999999559,4.589660454544514
40.446399999995585,4.589953246752259
40.44806999999558,4.590246038960117
40.44973999999558,4.590538831167862
40.451409999995576,4.590831623375664
40.45307999999557,4.591124415583465
40.45474999999557,4.591417207791267
40.45641999999557,4.591709999999068
40.458089999995565,4.59200279220687
40.45975999999556,4.592295584414671
40.46142999999556,4.592588376622473
40.463099999995556,4.592881168830274
40.46476999999555,4.593173961038076
40.46643999999555,4.593466753245821
40.46810999999555,4.5937628947357325
40.469779999995545,4.594158421051475
40.47144999999554,4.594553947367217
40.47311999999554,4.594949473683073
40.47478999999554,4.595344999998815
40.476459999995534,4.595740526314614
40.47812999999553,4.596136052630413
40.47979999999553,4.5965315789462124
40.481469999995525,4.596927105261955
40.48313999999552,4.597322631577754
40.48480999999552,4.597718157893553
40.48647999999552,4.598113684209295
40.488149999995514,4.598509210525151
40.48981999999551,4.59886454545358
40.49148999999551,4.599157337661438
40.493159999995505,4.599450129869183
40.4948299999955,4.599742922077041
40.4964999999955,4.600035714284786
40.4981699999955,4.600328506492588
40.499839999995494,4.600621298700389
40.50150999999549,4.600914090908191
40.50317999999549,4.601206883115992
40.504849999995486,4.601499675323794
40.50651999999548,4.601792467531595
40.50818999999548,4.602085259739397
40.50985999999548,4.602378051947142
40.511529999995474,4.6027307894725595
40.51319999999547,4.603126315788359
40.51486999999547,4.603521842104158
40.516539999995466,4.603917368419957
40.51820999999546,4.604312894735699
40.51987999999546,4.604708421051498
40.52154999999546,4.605103947367297
40.523219999995455,4.605499473683096
40.52488999999545,4.605894999998895
40.52655999999545,4.6062905263146945
40.528229999995446,4.606686052630437
40.52989999999544,4.607081578946236
40.53156999999544,4.607477105262035
40.53323999999544,4.607775844154958
40.534909999995435,4.608068636362816
40.53657999999543,4.608361428570561
40.53824999999543,4.608654220778362
40.539919999995426,4.608947012986164
40.54158999999542,4.6092398051939085
40.54325999999542,4.60953259740171
40.54492999999542,4.609825389609512
40.546599999995415,4.610118181817313
40.54826999999541,4.610410974025058
40.54993999999541,4.610703766232916
40.55160999999541,4.610996558440661
40.553279999995404,4.6112893506484625
40.5549499999954,4.611582142856264
40.5566199999954,4.611874935064009
40.558289999995395,4.612167727271867
40.55995999999539,4.612460519479612
40.56162999999539,4.61275331168747
40.56329999999539,4.613046103895215
40.564969999995384,4.613338896103073
40.56663999999538,4.613631688310818
40.56830999999538,4.613924480518676
40.569979999995375,4.614217272726421
40.57164999999537,4.6145100649342226
40.57331999999537,4.614802857142024
40.57498999999537,4.615129210525254
40.576659999995364,4.615524736840996
40.57832999999536,4.615920263156795
40.57999999999536,4.616315789472594
40.581669999995356,4.616711315788393
40.58333999999535,4.6171068421041355
40.58500999999535,4.617502368419991
40.58667999999535,4.617897894735734
40.588349999995344,4.618293421051476
40.59001999999534,4.618688947367332
40.59168999999534,4.619084473683074
40.593359999995336,4.619479999998873
40.59502999999533,4.619875526314672
40.59669999999533,4.62020064934984
40.59836999999533,4.620493441557585
40.600039999995325,4.620786233765386
40.60170999999532,4.621079025973188
40.60337999999532,4.621371818180933
40.605049999995316,4.621664610388791
40.60671999999531,4.621957402596536
40.60838999999531,4.622250194804394
40.61005999999531,4.622542987012139
40.611729999995305,4.622835779219997
40.6133999999953,4.623128571427742
40.6150699999953,4.6234213636355435
40.616739999995296,4.623714155843345
40.61840999999529,4.624097105262081
40.62007999999529,4.62449263157788
40.62174999999529,4.624888157893679
40.623419999995285,4.625283684209478
40.62508999999528,4.625679210525277
40.62675999999528,4.626074736841076
40.62842999999528,4.626470263156875
40.630099999995274,4.6268657894726175
40.63176999999527,4.627261315788473
40.63343999999527,4.627656842104216
40.635109999995265,4.628052368420015
40.63677999999526,4.628447894735814
40.63844999999526,4.62881915584336
40.64011999999526,4.629111948051218
40.641789999995254,4.629404740258963
40.64345999999525,4.629697532466764
40.64512999999525,4.629990324674566
40.646799999995245,4.63028311688231
40.64846999999524,4.630575909090112
40.65013999999524,4.6308687012979135
40.65180999999524,4.631161493505715
40.653479999995234,4.631454285713517
40.65514999999523,4.631747077921318
40.65681999999523,4.632039870129063
40.658489999995226,4.632332662336864
40.66015999999522,4.632625454544666
40.66182999999522,4.632918246752411
40.66349999999522,4.633211038960269
40.665169999995214,4.633503831168014
40.66683999999521,4.633796623375872
40.66850999999521,4.634089415583617
40.670179999995206,4.634382207791475
40.6718499999952,4.63467499999922
40.6735199999952,4.634967792207078
40.6751899999952,4.635260584414823
40.676859999995195,4.6355533766226245
40.67852999999519,4.635846168830426
40.68019999999519,4.6361389610382275
40.681869999995186,4.636495526314775
40.68353999999518,4.636891052630574
40.68520999999518,4.637286578946373
40.68687999999518,4.637682105262172
40.688549999995175,4.638077631577914
40.69021999999517,4.6384731578937135
40.69188999999517,4.638868684209513
40.693559999995166,4.639264210525255
40.69522999999516,4.639659736841111
40.69689999999516,4.640055263156853
40.69856999999516,4.640450789472652
40.700239999995155,4.640846315788451
40.70190999999515,4.641241842104193
40.70357999999515,4.641536753245987
40.70524999999515,4.641829545453788
40.706919999995144,4.64212233766159
40.70858999999514,4.642415129869335
40.71025999999514,4.642707922077193
40.711929999995135,4.643000714284938
40.71359999999513,4.643293506492796
40.71526999999513,4.643586298700541
40.71693999999513,4.643879090908399
40.718609999995124,4.644171883116144
40.72027999999512,4.644464675324002
40.72194999999512,4.644757467531747
40.723619999995115,4.64506789473586
40.72528999999511,4.645463421051659
40.72695999999511,4.645858947367458
40.72862999999511,4.6462544736832
40.730299999995104,4.646649999999056
40.7319699999951,4.647045526314798
40.7336399999951,4.647441052630654
40.735309999995096,4.6478365789463965
40.73697999999509,4.6482321052621955
40.73864999999509,4.648627631577995
40.74031999999509,4.649023157893737
40.741989999995084,4.649418684209593
40.74365999999508,4.649814210525335
40.74532999999508,4.65015525973962
40.746999999995076,4.6504480519473645
40.74866999999507,4.650740844155109
40.75033999999507,4.651033636362968
40.75200999999507,4.651326428570712
40.753679999995065,4.651619220778571
40.75534999999506,4.651912012986315
40.75701999999506,4.652204805194117
40.758689999995056,4.6524975974019185
40.76035999999505,4.652790389609663
40.76202999999505,4.653083181817465
40.76369999999505,4.653375974025266
40.765369999995045,4.653668766233068
40.76703999999504,4.6539615584408125
40.76870999999504,4.654254350648671
40.770379999995036,4.654547142856416
40.77204999999503,4.654839935064217
40.77371999999503,4.655132727272019
40.77538999999503,4.65542551947982
40.777059999995025,4.655718311687622
40.77872999999502,4.656011103895423
40.78039999999502,4.656303896103225
40.78206999999502,4.6565966883109695
40.783739999995014,4.656889480518828
40.78540999999501,4.657182272726573
40.78707999999501,4.657475064934431
40.788749999995005,4.657861842104296
40.790419999995,4.658257368420095
40.792089999995,4.658652894735894
40.793759999995,4.659048421051693
40.795429999994994,4.659443947367436
40.79709999999499,4.6598394736832915
40.79876999999499,4.660234999999034
40.800439999994985,4.660630526314833
40.80210999999498,4.661026052630632
40.80377999999498,4.661421578946431
40.80544999999498,4.661817105262173
40.807119999994974,4.662212631577972
40.80878999999497,4.662580064934389
40.81045999999497,4.66287285714219
40.812129999994966,4.663165649349992
40.81379999999496,4.6634584415577365
40.81546999999496,4.663751233765595
40.81713999999496,4.66404402597334
40.818809999994954,4.664336818181141
40.82047999999495,4.664629610388943
40.82214999999495,4.664922402596744
40.823819999994946,4.665215194804546
40.82548999999494,4.665507987012347
40.82715999999494,4.665800779220149
40.82882999999494,4.6660935714278935
40.830499999994935,4.666434210525381
40.83216999999493,4.66682973684118
40.83383999999493,4.667225263156979
40.835509999994926,4.667620789472778
40.83717999999492,4.668016315788577
40.83884999999492,4.6684118421043195
40.84051999999492,4.668807368420175
40.842189999994915,4.669202894735918
40.84385999999491,4.669598421051774
40.84552999999491,4.669993947367516
40.847199999994906,4.670389473683372
40.8488699999949,4.670784999999114
40.8505399999949,4.671180526314913
40.8522099999949,4.6714913636357664
40.853879999994895,4.671784155843568
40.85554999999489,4.6720769480513695
40.85721999999489,4.672369740259114
40.85888999999489,4.672662532466973
40.860559999994884,4.672955324674717
40.86222999999488,4.673248116882519
40.86389999999488,4.67354090909032
40.865569999994875,4.673833701298065
40.86723999999487,4.674126493505867
40.86890999999487,4.674419285713668
40.87057999999487,4.67471207792147
40.872249999994864,4.675004870129214
40.87391999999486,4.675297662337073
40.87558999999486,4.6755904545448175
40.877259999994855,4.675883246752619
40.87892999999485,4.6761760389604206
40.88059999999485,4.676468831168222
40.88226999999485,4.676761623376024
40.883939999994844,4.677054415583825
40.88560999999484,4.677347207791627
40.88727999999484,4.677639999999371
40.888949999994836,4.677932792207173
40.89061999999483,4.6782255844149745
40.89228999999483,4.678518376622776
40.89395999999483,4.678832631578075
40.895629999994824,4.679228157893817
40.89729999999482,4.679623684209673
40.89896999999482,4.6800192105254155
40.900639999994816,4.680414736841215
40.90230999999481,4.680810263157014
40.90397999999481,4.681205789472813
40.90564999999481,4.681601315788555
40.907319999994805,4.681996842104411
40.9089899999948,4.682392368420153
40.9106599999948,4.682787894735952
40.912329999994796,4.683183421051751
40.91399999999479,4.68357894736755
40.91566999999479,4.683916168830592
40.91733999999479,4.684208961038394
40.919009999994785,4.684501753246138
40.92067999999478,4.684794545453997
40.92234999999478,4.6850873376617415
40.924019999994776,4.685380129869543
40.92568999999477,4.6856729220773445
40.92735999999477,4.685965714285146
40.92902999999477,4.686258506492948
40.930699999994765,4.686551298700749
40.93236999999476,4.686844090908551
40.93403999999476,4.687136883116295
40.93570999999476,4.687429675324154
40.937379999994754,4.687800526314959
40.93904999999475,4.688196052630758
40.94071999999475,4.6885915789465
40.942389999994745,4.688987105262356
40.94405999999474,4.689382631578098
40.94572999999474,4.689778157893954
40.94739999999474,4.690173684209697
40.949069999994734,4.690569210525496
40.95073999999473,4.690964736841295
40.95240999999473,4.691360263157094
40.954079999994725,4.691755789472893
40.95574999999472,4.692151315788692
40.95741999999472,4.692534675324168
40.95908999999472,4.69282746753197
40.960759999994714,4.693120259739771
40.96242999999471,4.693413051947516
40.96409999999471,4.6937058441553745
40.965769999994706,4.693998636363119
40.9674399999947,4.694291428570921
40.9691099999947,4.694584220778722
40.9707799999947,4.694877012986467
40.972449999994694,4.6951698051942685
40.97411999999469,4.69546259740207
40.97578999999469,4.695755389609872
40.977459999994686,4.696048181817673
40.97912999999468,4.696372894736044
40.98079999999468,4.696768421051786
40.98246999999468,4.697163947367585
40.984139999994674,4.697559473683384
40.98580999999467,4.697954999999126
40.98747999999467,4.698350526314982
40.989149999994666,4.6987460526307245
40.99081999999466,4.6991415789465805
40.99248999999466,4.699537105262323
40.99415999999466,4.699932631578122
40.995829999994655,4.700328157893921
40.99749999999465,4.700723684209663
40.99916999999465,4.701119210525519
41.000839999994646,4.800978429675297
41.00250999999464,4.80292364106441
41.00417999999464,4.804868852453524
41.00584999999464,4.806814063842694
41.007519999994635,4.808759275231807
41.00918999999463,4.810704486620921
41.01085999999463,4.812649698010034
41.01252999999463,4.814594909399204
41.014199999994624,4.816540120788318
41.01586999999462,4.818485332177431
41.01753999999462,4.8204305435666015
41.019209999994615,4.822375754955658
41.02087999999461,4.824320966344828
41.02254999999461,4.826354694480074
41.02421999999461,4.828402639977185
41.025889999994604,4.830450585474296
41.0275599999946,4.832498530971407
41.0292299999946,4.8345464764685175
41.030899999994595,4.8365944219656285
41.03256999999459,4.8386423674627395
41.03423999999459,4.840690312959907
41.03590999999459,4.842738258456961
41.037579999994584,4.844786203954129
41.03924999999458,4.84683414945124
41.04091999999458,4.848882094948351
41.042589999994576,4.850924503877081
41.04425999999457,4.852869715266195
41.04592999999457,4.854814926655308
41.04759999999457,4.8567601380444785
41.049269999994564,4.858705349433535
41.05093999999456,4.860650560822705
41.05260999999456,4.862595772211819
41.054279999994556,4.864540983600932
41.05594999999455,4.8664861949900455
41.05761999999455,4.868431406379216
41.05928999999455,4.870376617768329
41.060959999994544,4.872321829157443
41.06262999999454,4.874267040546613
41.06429999999454,4.87625463060931
41.065969999994536,4.878302576106478
41.06763999999453,4.880350521603589
41.06930999999453,4.8823984671007
41.07097999999453,4.8844464125978675
41.072649999994525,4.886494358094922
41.07431999999452,4.888542303592089
41.07598999999452,4.8905902490891435
41.077659999994516,4.892638194586311
41.07932999999451,4.8946861400833654
41.08099999999451,4.896734085580533
41.08266999999451,4.898782031077587
41.084339999994505,4.900829976574698
41.0860099999945,4.9028157894679225
41.0876799999945,4.904761000857093
41.089349999994496,4.906706212246149
41.091019999994494,4.90865142363532
41.09268999999449,4.910596635024376
41.09435999999449,4.912541846413546
41.096029999994485,4.914487057802717
41.09769999999448,4.916432269191773
41.09936999999448,4.9183774805809435
41.10103999999448,4.92032269197
41.102709999994474,4.92226790335917
41.10437999999447,4.924213114748341
41.10604999999447,4.926158326137397
41.107719999994465,4.928202512235714
41.10938999999446,4.930250457732825
41.11105999999446,4.932298403229993
41.11272999999446,4.934346348727104
41.114399999994454,4.936394294224215
41.11606999999445,4.938442239721326
41.11773999999445,4.940490185218437
41.119409999994446,4.942538130715604
41.12107999999444,4.9445860762126586
41.12274999999444,4.946634021709826
41.12441999999444,4.948681967206937
41.126089999994434,4.950729912704048
41.12775999999443,4.952777858201159
41.12942999999443,4.954825803698327
41.131099999994426,4.956873749195381
41.13276999999442,4.958921694692549
41.13443999999442,4.960969640189603
41.13610999999442,4.963017585686771
41.137779999994414,4.965065531183825
41.13944999999441,4.967113476680993
41.14111999999441,4.969161422178104
41.142789999994406,4.971209367675215
41.1444599999944,4.9732573131723825
41.1461299999944,4.975305258669437
41.1477999999944,4.977353204166604
41.149469999994395,4.979365401202017
41.15113999999439,4.9813106125910735
41.15280999999439,4.983255823980244
41.154479999994386,4.985201035369357
41.15614999999438,4.987146246758471
41.15781999999438,4.989091458147584
41.15948999999438,4.991036669536754
41.161159999994375,4.992981880925811
41.16282999999437,4.994927092314981
41.16449999999437,4.9968723037040945
41.166169999994366,4.998817515093208
41.167839999994364,5.000762726482321
41.16950999999436,5.002707937871492
41.17117999999436,5.004725739827563
41.172849999994355,5.006773685324674
41.17451999999435,5.008821630821842
41.17618999999435,5.010869576318953
41.17785999999435,5.012917521816064
41.179529999994344,5.014965467313175
41.18119999999434,5.017013412810286
41.18286999999434,5.019061358307397
41.184539999994335,5.021109303804508
41.18620999999433,5.023157249301676
41.18787999999433,5.02520519479873
41.18954999999433,5.0272531402958975
41.191219999994324,5.0293010857930085
41.19288999999432,5.031256686792858
41.19455999999432,5.033201898182028
41.196229999994316,5.035147109571085
41.19789999999431,5.037092320960255
41.19956999999431,5.039037532349312
41.20123999999431,5.040982743738482
41.202909999994304,5.042927955127595
41.2045799999943,5.044873166516709
41.2062499999943,5.046818377905879
41.207919999994296,5.048763589294936
41.20958999999429,5.050708800684106
41.21125999999429,5.0526540120731624
41.21292999999429,5.054625675956856
41.214599999994284,5.056673621453967
41.21626999999428,5.058721566951135
41.21793999999428,5.060769512448189
41.219609999994276,5.062817457945357
41.22127999999427,5.064865403442411
41.22294999999427,5.066913348939579
41.22461999999427,5.06896129443669
41.226289999994265,5.071009239933801
41.22795999999426,5.073057185430969
41.22962999999426,5.07510513092808
41.231299999994256,5.077153076425191
41.23296999999425,5.079201021922302
41.23463999999425,5.081248967419413
41.23630999999425,5.0832969129165235
41.237979999994245,5.085344858413691
41.23964999999424,5.087392803910802
41.24131999999424,5.089440749407913
41.242989999994236,5.091488694905024
41.244659999994234,5.093536640402135
41.24632999999423,5.095584585899189
41.24799999999423,5.097632531396357
41.249669999994225,5.099680476893468
41.25133999999422,5.101728422390579
41.25300999999422,5.10377636788769
41.25467999999422,5.105824313384801
41.256349999994214,5.107806298526839
41.25801999999421,5.109751509915952
41.25968999999421,5.1116967213051225
41.261359999994205,5.113641932694179
41.2630299999942,5.115587144083349
41.2646999999942,5.11753235547252
41.2663699999942,5.119477566861576
41.268039999994194,5.121422778250746
41.26970999999419,5.12336798963986
41.27137999999419,5.125313201028973
41.273049999994186,5.1272584124181435
41.27471999999418,5.129203623807257
41.27638999999418,5.1311489035487625
41.27805999999418,5.133196849045817
41.279729999994174,5.135244794542984
41.28139999999417,5.137292740040095
41.28306999999417,5.139340685537206
41.284739999994166,5.141388631034374
41.28640999999416,5.143436576531428
41.28807999999416,5.145484522028596
41.28974999999416,5.14753246752565
41.291419999994154,5.149580413022818
41.29308999999415,5.151628358519872
41.29475999999415,5.15367630401704
41.296429999994146,5.155724249514151
41.29809999999414,5.157752372728623
41.29976999999414,5.159697584117737
41.30143999999414,5.16164279550685
41.303109999994135,5.163588006895964
41.30477999999413,5.165533218285077
41.30644999999413,5.1674784296741905
41.308119999994126,5.169423641063361
41.30978999999412,5.171368852452474
41.31145999999412,5.1733140638415875
41.31312999999412,5.175259275230701
41.314799999994115,5.177204486619814
41.31646999999411,5.179149698008985
41.31813999999411,5.181094909398098
41.319809999994106,5.18309678517511
41.321479999994104,5.185144730672221
41.3231499999941,5.187192676169332
41.3248199999941,5.1892406216664995
41.326489999994095,5.191288567163554
41.32815999999409,5.193336512660721
41.32982999999409,5.195384458157832
41.33149999999409,5.197432403654943
41.333169999994084,5.199480349152054
41.33483999999408,5.201528294649222
41.33650999999408,5.203576240146276
41.338179999994075,5.205624185643444
41.33984999999407,5.207672131140498
41.34151999999407,5.209720076637666
41.34318999999407,5.211768022134777
41.344859999994064,5.213815967631888
41.34652999999406,5.215863913129056
41.34819999999406,5.21791185862611
41.349869999994056,5.2199598041232775
41.35153999999405,5.222007749620332
41.35320999999405,5.2240556951174995
41.35487999999405,5.226103640614667
41.356549999994044,5.228151586111721
41.35821999999404,5.230199531608889
41.35988999999404,5.232247477105943
41.361559999994036,5.234295422603111
41.36322999999403,5.2362471958517744
41.36489999999403,5.238192407240888
41.36656999999403,5.240137618630058
41.368239999994024,5.242082830019115
41.36990999999402,5.244028041408285
41.37157999999402,5.245973252797455
41.373249999994016,5.247918464186512
41.37491999999401,5.249863675575682
41.37658999999401,5.251808886964795
41.37825999999401,5.253754098353909
41.379929999994005,5.255699309743022
41.381599999994,5.2576445211321925
41.383269999994,5.259620012766959
41.384939999993996,5.261667958264127
41.38660999999399,5.263715903761238
41.38827999999399,5.265763849258349
41.38994999999399,5.26781179475546
41.391619999993985,5.269859740252571
41.39328999999398,5.271907685749682
41.39495999999398,5.273955631246793
41.396629999993976,5.2760035767439035
41.398299999993974,5.2780515222410145
41.39996999999397,5.280099467738182
41.40163999999397,5.282147413235293
41.403309999993965,5.284195358732404
41.40497999999396,5.286193270053502
41.40664999999396,5.288138481442672
41.40831999999396,5.290083692831729
41.409989999993954,5.292028904220899
41.41165999999395,5.293974115609956
41.41332999999395,5.295919326999126
41.414999999993945,5.297864538388183
41.41666999999394,5.299809749777353
41.41833999999394,5.301754961166466
41.42000999999394,5.30370017255558
41.421679999993934,5.305645383944693
41.42334999999393,5.3075905953338065
41.42501999999393,5.309535806722977
41.426689999993926,5.311567894393306
41.42835999999392,5.313615839890474
41.43002999999392,5.315663785387585
41.43169999999392,5.317711730884696
41.433369999993914,5.319759676381807
41.43503999999391,5.321807621878975
41.43670999999391,5.323855567376086
41.438379999993906,5.325903512873197
41.4400499999939,5.327951458370308
41.4417199999939,5.3299994038674186
41.4433899999939,5.332047349364586
41.445059999993894,5.334095294861697
41.44672999999389,5.336143240358808
41.44839999999389,5.338191185855976
41.450069999993886,5.34023913135303
41.45173999999388,5.342287076850198
41.45340999999388,5.344335022347309
41.45507999999388,5.34638296784442
41.456749999993875,5.348430913341531
41.45841999999387,5.350478858838642
41.46008999999387,5.35252680433581
41.461759999993866,5.354574749832864
41.46342999999386,5.3566226953300315
41.46509999999386,5.358670640827086
41.46676999999386,5.3607185863242535
41.468439999993855,5.362742881787483
41.47010999999385,5.364688093176653
41.47177999999385,5.366633304565767
41.473449999993846,5.36857851595488
41.475119999993844,5.370523727343993
41.47678999999384,5.372468938733164
41.47845999999384,5.374414150122277
41.480129999993835,5.3763593615113905
41.48179999999383,5.378304572900561
41.48346999999383,5.380249784289617
41.48513999999383,5.382194995678788
41.486809999993824,5.384140207067901
41.48847999999382,5.386085418457014
41.49014999999382,5.388091121985269
41.491819999993815,5.390139067482323
41.49348999999381,5.392187012979491
41.49515999999381,5.394234958476602
41.49682999999381,5.396282903973713
41.498499999993804,5.398330849470824
41.5001699999938,5.400378794967935
41.5018399999938,5.402426740465046
41.503509999993796,5.404474685962157
41.50517999999379,5.406522631459268
41.50684999999379,5.408570576956436
41.50851999999379,5.41061852245349
41.510189999993784,5.4126664679506575
41.51185999999378,5.414634167378381
41.51352999999378,5.416579378767494
41.515199999993776,5.4185245901566645
41.51686999999377,5.420469801545778
41.51853999999377,5.422415012934891
41.52020999999377,5.424360224324005
41.521879999993764,5.426305435713118
41.52354999999376,5.428250647102288
41.52521999999376,5.430195858491345
41.526889999993756,5.432141069880515
41.52855999999375,5.434086281269629
41.53022999999375,5.436031492658742
41.53189999999375,5.4379910581145054
41.533569999993745,5.440039003611616
41.53523999999374,5.442086949108784
41.53690999999374,5.444134894605838
41.538579999993736,5.446182840103006
41.54024999999373,5.44823078560006
41.54191999999373,5.450278731097228
41.54358999999373,5.452326676594396
41.545259999993725,5.45437462209145
41.54692999999372,5.456422567588618
41.54859999999372,5.458470513085729
41.550269999993716,5.46051845858284
41.551939999993714,5.462566404079951
41.55360999999371,5.4646143495771184
41.55527999999371,5.466662295074173
41.556949999993705,5.46871024057134
41.5586199999937,5.4707581860683945
41.5602899999937,5.472806131565562
41.5619599999937,5.474854077062616
41.563629999993694,5.476902022559784
41.56529999999369,5.478949968056838
41.56696999999369,5.480997913554006
41.568639999993685,5.483045859051174
41.57030999999368,5.485093804548228
41.57197999999368,5.487141750045396
41.57364999999368,5.48918969554245
41.575319999993674,5.4911837791124185
41.57698999999367,5.493128990501532
41.57865999999367,5.495074201890702
41.580329999993666,5.497019413279759
41.58199999999366,5.498964624668929
41.58366999999366,5.500909836058042
41.58533999999366,5.502855047447156
41.587009999993654,5.504800258836269
41.58867999999365,5.5067454702254395
41.59034999999365,5.508690681614496
41.592019999993646,5.510635893003666
41.59368999999364,5.51258110439278
41.59535999999364,5.514526315781893
41.59702999999364,5.516562231203466
41.598699999993634,5.518610176700577
41.60036999999363,5.520658122197744
41.60203999999363,5.5227060676947985
41.603709999993626,5.524754013191966
41.60537999999362,5.526801958689077
41.60704999999362,5.528849904186188
41.60871999999362,5.530897849683299
41.610389999993615,5.53294579518041
41.61205999999361,5.534993740677578
41.61372999999361,5.537041686174689
41.615399999993606,5.5390896316718
41.6170699999936,5.541129853314203
41.6187399999936,5.5430750647033165
41.6204099999936,5.54502027609243
41.622079999993595,5.5469654874816
41.62374999999359,5.548910698870657
41.62541999999359,5.550855910259827
41.627089999993586,5.55280112164894
41.628759999993584,5.554746333038054
41.63042999999358,5.556691544427167
41.63209999999358,5.558636755816281
41.633769999993575,5.560581967205394
41.63543999999357,5.562527178594507
41.63710999999357,5.564472389983621
41.63877999999357,5.566462167332759
41.640449999993564,5.568510112829813
41.64211999999356,5.570558058326981
41.64378999999356,5.572606003824092
41.645459999993555,5.574653949321203
41.64712999999355,5.576701894818314
41.64879999999355,5.578749840315481
41.65046999999355,5.580797785812592
41.652139999993544,5.582845731309703
41.65380999999354,5.584893676806871
41.65547999999354,5.586941622303925
41.657149999993536,5.588989567801093
41.65881999999353,5.591037513298261
41.66048999999353,5.593085458795315
41.66215999999353,5.595133404292483
41.663829999993524,5.597181349789537
41.66549999999352,5.599229295286705
41.66716999999352,5.601277240783759
41.668839999993516,5.603325186280927
41.67050999999351,5.605373131777981
41.67217999999351,5.6074210772751485
41.67384999999351,5.6094690227722594
41.675519999993504,5.61151696826937
41.6771899999935,5.613564913766481
41.6788599999935,5.615612859263592
41.680529999993496,5.617660804760703
41.68219999999349,5.619624676437297
41.68386999999349,5.6215698878264675
41.68553999999349,5.623515099215524
41.687209999993485,5.625460310604694
41.68887999999348,5.627405521993808
41.69054999999348,5.629350733382921
41.692219999993476,5.6312959447720345
41.69388999999347,5.633241156161205
41.69555999999347,5.635186367550318
41.69722999999347,5.637131578939432
41.698899999993465,5.639076790328602
41.70056999999346,5.641022001717658
41.70223999999346,5.642985394924608
41.703909999993456,5.645033340421776
41.705579999993454,5.647081285918887
41.70724999999345,5.649129231415998
41.70891999999345,5.651177176913109
41.710589999993445,5.65322512241022
41.71225999999344,5.6552730679073875
41.71392999999344,5.657321013404442
41.71559999999344,5.659368958901609
41.717269999993434,5.66141690439872
41.71893999999343,5.663464849895831
41.72060999999343,5.665512795392942
41.722279999993425,5.667560740890053
41.72394999999342,5.669570750639082
41.72561999999342,5.671515962028195
41.72728999999342,5.673461173417309
41.728959999993414,5.675406384806479
41.73062999999341,5.677351596195535
41.73229999999341,5.679296807584706
41.733969999993406,5.681242018973762
41.7356399999934,5.6831872303629325
41.7373099999934,5.685132441752046
41.7389799999934,5.687077653141159
41.740649999993394,5.68902286453033
41.74231999999339,5.690968075919386
41.74398999999339,5.692913287308556
41.745659999993386,5.694933276550955
41.74732999999338,5.696981222048123
41.74899999999338,5.699029167545234
41.75066999999338,5.701077113042345
41.752339999993374,5.703125058539456
41.75400999999337,5.705173004036624
41.75567999999337,5.707220949533678
41.757349999993366,5.709268895030846
41.75901999999336,5.711316840527957
41.76068999999336,5.713364786025068
41.76235999999336,5.7154127315221785
41.764029999993355,5.7174606770192895
41.76569999999335,5.719508622516457
41.76736999999335,5.721556568013568
41.769039999993346,5.723604513510679
41.77070999999334,5.72565245900779
41.77237999999334,5.727700404504901
41.77404999999334,5.729748350002069
41.775719999993335,5.731796295499123
41.77738999999333,5.733844240996291
41.77905999999333,5.735892186493402
41.780729999993326,5.737940131990513
41.78239999999332,5.739988077487681
41.78406999999332,5.742036022984735
41.78573999999332,5.7440839684819025
41.787409999993315,5.746120362373063
41.78907999999331,5.748065573762233
41.79074999999331,5.750010785151346
41.79241999999331,5.75195599654046
41.794089999993304,5.75390120792963
41.7957599999933,5.755846419318743
41.7974299999933,5.757791630707857
41.799099999993295,5.75973684209697
41.80076999999329,5.76168205348614
41.80243999999329,5.763627264875197
41.80410999999329,5.765572476264367
41.805779999993284,5.767517687653481
41.80744999999328,5.769462899042594
41.80911999999328,5.771456504142861
41.810789999993276,5.773504449640029
41.81245999999327,5.775552395137083
41.81412999999327,5.777600340634251
41.81579999999327,5.779648286131305
41.817469999993264,5.781696231628473
41.81913999999326,5.783744177125584
41.82080999999326,5.785792122622695
41.822479999993256,5.787840068119806
41.82414999999325,5.789888013616917
41.82581999999325,5.791935959114085
41.82748999999325,5.793983904611196
41.829159999993244,5.796031850108307
41.83082999999324,5.798011647964017
41.83249999999324,5.799956859353074
41.834169999993236,5.801902070742244
41.83583999999323,5.803847282131301
41.83750999999323,5.805792493520471
41.83917999999323,5.807737704909584
41.840849999993225,5.809682916298698
41.84251999999322,5.811628127687811
41.84418999999322,5.813573339076925
41.845859999993216,5.815518550466038
41.84752999999321,5.817463761855208
41.84919999999321,5.819408973244265
41.85086999999321,5.821356440272098
41.852539999993205,5.823404385769209
41.8542099999932,5.825452331266376
41.8558799999932,5.827500276763487
41.857549999993196,5.829548222260598
41.85921999999319,5.831596167757766
41.86088999999319,5.83364411325482
41.86255999999319,5.835692058751988
41.864229999993185,5.837740004249099
41.86589999999318,5.83978794974621
41.86756999999318,5.841835895243378
41.86923999999318,5.843883840740432
41.870909999993174,5.8459317862376
41.87257999999317,5.8479797317347675
41.87424999999317,5.850027677231822
41.875919999993165,5.852075622728989
41.87758999999316,5.8541235682260435
41.87925999999316,5.856171513723211
41.88092999999316,5.858219459220322
41.882599999993154,5.860267404717433
41.88426999999315,5.862315350214601
41.88593999999315,5.864363295711655
41.887609999993145,5.866411241208823
41.88927999999314,5.868459186705877
41.89094999999314,5.870507132203045
41.89261999999314,5.872555077700099
41.894289999993134,5.874561259697941
41.89595999999313,5.8765064710871115
41.89762999999313,5.878451682476225
41.899299999993126,5.880396893865338
41.90096999999312,5.882342105254509
41.90263999999312,5.884287316643565
41.90430999999312,5.8862325280327354
41.905979999993114,5.888177739421849
41.90764999999311,5.890122950810962
41.90931999999311,5.8920681622001325
41.910989999993106,5.894013373589246
41.9126599999931,5.895958584978359
41.9143299999931,5.897903796367473
41.9159999999931,5.8999276133611716
41.917669999993095,5.901975558858226
41.91933999999309,5.9040235043553935
41.92100999999309,5.906071449852448
41.922679999993086,5.908119395349615
41.92434999999308,5.9101673408466695
41.92601999999308,5.912215286343837
41.92768999999308,5.914263231840891
41.929359999993075,5.916311177338059
41.93102999999307,5.91835912283517
41.93269999999307,5.920407068332281
41.934369999993066,5.922455013829449
41.93603999999306,5.924502959326503
41.93770999999306,5.926452545288839
41.93937999999306,5.928397756677953
41.941049999993055,5.930342968067123
41.94271999999305,5.9322881794561795
41.94438999999305,5.93423339084535
41.94605999999305,5.936178602234463
41.947729999993044,5.9381238136235766
41.94939999999304,5.940069025012747
41.95106999999304,5.942014236401803
41.952739999993035,5.943959447790974
41.95440999999303,5.945904659180087
41.95607999999303,5.9478498705692004
41.95774999999303,5.949827549490408
41.959419999993024,5.951875494987519
41.96108999999302,5.95392344048463
41.96275999999302,5.9559713859817975
41.964429999993015,5.958019331478852
41.96609999999301,5.9600672769760195
41.96776999999301,5.96211522247313
41.96943999999301,5.964163167970241
41.971109999993004,5.966211113467352
41.972779999993,5.96825905896452
41.974449999993,5.970307004461574
41.976119999992996,5.972354949958742
41.97778999999299,5.974402895455853
41.97945999999299,5.976398619490624
41.98112999999299,5.978343830879737
41.982799999992984,5.980286926986594
41.98446999999298,5.982073174864354
41.98613999999298,5.983859422742114
41.987809999992976,5.985645670619874
41.98947999999297,5.987431918497634
41.99114999999297,5.989218166375338
41.99281999999297,5.991004414253155
41.994489999992965,5.992790662130858
41.99615999999296,5.994576910008618
41.99782999999296,5.996363157886435
41.999499999992956,5.9981494057641385
42.00116999999295,5.90135390548744
42.00283999999295,5.903286403076663
42.00450999999295,5.9052189006658296
42.006179999992945,5.907151398254996
42.00784999999294,5.909083895844219
42.00951999999294,5.9110163934333855
42.011189999992936,5.912948891022609
42.01285999999293,5.914881388611775
42.01452999999293,5.916813886200941
42.01619999999293,5.918746383790165
42.017869999992925,5.920678881379331
42.01953999999292,5.922611378968611
42.02120999999292,5.924543876557777
42.02287999999292,5.926476374147001
42.024549999992914,5.928408871736167
42.02621999999291,5.930341369325333
42.02788999999291,5.9322738669145565
42.029559999992905,5.934039848667567
42.0312299999929,5.935745649424234
42.0328999999929,5.937451450180845
42.0345699999929,5.9391572509374555
42.036239999992894,5.940863051694123
42.03790999999289,5.942568852450677
42.03957999999289,5.944274653207344
42.041249999992885,5.945980453963955
42.04291999999288,5.947705560903671
42.04458999999288,5.9496380584928374
42.04625999999288,5.951570556082061
42.047929999992874,5.953503053671227
42.04959999999287,5.95543555126045
42.05126999999287,5.957368048849617
42.052939999992866,5.95930054643884
42.05460999999286,5.961233044028006
42.05627999999286,5.963165541617229
42.05794999999286,5.964961538453224
42.059619999992854,5.966667339209835
42.06128999999285,5.968373139966445
42.06295999999285,5.970078940723056
42.064629999992846,5.971784741479723
42.06629999999284,5.973490542236334
42.06796999999284,5.975196342992945
42.06963999999284,5.976902143749555
42.071309999992835,5.978607944506223
42.07297999999283,5.98052973319551
42.07464999999283,5.9824622307847335
42.076319999992826,5.9843947283739
42.07798999999282,5.986327225963123
42.07965999999282,5.988259723552289
42.08132999999282,5.990192221141513
42.082999999992815,5.992124718730679
42.08466999999281,5.994057216319902
42.08633999999281,5.995883228238824
42.088009999992806,5.997589028995435
42.0896799999928,5.9992948297521025
42.0913499999928,6.001000630508713
42.0930199999928,6.002706431265324
42.094689999992795,6.004412232021934
42.09635999999279,6.006118032778545
42.09802999999279,6.0078238335352125
42.09969999999279,6.009529634291766
42.101369999992784,6.011421407898183
42.10303999999278,6.0133539054873495
42.10470999999278,6.015286403076516
42.106379999992775,6.017218900665739
42.10804999999277,6.019151398254905
42.10971999999277,6.021083895844129
42.11138999999277,6.023016393433295
42.113059999992764,6.024948891022518
42.11472999999276,6.026881388611741
42.11639999999276,6.028813886200908
42.118069999992755,6.030746383790131
42.11973999999275,6.032678881379297
42.12140999999275,6.0346113789685205
42.12307999999275,6.036543876557687
42.124749999992744,6.03847637414691
42.12641999999274,6.040408871736076
42.12808999999274,6.0423413693253
42.129759999992736,6.044080201757083
42.13142999999273,6.045786002513751
42.13309999999273,6.0474918032703044
42.13476999999273,6.049197604026972
42.136439999992724,6.050903404783583
42.13810999999272,6.05260920554025
42.13977999999272,6.054315006296804
42.141449999992716,6.0560208070534145
42.14311999999271,6.057773063314414
42.14478999999271,6.059705560903581
42.14645999999271,6.061638058492804
42.148129999992705,6.06357055608197
42.1497999999927,6.0655030536711365
42.1514699999927,6.06743555126036
42.153139999992696,6.069368048849526
42.15480999999269,6.071300546438749
42.15647999999269,6.073233044027916
42.15814999999269,6.0750018915426836
42.159819999992685,6.076707692299294
42.16148999999268,6.078413493055962
42.16315999999268,6.0801192938125155
42.164829999992676,6.081825094569183
42.16649999999267,6.083530895325794
42.16816999999267,6.085236696082461
42.16983999999267,6.086942496839072
42.171509999992665,6.08866473801703
42.17317999999266,6.090597235606197
42.17484999999266,6.092529733195477
42.17651999999266,6.094462230784643
42.178189999992654,6.096394728373809
42.17985999999265,6.098327225963033
42.18152999999265,6.100259723552199
42.183199999992645,6.102192221141422
42.18486999999264,6.1041247187305885
42.18653999999264,6.105923581328284
42.18820999999264,6.107629382084951
42.189879999992634,6.109335182841562
42.19154999999263,6.111040983598173
42.19321999999263,6.112746784354783
42.194889999992625,6.114452585111394
42.19655999999262,6.116158385868005
42.19822999999262,6.117864186624615
42.19989999999262,6.119569987381283
42.201569999992614,6.121488910308813
42.20323999999261,6.123421407897979
42.20490999999261,6.125353905487202
42.206579999992606,6.127286403076425
42.2082499999926,6.129218900665649
42.2099199999926,6.131151398254815
42.2115899999926,6.133083895844038
42.213259999992594,6.1350163934332045
42.21492999999259,6.136948891022428
42.21659999999259,6.138881388611594
42.218269999992586,6.140813886200817
42.21993999999258,6.142746383789984
42.22160999999258,6.144678881379207
42.22327999999258,6.146611378968373
42.224949999992575,6.148543876557596
42.22661999999257,6.15047637414682
42.22828999999257,6.152408871736043
42.229959999992566,6.154120554846543
42.23162999999256,6.155826355603153
42.23329999999256,6.157532156359821
42.23496999999256,6.159237957116375
42.236639999992555,6.160943757873042
42.23830999999255,6.162649558629653
42.23997999999255,6.16435535938632
42.241649999992546,6.166061160142874
42.24331999999254,6.1678405657251005
42.24498999999254,6.169773063314267
42.24665999999254,6.17170556090349
42.248329999992535,6.173638058492713
42.24999999999253,6.1755705560819365
42.25166999999253,6.177503053671103
42.25333999999253,6.179435551260326
42.255009999992524,6.181368048849492
42.25667999999252,6.183300546438659
42.25834999999252,6.1850422446322
42.260019999992515,6.186748045388811
42.26168999999251,6.188453846145478
42.26335999999251,6.190159646902032
42.26502999999251,6.1918654476586426
42.266699999992504,6.19357124841531
42.2683699999925,6.195277049171864
42.2700399999925,6.196982849928531
42.271709999992495,6.1987322404277165
42.27337999999249,6.20066473801694
42.27504999999249,6.202597235606106
42.27671999999249,6.2045297331952725
42.278389999992484,6.206462230784496
42.28005999999248,6.208394728373719
42.28172999999248,6.210327225962942
42.283399999992476,6.212259723552108
42.28506999999247,6.214192221141275
42.28673999999247,6.2159639344178
42.28840999999247,6.217669735174354
42.290079999992464,6.219375535931022
42.29174999999246,6.221081336687632
42.29341999999246,6.222787137444243
42.295089999992456,6.224492938200854
42.29675999999245,6.226198738957521
42.29842999999245,6.227904539714075
42.30009999999245,6.229623915130389
42.301769999992445,6.231556412719556
42.30343999999244,6.233488910308779
42.30510999999244,6.235421407897945
42.306779999992436,6.2373539054871685
42.30844999999243,6.239286403076335
42.31011999999243,6.241218900665558
42.31178999999243,6.243151398254781
42.313459999992425,6.245083895843948
42.31512999999242,6.247016393433171
42.31679999999242,6.248948891022337
42.318469999992416,6.2508813886115036
42.32013999999241,6.252813886200727
42.32180999999241,6.25474638378995
42.32347999999241,6.256678881379173
42.325149999992405,6.2586113789683395
42.3268199999924,6.260543876557563
42.3284899999924,6.2624551071794485
42.3301599999924,6.264160907936059
42.331829999992394,6.26586670869267
42.33349999999239,6.267572509449337
42.33516999999239,6.269278310205891
42.336839999992385,6.270984110962559
42.33850999999238,6.272689911719169
42.34017999999238,6.27439571247578
42.34184999999238,6.2761015132323905
42.343519999992374,6.277908068135844
42.34518999999237,6.27984056572501
42.34685999999237,6.281773063314176
42.348529999992365,6.2837055609034
42.35019999999236,6.285638058492566
42.35186999999236,6.287570556081789
42.35353999999236,6.289503053671012
42.355209999992354,6.291435551260179
42.35687999999235,6.293368048849402
42.35854999999235,6.29508259772166
42.360219999992346,6.29678839847827
42.36188999999234,6.298494199234881
42.36355999999234,6.3001999999914915
42.36522999999234,6.301905800748102
42.366899999992334,6.303611601504713
42.36856999999233,6.30531740226138
42.37023999999233,6.307023203017934
42.371909999992326,6.308799742838346
42.37357999999232,6.310732240427626
42.37524999999232,6.312664738016792
42.37691999999232,6.314597235606016
42.378589999992315,6.316529733195182
42.38025999999231,6.318462230784405
42.38192999999231,6.3203947283735715
42.383599999992306,6.322327225962795
42.3852699999923,6.324259723552018
42.3869399999923,6.32600428750726
42.3886099999923,6.327710088263871
42.390279999992295,6.329415889020538
42.39194999999229,6.331121689777092
42.39361999999229,6.332827490533759
42.395289999992286,6.33453329129037
42.39695999999228,6.3362390920470375
42.39862999999228,6.337944892803648
42.40029999999228,6.339691417541076
42.401969999992275,6.341623915130299
42.40363999999227,6.343556412719465
42.40530999999227,6.3454889103086884
42.40697999999227,6.347421407897855
42.408649999992264,6.349353905487078
42.41031999999226,6.351286403076244
42.41198999999226,6.353218900665468
42.413659999992255,6.355151398254634
42.41532999999225,6.357083895843914
42.41699999999225,6.35901639343308
42.41866999999225,6.3609488910223035
42.420339999992244,6.36288138861147
42.42200999999224,6.364813886200693
42.42367999999224,6.3667463837898595
42.425349999992235,6.368678881379083
42.42701999999223,6.370611378968306
42.42868999999223,6.372495460268908
42.43035999999223,6.374201261025519
42.432029999992224,6.375907061782129
42.43369999999222,6.377612862538797
42.43536999999222,6.379318663295351
42.437039999992216,6.381024464051961
42.43870999999221,6.382730264808629
42.44037999999221,6.384436065565183
42.44204999999221,6.38614186632185
42.443719999992204,6.387975570546473
42.4453899999922,6.3899080681356395
42.4470599999922,6.3918405657249195
42.448729999992196,6.393773063314086
42.45039999999219,6.395705560903309
42.45206999999219,6.3976380584924755
42.45373999999219,6.399570556081642
42.455409999992185,6.401503053670865
42.45707999999218,6.403417150054452
42.45874999999218,6.405122950811119
42.460419999992176,6.40682875156773
42.46208999999217,6.408534552324397
42.46375999999217,6.410240353080951
42.46542999999217,6.411946153837619
42.467099999992165,6.413651954594229
42.46876999999216,6.415357755350897
42.47043999999216,6.4170635561074505
42.472109999992156,6.418867245249203
42.47377999999215,6.420799742838369
42.47544999999215,6.422732240427592
42.47711999999215,6.424664738016759
42.478789999992145,6.426597235605982
42.48045999999214,6.428529733195148
42.48212999999214,6.430462230784315
42.48379999999214,6.432394728373538
42.485469999992134,6.434327225962704
42.48713999999213,6.4360446405967195
42.48880999999213,6.43775044135333
42.490479999992125,6.439456242109941
42.49214999999212,6.441162042866608
42.49381999999212,6.442867843623162
42.49548999999212,6.44457364437983
42.497159999992114,6.44627944513644
42.49882999999211,6.447985245893108
42.50049999999211,6.449758919951819
42.502169999992105,6.451691417541042
42.5038399999921,6.453623915130208
42.5055099999921,6.455556412719432
42.5071799999921,6.457488910308598
42.508849999992094,6.459421407897821
42.51051999999209,6.4613539054869875
42.51218999999209,6.463286403076211
42.513859999992086,6.465218900665377
42.51552999999208,6.467151398254543
42.51719999999208,6.469083895843767
42.51886999999208,6.471016393432933
42.520539999992074,6.472948891022213
42.52220999999207,6.474881388611379
42.52387999999207,6.476813886200546
42.525549999992066,6.478746383789769
42.52721999999206,6.480678881378935
42.52888999999206,6.482535813358368
42.53055999999206,6.484241614114978
42.532229999992055,6.485947414871646
42.53389999999205,6.4876532156282
42.53556999999205,6.48935901638481
42.537239999992046,6.491064817141478
42.53890999999204,6.492770617898088
42.54057999999204,6.494476418654756
42.54224999999204,6.49618221941131
42.543919999992035,6.498043072957216
42.54558999999203,6.4999755705464395
42.54725999999203,6.501908068135606
42.548929999992026,6.503840565724829
42.55059999999202,6.505773063313995
42.55226999999202,6.507705560903219
42.55393999999202,6.509638058492442
42.555609999992015,6.511570556081608
42.55727999999201,6.513457503144025
42.55894999999201,6.515163303900579
42.56061999999201,6.516869104657189
42.562289999992004,6.518574905413857
42.563959999992,6.5202807061704675
42.565629999992,6.521986506927078
42.567299999991995,6.523692307683689
42.56896999999199,6.525398108440299
42.57063999999199,6.527103909196967
42.57230999999199,6.528934747659889
42.573979999991984,6.530867245249112
42.57564999999198,6.532799742838279
42.57731999999198,6.534732240427502
42.578989999991975,6.536664738016668
42.58065999999197,6.5385972356058915
42.58232999999197,6.540529733195058
42.58399999999197,6.542462230784281
42.585669999991964,6.5443791929295685
42.58733999999196,6.546084993686236
42.58900999999196,6.54779079444279
42.590679999991956,6.549496595199457
42.59234999999195,6.551202395956068
42.59401999999195,6.552908196712735
42.59568999999195,6.554613997469346
42.597359999991944,6.5563197982259
42.59902999999194,6.558025598982567
42.60069999999194,6.559826422362505
42.602369999991936,6.561758919951785
42.60403999999193,6.5636914175409515
42.60570999999193,6.565623915130118
42.60737999999193,6.567556412719341
42.609049999991925,6.5694889103085075
42.61071999999192,6.571421407897731
42.61238999999192,6.573353905486897
42.614059999991916,6.57528640307612
42.61572999999191,6.577218900665343
42.61739999999191,6.57915139825451
42.61906999999191,6.581083895843733
42.620739999991905,6.583016393432899
42.6224099999919,6.584948891022066
42.6240799999919,6.586881388611289
42.625749999991896,6.588813886200455
42.62741999999189,6.5907463837896785
42.62908999999189,6.5925761664477704
42.63075999999189,6.594281967204438
42.632429999991885,6.595987767961049
42.63409999999188,6.597693568717716
42.63576999999188,6.599399369474327
42.63743999999188,6.601105170230937
42.639109999991874,6.602810970987548
42.64077999999187,6.6045167717442155
42.64244999999187,6.606222572500826
42.644119999991865,6.608110575367959
42.64578999999186,6.610043072957126
42.64745999999186,6.611975570546349
42.64912999999186,6.613908068135515
42.650799999991854,6.6158405657247386
42.65246999999185,6.617773063313962
42.65413999999185,6.619705560903128
42.655809999991845,6.621638058492351
42.65747999999184,6.623497856233428
42.65914999999184,6.625203656990038
42.66081999999184,6.626909457746649
42.662489999991834,6.62861525850326
42.66415999999183,6.630321059259927
42.66582999999183,6.632026860016538
42.667499999991826,6.633732660773148
42.66916999999182,6.635438461529759
42.67083999999182,6.6371442622864265
42.67250999999182,6.639002250070575
42.674179999991814,6.640934747659799
42.67584999999181,6.642867245249022
42.67751999999181,6.644799742838245
42.679189999991806,6.646732240427411
42.6808599999918,6.648664738016635
42.6825299999918,6.650597235605801
42.6841999999918,6.652529733195024
42.685869999991795,6.654419546019085
42.68753999999179,6.656125346775696
42.68920999999179,6.657831147532363
42.690879999991786,6.659536948288917
42.69254999999178,6.661242749045584
42.69421999999178,6.662948549802138
42.69588999999178,6.664654350558749
42.697559999991775,6.666360151315416
42.69922999999177,6.66806595207197
42.70089999999177,6.669893924773248
42.702569999991766,6.671826422362415
42.70423999999176,6.673758919951581
42.70590999999176,6.675691417540804
42.70757999999176,6.677623915130027
42.709249999991755,6.679556412719251
42.71091999999175,6.681488910308417
42.71258999999175,6.683421407897583
42.71425999999175,6.6853539054868065
42.715929999991744,6.68728640307603
42.71759999999174,6.689218900665196
42.71926999999174,6.691151398254419
42.720939999991735,6.693083895843586
42.72260999999173,6.695016393432809
42.72427999999173,6.696948891021975
42.72594999999173,6.698881388611198
42.727619999991724,6.700813886200365
42.72928999999172,6.702616519537344
42.73095999999172,6.704322320293954
42.732629999991715,6.706028121050508
42.73429999999171,6.707733921807176
42.73596999999171,6.709439722563786
42.73763999999171,6.711145523320454
42.739309999991704,6.712851324077008
42.7409799999917,6.714557124833618
42.7426499999917,6.716262925590286
42.744319999991696,6.718178077778646
42.74598999999169,6.720110575367869
42.74765999999169,6.722043072957035
42.74932999999169,6.723975570546315
42.750999999991684,6.725908068135482
42.75266999999168,6.727840565724705
42.75433999999168,6.729773063313871
42.756009999991676,6.7317055609030945
42.75767999999167,6.733538209322944
42.75934999999167,6.735244010079612
42.76101999999167,6.736949810836165
42.762689999991665,6.738655611592833
42.76435999999166,6.7403614123494435
42.76602999999166,6.742067213105997
42.767699999991656,6.743773013862665
42.76936999999165,6.7454788146192755
42.77103999999165,6.747184615375886
42.77270999999165,6.749069752481319
42.774379999991645,6.751002250070485
42.77604999999164,6.752934747659708
42.77771999999164,6.7548672452488745
42.779389999991636,6.756799742838098
42.78105999999163,6.758732240427321
42.78272999999163,6.760664738016544
42.78439999999163,6.7625972356057105
42.786069999991625,6.764459899108488
42.78773999999162,6.766165699865155
42.78940999999162,6.767871500621766
42.79107999999162,6.769577301378376
42.792749999991614,6.771283102134987
42.79441999999161,6.772988902891598
42.79608999999161,6.774694703648208
42.797759999991605,6.776400504404819
42.7994299999916,6.7781063051614865
42.8010999999916,6.779961427183935
42.8027699999916,6.781893924773158
42.804439999991594,6.783826422362324
42.80610999999159,6.785758919951547
42.80777999999159,6.787691417540714
42.809449999991585,6.789623915129937
42.81111999999158,6.791556412719103
42.81278999999158,6.793488910308383
42.81445999999158,6.79542140789755
42.816129999991574,6.797353905486773
42.81779999999157,6.799286403075939
42.81946999999157,6.801218900665106
42.821139999991566,6.803151398254329
42.82280999999156,6.805083895843495
42.82447999999156,6.807016393432775
42.82614999999156,6.808948891021942
42.827819999991554,6.810881388611108
42.82948999999155,6.812656872626803
42.83115999999155,6.814362673383414
42.832829999991546,6.816068474140025
42.83449999999154,6.817774274896635
42.83616999999154,6.819480075653303
42.83783999999154,6.8211858764098565
42.839509999991535,6.822891677166524
42.84117999999153,6.824597477923135
42.84284999999153,6.8263130826002225
42.844519999991526,6.828245580189389
42.84618999999152,6.830178077778612
42.84785999999152,6.832110575367778
42.84952999999152,6.834043072957002
42.851199999991515,6.835975570546168
42.85286999999151,6.837908068135391
42.85453999999151,6.839840565724614
42.856209999991506,6.841773063313781
42.8578799999915,6.843578562412404
42.8595499999915,6.845284363169014
42.8612199999915,6.846990163925682
42.862889999991495,6.848695964682236
42.86455999999149,6.850401765438846
42.86622999999149,6.852107566195514
42.86789999999149,6.8538133669520676
42.869569999991484,6.855519167708735
42.87123999999148,6.857224968465346
42.87290999999148,6.859137254891948
42.874579999991475,6.861069752481228
42.87624999999147,6.863002250070394
42.87791999999147,6.864934747659618
42.87958999999147,6.866867245248784
42.881259999991464,6.868799742838007
42.88292999999146,6.870732240427174
42.88459999999146,6.872664738016397
42.886269999991455,6.874500252198004
42.88793999999145,6.876206052954672
42.88960999999145,6.877911853711225
42.89127999999145,6.879617654467893
42.892949999991444,6.8813234552245035
42.89461999999144,6.883029255981171
42.89628999999144,6.884735056737725
42.897959999991436,6.886440857494392
42.89962999999143,6.888146658251003
42.90129999999143,6.890028929594678
42.90296999999143,6.891961427183901
42.904639999991424,6.893893924773067
42.90630999999142,6.8958264223622905
42.90797999999142,6.897758919951457
42.909649999991416,6.899691417540623
42.91131999999141,6.901623915129846
42.91298999999141,6.903556412719013
42.91465999999141,6.905488910308236
42.916329999991405,6.907421407897459
42.9179999999914,6.909353905486682
42.9196699999914,6.911286403075849
42.921339999991396,6.913218900665072
42.92300999999139,6.915151398254238
42.92467999999139,6.9170838958434615
42.92634999999139,6.919016393432628
42.928019999991385,6.920948891021908
42.92968999999138,6.922697225716263
42.93135999999138,6.92440302647293
42.933029999991376,6.926108827229541
42.93469999999137,6.927814627986152
42.93636999999137,6.929520428742762
42.93803999999137,6.931226229499373
42.939709999991365,6.932932030255984
42.94137999999136,6.934637831012594
42.94304999999136,6.936380585010909
42.94471999999136,6.938313082600075
42.946389999991354,6.9402455801892415
42.94805999999135,6.942178077778522
42.94972999999135,6.944110575367688
42.951399999991345,6.946043072956911
42.95306999999134,6.9479755705460775
42.95473999999134,6.949908068135244
42.95640999999134,6.951840565724467
42.958079999991334,6.953618915501863
42.95974999999133,6.955324716258474
42.96141999999133,6.957030517015085
42.963089999991325,6.958736317771695
42.96475999999132,6.960442118528363
42.96642999999132,6.962147919284973
42.96809999999132,6.963853720041584
42.969769999991314,6.965559520798195
42.97143999999131,6.967272259713582
42.97310999999131,6.969204757302748
42.974779999991306,6.971137254891971
42.9764499999913,6.973069752481138
42.9781199999913,6.975002250070361
42.9797899999913,6.976934747659527
42.981459999991294,6.97886724524875
42.98312999999129,6.9808332700714
42.98479999999129,6.98292473117192
42.986469999991286,6.984892059543654
42.98813999999128,6.986756823811675
42.98980999999128,6.9886215880796385
42.99147999999128,6.990486352347602
42.993149999991275,6.992351116615623
42.99481999999127,6.994215880883587
42.99648999999127,6.996080645151608
42.998159999991266,6.9979454094196285
42.99982999999126,6.9998101736875356
43.00149999999126,6.999796380091595
43.00316999999126,6.99956968325904
43.004839999991255,6.99934298642637
43.00650999999125,6.999116289593815
43.00817999999125,6.998889592761259
43.009849999991246,6.998662895928646
43.01151999999124,6.998436199096091
43.01318999999124,6.998209502263535
43.01485999999124,6.997982805430922
43.016529999991235,6.997756108598367
43.01819999999123,6.997529411765811
43.01986999999123,6.997302714933255
43.02153999999123,6.997076018100643
43.023209999991224,6.996849321268087
43.02487999999122,6.996622624435474
43.02654999999122,6.996395927602919
43.028219999991215,6.996169230770306
43.02988999999121,6.996153846153788
43.03155999999121,6.996153846153788
43.03322999999121,6.996153846153788
43.034899999991204,6.996153846153788
43.0365699999912,6.996153846153788
43.0382399999912,6.996153846153788
43.039909999991195,6.996153846153788
43.04157999999119,6.996153846153788
43.04324999999119,6.996089743590858
43.04491999999119,6.995863046758302
43.046589999991184,6.9956363499256895
43.04825999999118,6.995409653093077
43.04992999999118,6.995182956260521
43.051599999991176,6.9949562594279655
43.05326999999117,6.994729562595353
43.05493999999117,6.994502865762797
43.05660999999117,6.9942761689302415
43.058279999991164,6.994230769230683
43.05994999999116,6.994230769230683
43.06161999999116,6.9942307692307395
43.063289999991156,6.9942307692307395
43.06495999999115,6.9942307692307395
43.06662999999115,6.994230769230683
43.06829999999115,6.9942307692307395
43.069969999991145,6.9942307692307395
43.07163999999114,6.994196681750793
43.07330999999114,6.993827894933872
43.074979999991136,6.993383055866161
43.07664999999113,6.99293821679845
43.07831999999113,6.992493377730739
43.07998999999113,6.992048538663028
43.081659999991125,6.991603699595373
43.08332999999112,6.991158860527662
43.08499999999112,6.990714021459951
43.086669999991116,6.990420464442309
43.08833999999111,6.990384615384528
43.09000999999111,6.990384615384528
43.09167999999111,6.990384615384585
43.093349999991105,6.990384615384585
43.0950199999911,6.990384615384528
43.0966899999911,6.990384615384528
43.0983599999911,6.990384615384528
43.100029999991094,6.990380542987566
43.10169999999109,6.99015384615501
43.10336999999109,6.989927149322398
43.105039999991085,6.989700452489842
43.10670999999108,6.9894737556572295
43.10837999999108,6.989247058824674
43.11004999999108,6.989020361992061
43.111719999991074,6.9887936651595055
43.11338999999107,6.98856696832695
43.11505999999107,6.988340271494394
43.116729999991065,6.988113574661838
43.11839999999106,6.987886877829226
43.12006999999106,6.98766018099667
43.12173999999106,6.9874334841640575
43.123409999991054,6.987206787331502
43.12507999999105,6.986980090498946
43.12674999999105,6.9867533936663335
43.128419999991046,6.98653846153843
43.13008999999104,6.98653846153843
43.13175999999104,6.986538461538487
43.13342999999104,6.98653846153843
43.135099999991034,6.98653846153843
43.13676999999103,6.98653846153843
43.13843999999103,6.98653846153843
43.140109999991026,6.98653846153843
43.14177999999102,6.98653846153843
43.14344999999102,6.986447209654273
43.14511999999102,6.986220512821717
43.146789999991014,6.985993815989104
43.14845999999101,6.985767119156549
43.15012999999101,6.985540422323993
43.151799999991006,6.98531372549138
43.153469999991,6.985087028658825
43.155139999991,6.984860331826269
43.156809999991,6.984633634993656
43.158479999990995,6.984615384615381
43.16014999999099,6.984486937591839
43.16181999999099,6.984268795356684
43.163489999990986,6.984050653121642
43.16515999999098,6.9838325108864865
43.16682999999098,6.983614368651331
43.16849999999098,6.983396226416232
43.170169999990975,6.983178084181134
43.17183999999097,6.982898705144748
43.17350999999097,6.982453866077037
43.17517999999097,6.982177677225934
43.176849999990964,6.9819509803933215
43.17851999999096,6.981724283560766
43.18018999999096,6.981497586728153
43.181859999990955,6.9812708898955975
43.18352999999095,6.981044193063042
43.18519999999095,6.980817496230429
43.18686999999095,6.980769230769226
43.188539999990944,6.980769230769226
43.19020999999094,6.980769230769226
43.19187999999094,6.980769230769226
43.193549999990935,6.980769230769226
43.19521999999093,6.980769230769226
43.19688999999093,6.980769230769226
43.19855999999093,6.980769230769226
43.200229999990924,6.980738009050981
43.20189999999092,6.980511312218368
43.20356999999092,6.980284615385813
43.205239999990916,6.980057918553257
43.20690999999091,6.979831221720644
43.20857999999091,6.979604524888089
43.21024999999091,6.979377828055533
43.211919999990904,6.97915113122292
43.2135899999909,6.978924434390365
43.2152599999909,6.978697737557752
43.216929999990896,6.978471040725196
43.21859999999089,6.978244343892641
43.22026999999089,6.978017647060028
43.22193999999089,6.977790950227472
43.223609999990884,6.977564253394917
43.22527999999088,6.977337556562304
43.22694999999088,6.977110859729748
43.228619999990876,6.9769230769231285
43.23028999999087,6.976923076923072
43.23195999999087,6.976923076923072
43.23362999999087,6.976923076923072
43.235299999990865,6.9769230769231285
43.23696999999086,6.976923076923072
43.23863999999086,6.976923076923072
43.240309999990856,6.976923076923072
43.24197999999085,6.9769230769231285
43.24364999999085,6.976804675717688
43.24531999999085,6.976577978885075
43.246989999990845,6.976236477989858
43.24865999999084,6.975791638922146
43.25032999999084,6.975346799854435
43.251999999990836,6.974901960786724
43.253669999990834,6.974457121719013
43.25533999999083,6.974012282651302
43.25700999999083,6.973576342526542
43.258679999990825,6.9733582002915
43.26034999999082,6.9731400580563445
43.26201999999082,6.973076923076917
43.26368999999082,6.973076923076974
43.265359999990814,6.973076923076917
43.26702999999081,6.973076923076917
43.26869999999081,6.973076923076974
43.270369999990805,6.973076923076917
43.2720399999908,6.972988536954517
43.2737099999908,6.972761840121905
43.2753799999908,6.972535143289292
43.277049999990794,6.972308446456736
43.27871999999079,6.972081749624181
43.28038999999079,6.971855052791625
43.282059999990786,6.971628355959012
43.28372999999078,6.971401659126457
43.28539999999078,6.971174962293844
43.28706999999078,6.971153846153868
43.288739999990774,6.971153846153868
43.29040999999077,6.971153846153868
43.29207999999077,6.971153846153868
43.293749999990766,6.971153846153868
43.29541999999076,6.971153846153868
43.29708999999076,6.971153846153868
43.29875999999076,6.971153846153868
43.300429999990754,6.971095475114396
43.30209999999075,6.97086877828184
43.30376999999075,6.970642081449228
43.305439999990746,6.970415384616615
43.30710999999074,6.970188687784059
43.30877999999074,6.969961990951504
43.31044999999074,6.969735294118891
43.312119999990735,6.969508597286335
43.31378999999073,6.96928190045378
43.31545999999073,6.969055203621224
43.317129999990726,6.968828506788611
43.31879999999072,6.968577136517467
43.32046999999072,6.968132297449756
43.32213999999072,6.967687458382045
43.323809999990715,6.967242619314334
43.32547999999071,6.966797780246679
43.32714999999071,6.966352941178911
43.328819999990706,6.9659741654584195
43.330489999990704,6.965756023223321
43.3321599999907,6.965537880988165
43.3338299999907,6.965384615384664
43.335499999990695,6.965384615384664
43.33716999999069,6.965384615384664
43.33883999999069,6.965384615384664
43.34050999999069,6.965384615384664
43.342179999990684,6.965384615384664
43.34384999999068,6.965239064857997
43.34551999999068,6.965012368025441
43.347189999990675,6.964785671192828
43.34885999999067,6.964558974360216
43.35052999999067,6.96433227752766
43.35219999999067,6.964105580695104
43.353869999990664,6.963878883862549
43.35553999999066,6.963652187029936
43.35720999999066,6.963461538461559
43.358879999990656,6.963461538461615
43.36054999999065,6.963461538461615
43.36221999999065,6.963461538461615
43.36388999999065,6.963461538461615
43.365559999990644,6.963461538461615
43.36722999999064,6.963461538461559
43.36889999999064,6.963461538461615
43.370569999990636,6.963461538461615
43.37223999999063,6.963346003017875
43.37390999999063,6.96311930618532
43.37557999999063,6.962892609352764
43.377249999990624,6.962665912520151
43.37891999999062,6.962439215687539
43.38058999999062,6.962212518854983
43.382259999990616,6.961985822022427
43.38392999999061,6.961759125189872
43.38559999999061,6.96153846153851
43.38726999999061,6.96153846153851
43.388939999990605,6.96153846153851
43.3906099999906,6.96153846153851
43.3922799999906,6.96153846153851
43.393949999990596,6.96153846153851
43.39561999999059,6.96153846153851
43.39728999999059,6.96153846153851
43.39895999999059,6.9615384615385665
43.400629999990585,6.961452941177754
43.40229999999058,6.961226244345198
43.40396999999058,6.9609995475126425
43.405639999990576,6.960761820202322
43.407309999990574,6.960316981134611
43.40897999999057,6.959872142066899
43.41064999999057,6.959427302999245
43.412319999990565,6.958982463931534
43.41398999999056,6.958537624863823
43.41565999999056,6.9580927857961115
43.41732999999056,6.9576479467284
43.418999999990554,6.957203107660689
43.42066999999055,6.956809502263752
43.42233999999055,6.95658280543114
43.424009999990545,6.956356108598584
43.42567999999054,6.956129411766028
43.42734999999054,6.9559027149334725
43.42901999999054,6.955769230769249
43.430689999990534,6.955769230769306
43.43235999999053,6.955769230769306
43.43402999999053,6.955769230769306
43.435699999990526,6.955769230769363
43.43736999999052,6.955769230769306
43.43903999999052,6.955769230769306
43.44070999999052,6.955769230769363
43.442379999990514,6.955769230769306
43.44404999999051,6.955596530921412
43.44571999999051,6.955369834088799
43.447389999990506,6.955143137256243
43.4490599999905,6.954916440423688
43.4507299999905,6.954689743591132
43.4523999999905,6.9544630467584625
43.454069999990494,6.954236349925907
43.45573999999049,6.954009653093351
43.45740999999049,6.953846153846257
43.459079999990486,6.9538461538462
43.46074999999048,6.9538461538462
43.46241999999048,6.953846153846257
43.46408999999048,6.953846153846257
43.465759999990475,6.953846153846257
43.46742999999047,6.9538461538462
43.46909999999047,6.9538461538462
43.470769999990466,6.953846153846257
43.47243999999046,6.95370346908129
43.47410999999046,6.953476772248678
43.47577999999046,6.953250075416122
43.477449999990455,6.953023378583566
43.47911999999045,6.9527966817510105
43.48078999999045,6.952569984918398
43.482459999990446,6.952343288085842
43.484129999990444,6.9521165912532865
43.48579999999044,6.951923076923151
43.48746999999044,6.951923076923208
43.489139999990435,6.951923076923208
43.49080999999043,6.951923076923151
43.49247999999043,6.951923076923151
43.49414999999043,6.951707547171168
43.495819999990424,6.951489404936012
43.49748999999042,6.951271262700857
43.49915999999042,6.951053120465758
43.500829999990415,6.950722308548677
43.50249999999041,6.950277469480966
43.50416999999041,6.949832630413312
43.50583999999041,6.9493877913456
43.507509999990404,6.94898054298784
43.5091799999904,6.9487538461552845
43.5108499999904,6.948527149322672
43.512519999990396,6.948300452490059
43.51418999999039,6.948073755657504
43.51585999999039,6.947847058824891
43.51752999999039,6.947620361992335
43.519199999990384,6.94739366515978
43.52086999999038,6.947166968327167
43.52253999999038,6.946940271494611
43.524209999990376,6.946713574662056
43.52587999999037,6.946486877829386
43.52754999999037,6.9462601809968305
43.52921999999037,6.946153846153948
43.530889999990364,6.946153846153948
43.53255999999036,6.946153846153948
43.53422999999036,6.946153846153948
43.535899999990356,6.946153846153948
43.53756999999035,6.946153846153948
43.53923999999035,6.946153846153948
43.54090999999035,6.946153846153891
43.542579999990345,6.946153846153948
43.54424999999034,6.9459539969848265
43.54591999999034,6.945727300152271
43.547589999990336,6.945500603319715
43.54925999999033,6.9452739064871025
43.55092999999033,6.945047209654547
43.55259999999033,6.944820512821991
43.554269999990325,6.9445938159893785
43.55593999999032,6.944367119156766
43.55760999999032,6.9442307692309555
43.559279999990316,6.944230769230899
43.560949999990314,6.944230769230899
43.56261999999031,6.944230769230899
43.56428999999031,6.944230769230842
43.565959999990305,6.944230769230899
43.5676299999903,6.944230769230899
43.5692999999903,6.944230769230899
43.5709699999903,6.944230769230842
43.572639999990294,6.944060935144705
43.57430999999029,6.943834238312149
43.57597999999029,6.943607541479594
43.577649999990285,6.943380844647038
43.57931999999028,6.943154147814425
43.58098999999028,6.942725564190653
43.58265999999028,6.9422807251229415
43.584329999990274,6.94183588605523
43.58599999999027,6.94145137881128
43.58766999999027,6.9412332365761245
43.589339999990266,6.941015094341026
43.59100999999026,6.94079695210587
43.59267999999026,6.940578809870715
43.59434999999026,6.940384615384687
43.596019999990254,6.940384615384744
43.59768999999025,6.940384615384744
43.59935999999025,6.940384615384744
43.601029999990246,6.940244796381478
43.60269999999024,6.940018099548922
43.60436999999024,6.9397914027163665
43.60603999999024,6.939564705883811
43.607709999990234,6.939338009051141
43.60937999999023,6.939111312218586
43.61104999999023,6.93888461538603
43.612719999990226,6.938657918553474
43.61438999999022,6.9384312217209185
43.61605999999022,6.938204524888306
43.61772999999022,6.93797782805575
43.619399999990215,6.9377511312231945
43.62106999999021,6.937524434390639
43.62273999999021,6.937297737558026
43.624409999990206,6.9370710407254705
43.6260799999902,6.936844343892915
43.6277499999902,6.936617647060302
43.6294199999902,6.936538461538646
43.631089999990195,6.936538461538646
43.63275999999019,6.936538461538589
43.63442999999019,6.936538461538589
43.636099999990186,6.936538461538646
43.637769999990184,6.936538461538589
43.63943999999018,6.936538461538589
43.64110999999018,6.936538461538589
43.642779999990175,6.936538159880797
43.64444999999017,6.936311463048185
43.64611999999017,6.936084766215629
43.64778999999017,6.935858069383073
43.649459999990164,6.935631372550517
43.65112999999016,6.935404675717962
43.65279999999016,6.9350662227182625
43.654469999990155,6.934621383650551
43.65613999999015,6.93417654458284
43.65780999999015,6.933849201743101
43.65947999999015,6.933631059507945
43.661149999990144,6.933412917272847
43.66281999999014,6.933194775037691
43.66448999999014,6.932976632802536
43.666159999990136,6.932758490567437
43.66782999999013,6.9326923076924345
43.66949999999013,6.9326923076924345
43.67116999999013,6.9326923076924345
43.672839999990124,6.932495324285014
43.67450999999012,6.932268627452402
43.67617999999012,6.932041930619846
43.677849999990116,6.93181523378729
43.67951999999011,6.9315885369547345
43.68118999999011,6.931361840122122
43.68285999999011,6.931135143289509
43.684529999990104,6.930908446456954
43.6861999999901,6.930769230769386
43.6878699999901,6.930769230769386
43.689539999990096,6.930769230769386
43.69120999999009,6.930769230769386
43.69287999999009,6.930769230769386
43.69454999999009,6.930769230769442
43.696219999990085,6.930769230769386
43.69788999999008,6.930769230769386
43.69955999999008,6.930769230769442
43.701229999990076,6.930602262444893
43.70289999999007,6.930375565612337
43.70456999999007,6.930148868779781
43.70623999999007,6.929922171947169
43.707909999990065,6.929695475114613
43.70957999999006,6.929468778282057
43.71124999999006,6.929242081449445
43.712919999990056,6.929015384616832
43.714589999990054,6.928788687784277
43.71625999999005,6.928561990951721
43.71792999999005,6.928335294119165
43.719599999990045,6.928108597286553
43.72126999999004,6.927881900453997
43.72293999999004,6.927655203621441
43.72460999999004,6.927428506788885
43.726279999990034,6.927201809956273
43.72794999999003,6.926975113123717
43.72961999999003,6.926923076923288
43.731289999990025,6.926923076923288
43.73295999999002,6.926923076923288
43.73462999999002,6.926923076923288
43.73629999999002,6.926923076923231
43.737969999990014,6.926923076923231
43.73963999999001,6.926824963717024
43.74130999999001,6.926606821481869
43.742979999990006,6.9263612282676945
43.74464999999,6.925916389199983
43.74631999999,6.925471550132272
43.74798999999,6.925026711064561
43.749659999989994,6.92458187199685
43.75132999998999,6.924137032929195
43.75299999998999,6.923692193861484
43.754669999989986,6.9233856711931026
43.75633999998998,6.923158974360433
43.75800999998998,6.923076923077076
43.75967999998998,6.923076923077076
43.761349999989974,6.923076923077133
43.76301999998997,6.923076923077076
43.76468999998997,6.923076923077076
43.766359999989966,6.923076923077133
43.76802999998996,6.923076923077133
43.76969999998996,6.923076923077076
43.77136999998996,6.923076923077133
43.773039999989955,6.922852790348486
43.77470999998995,6.922626093515817
43.77637999998995,6.922399396683261
43.778049999989946,6.922172699850705
43.77971999998994,6.921946003018093
43.78138999998994,6.921719306185537
43.78305999998994,6.921492609352981
43.784729999989935,6.9212659125204254
43.78639999998993,6.921153846154027
43.78806999998993,6.921153846154027
43.789739999989926,6.921153846154027
43.791409999989924,6.921153846154084
43.79307999998992,6.921153846154027
43.79474999998992,6.921153846154027
43.796419999989915,6.921153846154084
43.79808999998991,6.921153846154084
43.79975999998991,6.921153846154027
43.80142999998991,6.920959728508365
43.803099999989904,6.920733031675809
43.8047699999899,6.920506334843196
43.8064399999899,6.920279638010584
43.808109999989895,6.920052941178028
43.80977999998989,6.9198262443454155
43.81144999998989,6.91959954751286
43.81311999998989,6.919372850680304
43.814789999989884,6.919146153847748
43.81645999998988,6.918919457015136
43.81812999998988,6.918692760182523
43.819799999989876,6.9184660633499675
43.82146999998987,6.918239366517412
43.82313999998987,6.918012669684799
43.82480999998987,6.9177859728522435
43.826479999989864,6.917474805774248
43.82814999998986,6.9170299667065365
43.82981999998986,6.916786937592235
43.831489999989856,6.91656879535708
43.83315999998985,6.916350653121981
43.83482999998985,6.916132510886882
43.83649999998985,6.915914368651784
43.838169999989844,6.915696226416628
43.83983999998984,6.915478084181473
43.84150999998984,6.91538461538488
43.843179999989836,6.915330015084578
43.84484999998983,6.9151033182519654
43.84651999998983,6.91487662141941
43.84818999998983,6.91464992458674
43.849859999989825,6.914423227754185
43.85152999998982,6.914196530921629
43.85319999998982,6.913969834089016
43.854869999989816,6.913743137256461
43.85653999998981,6.913516440423905
43.85820999998981,6.913461538461775
43.85987999998981,6.913461538461718
43.861549999989805,6.913461538461718
43.8632199999898,6.913461538461775
43.8648899999898,6.913461538461775
43.866559999989796,6.913461538461775
43.868229999989794,6.913461538461775
43.86989999998979,6.913461538461775
43.87156999998979,6.913436953244457
43.873239999989785,6.913210256411844
43.87490999998978,6.912983559579288
43.87657999998978,6.912756862746733
43.87824999998978,6.91253016591412
43.879919999989774,6.9123034690815075
43.88158999998977,6.912076772248952
43.88325999998977,6.911850075416339
43.884929999989765,6.9116233785837835
43.88659999998976,6.911538461538669
43.88826999998976,6.911538461538726
43.88993999998976,6.911538461538669
43.891609999989754,6.911538461538669
43.89327999998975,6.911538461538669
43.89494999998975,6.911538461538669
43.896619999989746,6.911538461538726
43.89828999998974,6.911538461538669
43.89995999998974,6.911538461538669
43.90162999998974,6.911317194571723
43.903299999989734,6.911090497739167
43.90496999998973,6.910863800906554
43.90663999998973,6.910637104073999
43.908309999989726,6.910410407241443
43.90997999998972,6.910183710408887
43.91164999998972,6.9099570135763315
43.91331999998972,6.909659489459159
43.914989999989714,6.909214650391448
43.91665999998971,6.908769811323737
43.91832999998971,6.908324972256025
43.919999999989706,6.907880133188314
43.9216699999897,6.907435294120603
43.9233399999897,6.906990455052892
43.9250099999897,6.906545615985181
43.926679999989695,6.906100776917469
43.92834999998969,6.905769230769465
43.93001999998969,6.905769230769465
43.931689999989686,6.905769230769465
43.93335999998968,6.905769230769522
43.93502999998968,6.905769230769465
43.93669999998968,6.905769230769465
43.938369999989675,6.905769230769522
43.94003999998967,6.905769230769522
43.94170999998967,6.905769230769465
43.943379999989666,6.905687481147936
43.94504999998966,6.90546078431538
43.94671999998966,6.905234087482768
43.94838999998966,6.905007390650212
43.950059999989655,6.904780693817656
43.95172999998965,6.904553996985044
43.95339999998965,6.904327300152431
43.95506999998965,6.9041006033198755
43.956739999989644,6.903873906487263
43.95840999998964,6.903846153846359
43.96007999998964,6.903846153846416
43.961749999989635,6.903846153846416
43.96341999998963,6.903846153846416
43.96508999998963,6.903846153846359
43.96675999998963,6.903846153846359
43.968429999989624,6.903846153846416
43.97009999998962,6.903846153846416
43.97176999998962,6.903794419307815
43.973439999989616,6.903567722475259
43.97510999998961,6.903341025642703
43.97677999998961,6.9031143288101475
43.97844999998961,6.902887631977535
43.980119999989604,6.902660935144922
43.9817899999896,6.902434238312367
43.9834599999896,6.902207541479811
43.985129999989596,6.901980844647255
43.98679999998959,6.901724238027782
43.98846999998959,6.901506095792627
43.99013999998959,6.901287953557471
43.991809999989584,6.9010698113223725
43.99347999998958,6.900851669087217
43.99514999998958,6.900633526852118
43.996819999989576,6.900415384616963
43.99848999998957,6.900197242381864
44.00015999998957,6.8997784615528985
44.00182999998957,6.8974661538605915
44.003499999989565,6.895153846168284
44.00516999998956,6.892841538476034
44.00683999998956,6.89052923078367
44.008509999989556,6.888216923091363
44.01017999998955,6.885904615399113
44.01184999998955,6.883592307706806
44.01351999998955,6.881280000014556
44.015189999989545,6.878967692322192
44.01685999998954,6.876655384629885
44.01852999998954,6.874343076937578
44.020199999989536,6.872030769245271
44.02186999998953,6.869718461552964
44.02353999998953,6.867406153860657
44.02520999998953,6.8650938461683495
44.026879999989525,6.862781538476042
44.02854999998952,6.860469230783735
44.03021999998952,6.858156923091428
44.03188999998952,6.855844615399121
44.033559999989514,6.853532307706757
44.03522999998951,6.85122000001445
44.03689999998951,6.848841491856888
44.038569999989505,6.846389044304431
44.0402399999895,6.843936596751973
44.0419099999895,6.841484149199516
44.0435799999895,6.839031701647116
44.045249999989494,6.836579254094659
44.04691999998949,6.834126806542201
44.04858999998949,6.831674358989801
44.050259999989485,6.829221911437344
44.05192999998948,6.826769463884887
44.05359999998948,6.824317016332486
44.05526999998948,6.821933846168406
44.056939999989474,6.819621538476099
44.05860999998947,6.817309230783849
44.06027999998947,6.814996923091542
44.061949999989466,6.812684615399178
44.06361999998946,6.810372307706871
44.06528999998946,6.8080600000146205
44.06695999998946,6.8057476923223135
44.068629999989454,6.803435384630006
44.07029999998945,6.8011230769376425
44.07196999998945,6.7988107692453355
44.073639999989446,6.796587993153082
44.07530999998944,6.794353687835724
44.07697999998944,6.792119382518422
44.07864999998944,6.78988507720112
44.080319999989435,6.7876507718837615
44.08198999998943,6.78541646656646
44.08365999998943,6.783182161249158
44.085329999989426,6.780947855931856
44.08699999998942,6.778706293721825
44.08866999998942,6.776253846169425
44.09033999998942,6.773801398616968
44.092009999989415,6.77144769232234
44.09367999998941,6.769135384630033
44.09534999998941,6.766823076937783
44.097019999989406,6.764510769245476
44.0986899999894,6.762198461553169
44.1003599999894,6.759886153860805
44.1020299999894,6.757573846168498
44.103699999989395,6.7552615384762476
44.10536999998939,6.7529492307839405
44.10703999998939,6.750636923091633
44.10870999998939,6.7483246153992695
44.110379999989384,6.745887179502802
44.11204999998938,6.7434347319503445
44.11371999998938,6.74098228439783
44.115389999989375,6.738529836845373
44.11705999998937,6.736077389292973
44.11872999998937,6.733624941740516
44.12039999998937,6.731172494188058
44.122069999989364,6.728720046635658
44.12373999998936,6.726267599083201
44.12540999998936,6.723815151530744
44.127079999989355,6.721362703978343
44.12874999998935,6.719038461553225
44.13041999998935,6.716726153860861
44.13208999998935,6.714413846168611
44.133759999989344,6.712101538476304
44.13542999998934,6.709789230783997
44.13709999998934,6.70747692309169
44.138769999989336,6.705164615399326
44.14043999998933,6.702852307707076
44.14210999998933,6.700540000014769
44.14377999998933,6.698227692322462
44.145449999989324,6.695900932416578
44.14711999998932,6.693448484864177
44.14878999998932,6.69099603731172
44.150459999989316,6.688543589759263
44.15212999998931,6.6860911422068625
44.15379999998931,6.683638694654405
44.15546999998931,6.681186247101948
44.157139999989305,6.678733799549548
44.1588099999893,6.6762813519970905
44.1604799999893,6.674000457418629
44.162149999989296,6.67176615210127
44.16381999998929,6.66954937592061
44.16548999998929,6.667455210463459
44.16715999998929,6.665361045006193
44.168829999989285,6.663266879549042
44.17049999998928,6.66117271409189
44.17216999998928,6.659078548634682
44.173839999989276,6.656984383177473
44.17550999998927,6.654678461553317
44.17717999998927,6.652366153861067
44.17884999998927,6.650053846168703
44.180519999989265,6.647741538476396
44.18218999998926,6.645385314701059
44.18385999998926,6.642932867148659
44.18552999998926,6.6404804195962015
44.187199999989254,6.638027972043744
44.18886999998925,6.635575524491287
44.19053999998925,6.633123076938887
44.192209999989245,6.6306706293864295
44.19387999998924,6.628218181833972
44.19554999998924,6.625765734281572
44.19721999998924,6.623313286729115
44.198889999989234,6.6208608391766575
44.20055999998923,6.6184553846303515
44.20222999998923,6.6161430769380445
44.203899999989225,6.613830769245681
44.20556999998922,6.6115184615533735
44.20723999998922,6.609206153861123
44.20890999998922,6.606893846168816
44.210579999989214,6.604581538476452
44.21224999998921,6.602269230784145
44.21391999998921,6.599956923091895
44.215589999989206,6.597644615399531
44.2172599999892,6.595332307707224
44.2189299999892,6.593020000014917
44.2205999999892,6.590707692322667
44.222269999989194,6.58839538463036
44.22393999998919,6.586083076937996
44.22560999998919,6.583770769245746
44.227279999989186,6.581458461553439
44.22894999998918,6.5791461538611316
44.23061999998918,6.576833846168881
44.23228999998918,6.574521538476517
44.233959999989175,6.57220923078421
44.23562999998917,6.569896923091903
44.23729999998917,6.567484848500783
44.238969999989166,6.565032400948326
44.24063999998916,6.562579953395868
44.24230999998916,6.560127505843411
44.24397999998916,6.557675058291011
44.245649999989155,6.555222610738554
44.24731999998915,6.552928073199212
44.24898999998915,6.55069376788191
44.250659999989146,6.548459462564608
44.25232999998914,6.54622515724725
44.25399999998914,6.543990851929948
44.25566999998914,6.541859390434581
44.257339999989135,6.539765224977373
44.25900999998913,6.537671059520164
44.26067999998913,6.535576894063013
44.26234999998913,6.53328461539968
44.264019999989124,6.5309723077074295
44.26568999998912,6.528660000015066
44.26735999998912,6.526347692322759
44.269029999989115,6.524035384630508
44.27069999998911,6.5217230769381445
44.27236999998911,6.519410769245837
44.27403999998911,6.516969230785264
44.275709999989104,6.514516783232807
44.2773799999891,6.51206433568035
44.2790499999891,6.509611888127893
44.280719999989095,6.507159440575492
44.28238999998909,6.504706993023035
44.28405999998909,6.502254545470578
44.28572999998909,6.499802097918121
44.287399999989084,6.497349650365663
44.28906999998908,6.494897202813263
44.29073999998908,6.492444755260806
44.292409999989076,6.490124615399736
44.29407999998907,6.487812307707486
44.29574999998907,6.485500000015179
44.29741999998907,6.483187692322815
44.299089999989064,6.480875384630565
44.30075999998906,6.478563076938258
44.30242999998906,6.476250769245894
44.304099999989056,6.473938461553644
44.30576999998905,6.471626153861337
44.30743999998905,6.46931384616903
44.30910999998905,6.46698298369904
44.310779999989045,6.46453053614664
44.31244999998904,6.462078088594183
44.31411999998904,6.459625641041725
44.315789999989036,6.457173193489268
44.31745999998903,6.454720745936811
44.31912999998903,6.452336077773396
44.32079999998903,6.450101772456094
44.322469999989025,6.447867467138792
44.32413999998902,6.4456331618214335
44.32580999998902,6.443398856504132
44.327479999989016,6.441186182887577
44.32914999998901,6.439092017430312
44.33081999998901,6.43699785197316
44.33248999998901,6.434903686516009
44.334159999989005,6.432701538476806
44.335829999989,6.430389230784499
44.337499999989,6.428076923092192
44.339169999989,6.425764615399885
44.340839999988994,6.423452307707578
44.34250999998899,6.421140000015328
44.34417999998899,6.4188276923230205
44.345849999988985,6.4164673659835785
44.34751999998898,6.414014918431178
44.34918999998898,6.411562470878721
44.35085999998898,6.409110023326264
44.352529999988974,6.4066575757738065
44.35419999998897,6.404205128221349
44.35586999998897,6.401752680668892
44.357539999988965,6.399300233116435
44.35920999998896,6.396847785563978
44.36087999998896,6.39439533801152
44.36254999998896,6.39194289045912
44.364219999988954,6.389541538476863
44.36588999998895,6.3872292307845555
44.36755999998895,6.3849169230922485
44.369229999988946,6.382604615399941
44.37089999998894,6.380292307707634
44.37256999998894,6.377980000015384
44.37423999998894,6.375667692323077
44.375909999988934,6.373355384630713
44.37757999998893,6.371043076938463
44.37924999998893,6.368730769246156
44.380919999988926,6.366418461553849
44.38258999998892,6.364028671344954
44.38425999998892,6.361576223792497
44.38592999998892,6.3591237762400965
44.387599999988915,6.356671328687639
44.38926999998891,6.354218881135182
44.39093999998891,6.351766433582725
44.392609999988906,6.349313986030268
44.3942799999889,6.34686153847781
44.3959499999889,6.344409090925353
44.3976199999889,6.341956643372896
44.399289999988895,6.339504195820496
44.40095999998889,6.337132307707691
44.40262999998889,6.334820000015384
44.404299999988886,6.332507692323077
44.40596999998888,6.330249521058931
44.40763999998888,6.32815535560178
44.40930999998888,6.326061190144571
44.410979999988875,6.32396702468742
44.41264999998887,6.321872859230268
44.41431999998887,6.31977869377306
44.41598999998887,6.317684528315908
44.417659999988864,6.3155903628587
44.41932999998886,6.313496197401548
44.42099999998886,6.311307692323169
44.422669999988855,6.308995384630862
44.42433999998885,6.306683076938555
44.42600999998885,6.304370769246248
44.42767999998885,6.302058461553941
44.429349999988844,6.29974615386169
44.43101999998884,6.297433846169326
44.43268999998884,6.295121538477019
44.434359999988835,6.292809230784712
44.43602999998883,6.290496923092462
44.43769999998883,6.288051282067727
44.43936999998883,6.28559883451527
44.441039999988824,6.283146386962869
44.44270999998882,6.280693939410412
44.44437999998882,6.278241491857955
44.446049999988816,6.2757890443054976
44.44771999998881,6.27333659675304
44.44938999998881,6.270884149200583
44.45105999998881,6.268431701648183
44.452729999988804,6.2659792540957255
44.4543999999888,6.263526806543268
44.4560699999888,6.261210769246304
44.457739999988796,6.258898461553997
44.45940999998879,6.256586153861747
44.46107999998879,6.254273846169383
44.46274999998879,6.251961538477076
44.464419999988785,6.249649230784769
44.46608999998878,6.247336923092519
44.46775999998878,6.245024615400212
44.469429999988776,6.242712307707848
44.47109999998877,6.240400000015541
44.47276999998877,6.238065034981503
44.47443999998877,6.235612587429102
44.476109999988765,6.233160139876645
44.47777999998876,6.230707692324188
44.47944999998876,6.228255244771731
44.481119999988756,6.22580279721933
44.48278999998875,6.223350349666873
44.48445999998875,6.220897902114359
44.48612999998875,6.218445454561959
44.487799999988745,6.2159930070095015
44.48946999998874,6.213540559457044
44.49113999998874,6.2111138461694395
44.49280999998874,6.208842031944471
44.494479999988734,6.206747866487319
44.49614999998873,6.204653701030168
44.49781999998873,6.202559535572959
44.499489999988725,6.200465370115751
44.50115999998872,6.198371204658599
44.50282999998872,6.196277039201391
44.50449999998872,6.194182873744239
44.506169999988714,6.192088708287088
44.50783999998871,6.189913846169475
44.50950999998871,6.187549417266041
44.511179999988705,6.185096969713584
44.5128499999887,6.182644522161127
44.5145199999887,6.180192074608726
44.5161899999887,6.177739627056269
44.517859999988694,6.175287179503812
44.51952999998869,6.172834731951411
44.52119999998869,6.170382284398954
44.522869999988686,6.167929836846497
44.52453999998868,6.16547738929404
44.52620999998868,6.163024941741639
44.52787999998868,6.16062769232343
44.529549999988674,6.158315384631123
44.53121999998867,6.156003076938816
44.53288999998867,6.153690769246566
44.534559999988666,6.151378461554202
44.53622999998866,6.149066153861895
44.53789999998866,6.146753846169588
44.53956999998866,6.144441538477224
44.541239999988655,6.142129230784974
44.54290999998865,6.139816923092667
44.54457999998865,6.13750461540036
44.546249999988646,6.13511072262736
44.54791999998864,6.132658275074959
44.54958999998864,6.130205827522502
44.55125999998864,6.127753379970045
44.552929999988635,6.125300932417588
44.55459999998863,6.122848484865187
44.55626999998863,6.12039603731273
44.557939999988626,6.117943589760273
44.55960999998862,6.115491142207873
44.56127999998862,6.113038694655415
44.56294999998862,6.110586247102958
44.564619999988615,6.108218461554316
44.56628999998861,6.105906153861952
44.56795999998861,6.103593846169645
44.56962999998861,6.101281538477338
44.571299999988604,6.0989692307850305
44.5729699999886,6.0966569230927234
44.5746399999886,6.094344615400416
44.576309999988595,6.092032307708109
44.57797999998859,6.089720000015802
44.57964999998859,6.08743454283001
44.58131999998859,6.085340377372859
44.582989999988584,6.083135162965505
44.58465999998858,6.080900857648203
44.58632999998858,6.078666552330901
44.587999999988575,6.076432247013599
44.58966999998857,6.074197941696298
44.59133999998857,6.071963636378996
44.59300999998857,6.069729331061637
44.594679999988564,6.067427972044811
44.59634999998856,6.064975524492354
44.59801999998856,6.062523076939897
44.599689999988556,6.060070629387496
44.60135999998855,6.05773230770825
44.60302999998855,6.055420000015943
44.60469999998855,6.053107692323579
44.606369999988544,6.050795384631272
44.60803999998854,6.048483076939021
44.60970999998854,6.046170769246714
44.611379999988536,6.043858461554407
44.61304999998853,6.041546153862043
44.61471999998853,6.039233846169793
44.61638999998853,6.036921538477486
44.618059999988525,6.034609230785179
44.61972999998852,6.032296923092872
44.62139999998852,6.029984615400508
44.623069999988516,6.027672307708258
44.62473999998851,6.025360000015951
44.62640999998851,6.023047692323587
44.62807999998851,6.020735384631337
44.629749999988505,6.01842307693903
44.6314199999885,6.016110769246723
44.6330899999885,6.0137984615544156
44.634759999988496,6.0114861538621085
44.63642999998849,6.009147086263965
44.63809999998849,6.006694638711565
44.63976999998849,6.004242191159108
44.641439999988485,6.0017897436066505
44.64310999998848,5.999337296054193
44.64477999998848,5.996884848501793
44.64644999998848,5.994432400949336
44.648119999988474,5.9919799533968785
44.64978999998847,5.989527505844421
44.65145999998847,5.987075058291964
44.653129999988465,5.984777472857104
44.65479999998846,5.982573004368646
44.65646999998846,5.980478838911495
44.65813999998846,5.978384673454286
44.659809999988454,5.976290507997135
44.66147999998845,5.974196342539983
44.66314999998845,5.9721021770828315
44.664819999988445,5.970008011625566
44.66648999998844,5.967913846168415
44.66815999998844,5.9656246154007135
44.66982999998844,5.96331230770835
44.671499999988434,5.961000000016043
44.67316999998843,5.958631468548447
44.67483999998843,5.956179020996046
44.676509999988426,5.953726573443589
44.67817999998842,5.951274125891132
44.67984999998842,5.948821678338675
44.68151999998842,5.946369230786274
44.683189999988414,5.943916783233817
44.68485999998841,5.94146433568136
44.68652999998841,5.939011888128903
44.688199999988406,5.9365594405764455
44.6898699999884,5.934106993024045
44.6915399999884,5.9317138461699415
44.6932099999884,5.929401538477634
44.694879999988395,5.927089230785327
44.69654999998839,5.924776923093077
44.69821999998839,5.922464615400713
44.699889999988386,5.920152307708406
44.70155999998838,5.917840000016156
44.70322999998838,5.915527692323849
44.70489999998838,5.913215384631542
44.706569999988375,5.910903076939235
44.70823999998837,5.908590769246928
44.70990999998837,5.906192773909879
44.711579999988366,5.903740326357479
44.71324999998836,5.901287878805022
44.71491999998836,5.898835431252564
44.71658999998836,5.896382983700107
44.718259999988355,5.89393053614765
44.71992999998835,5.89147808859525
44.72159999998835,5.889025641042792
44.72326999998835,5.886573193490335
44.724939999988344,5.884120745937821
44.72660999998834,5.881668298385421
44.72827999998834,5.87930461540077
44.729949999988335,5.876992307708463
44.73161999998833,5.8746800000162125
44.73328999998833,5.872367692323905
44.73495999998833,5.870055384631598
44.736629999988324,5.867743076939291
44.73829999998832,5.865430769246984
44.73996999998832,5.863259680711394
44.741639999988315,5.861165515254243
44.74330999998831,5.859071349797034
44.74497999998831,5.856977184339826
44.74664999998831,5.85476786736848
44.748319999988304,5.852533562051178
44.7499899999883,5.85029925673382
44.7516599999883,5.848064951416518
44.753329999988296,5.845830646099216
44.75499999998829,5.843414918432131
44.75666999998829,5.840962470879731
44.75833999998829,5.838510023327274
44.760009999988284,5.8360575757748165
44.76167999998828,5.833605128222359
44.76334999998828,5.831152680669902
44.765019999988276,5.828818461554704
44.76668999998827,5.826506153862397
44.76835999998827,5.82419384617009
44.77002999998827,5.8218815384778395
44.771699999988265,5.8195692307855325
44.77336999998826,5.817256923093225
44.77503999998826,5.814944615400918
44.776709999988256,5.812632307708611
44.77837999998825,5.810320000016304
44.78004999998825,5.808007692324054
44.78171999998825,5.805690909108193
44.783389999988245,5.803238461555736
44.78505999998824,5.800786014003279
44.78672999998824,5.798333566450879
44.788399999988236,5.795881118898421
44.79006999998823,5.793428671345964
44.79173999998823,5.790976223793507
44.79340999998823,5.788523776241107
44.795079999988225,5.786071328688649
44.79674999998822,5.783618881136192
44.79841999998822,5.781166433583735
44.80008999998822,5.778721538477953
44.801759999988214,5.776409230785646
44.80342999998821,5.774096923093282
44.80509999998821,5.771784615401032
44.806769999988205,5.769472307708725
44.8084399999882,5.767160000016361
44.8101099999882,5.7648476923241105
44.8117799999882,5.7625353846318035
44.813449999988194,5.760223076939496
44.81511999998819,5.757910769247189
44.81678999998819,5.755598461554882
44.818459999988185,5.753286153862575
44.82012999998818,5.750973846170268
44.82179999998818,5.748661538477904
44.82346999998818,5.746349230785654
44.825139999988174,5.744036923093347
44.82680999998817,5.741852191596934
44.82847999998817,5.739758026139725
44.830149999988166,5.737663860682517
44.83181999998816,5.735569695225365
44.83348999998816,5.733475529768157
44.83515999998816,5.731381364311005
44.836829999988154,5.7292268725144595
44.83849999998815,5.726992567197158
44.84016999998815,5.724758261879799
44.841839999988146,5.7223561771735945
44.84350999998814,5.719903729621194
44.84517999998814,5.717451282068737
44.84684999998814,5.71499883451628
44.848519999988135,5.712546386963879
44.85018999998813,5.710093939411422
44.85185999998813,5.707641491858965
44.853529999988126,5.7051890443065645
44.85519999998812,5.702800000016509
44.85686999998812,5.700487692324202
44.85853999998812,5.698175384631838
44.860209999988115,5.695863076939588
44.86187999998811,5.693550769247281
44.86354999998811,5.691238461554974
44.865219999988106,5.688926153862667
44.8668899999881,5.68661384617036
44.8685599999881,5.684301538478053
44.8702299999881,5.681989230785746
44.871899999988095,5.679676923093439
44.87356999998809,5.677274825192342
44.87523999998809,5.6748223776398845
44.87690999998809,5.672369930087427
44.878579999988084,5.669917482535027
44.88024999998808,5.66746503498257
44.88191999998808,5.6650125874301125
44.883589999988075,5.662560139877712
44.88525999998807,5.660107692325255
44.88692999998807,5.6576552447728545
44.88859999998807,5.655202797220397
44.890269999988064,5.652750349667997
44.89193999998806,5.6503907692473945
44.89360999998806,5.648078461555087
44.895279999988055,5.6457661538627235
44.89694999998805,5.643453846170473
44.89861999998805,5.641141538478166
44.90028999998805,5.638829230785859
44.901959999988044,5.636516923093495
44.90362999998804,5.634204615401188
44.90529999998804,5.631892307708938
44.906969999988036,5.629580000016574
44.90863999998803,5.627267692324267
44.91030999998803,5.6248361305536605
44.91197999998803,5.62238368300126
44.913649999988024,5.620045168683816
44.91531999998802,5.617810863366515
44.91698999998802,5.61557655804927
44.918659999988016,5.613342252731968
44.92032999998801,5.611107947414666
44.92199999998801,5.608873642097308
44.92366999998801,5.606639336780006
44.925339999988005,5.604405031462704
44.927009999988,5.602170726145403
44.928679999988,5.5999046154013286
44.930349999987996,5.5975923077090215
44.93201999998799,5.595280000016714
44.93368999998799,5.592967692324407
44.93535999998799,5.5906553846321
44.937029999987985,5.588343076939793
44.93869999998798,5.586030769247429
44.94036999998798,5.583718461555122
44.942039999987976,5.581406153862872
44.94370999998797,5.579093846170565
44.94537999998797,5.576772960390656
44.94704999998797,5.574320512838256
44.948719999987965,5.571868065285798
44.95038999998796,5.569415617733341
44.95205999998796,5.566963170180941
44.95372999998796,5.564510722628484
44.955399999987954,5.562058275076026
44.95706999998795,5.559605827523626
44.95873999998795,5.557153379971169
44.960409999987945,5.5547009324187115
44.96207999998794,5.552248484866254
44.96374999998794,5.549807692324521
44.96541999998794,5.547495384632157
44.967089999987934,5.54518307693985
44.96875999998793,5.542870769247543
44.97042999998793,5.540558461555236
44.972099999987925,5.5382461538629855
44.97376999998792,5.535933846170622
44.97543999998792,5.5336215384783145
44.97710999998792,5.5313092307860074
44.978779999987914,5.528996923093757
44.98044999998791,5.52668461540145
44.98211999998791,5.524334265752088
44.983789999987906,5.521881818199574
44.9854599999879,5.519453173258057
44.9871299999879,5.5172188679407554
44.9887999999879,5.514984562623454
44.990469999987894,5.512750257306152
44.99213999998789,5.51051595198885
44.99380999998789,5.508281646671492
44.995479999987886,5.50604734135419
44.99714999998788,5.503813036036888
44.99881999998788,5.5015787307195865
45.00048999998788,5.499491153858855
45.002159999987875,5.497756923089582
45.00382999998787,5.496022692320366
45.00549999998787,5.494288461551093
45.007169999987866,5.492554230781934
45.00883999998786,5.490820000012718
45.01050999998786,5.489085769243445
45.01217999998786,5.487351538474229
45.013849999987855,5.485617307704956
45.01551999998785,5.483883076935797
45.01718999998785,5.482148846166524
45.018859999987846,5.480414615397308
45.02052999998784,5.478680384628092
45.02219999998784,5.476946153858876
45.02386999998784,5.47521192308966
45.025539999987835,5.473477692320387
45.02720999998783,5.471743461551171
45.02887999998783,5.470009230781955
45.03054999998783,5.4682750000127385
45.032219999987824,5.4665407692434655
45.03388999998782,5.464806538474306
45.03555999998782,5.463072307705033
45.037229999987815,5.461431969708713
45.03889999998781,5.45983787879959
45.04056999998781,5.458243787890524
45.04223999998781,5.456649696981401
45.043909999987804,5.455055606072335
45.0455799999878,5.453461515163212
45.0472499999878,5.4518674242541465
45.048919999987795,5.450273333345024
45.05058999998779,5.448679242435958
45.05225999998779,5.447085151526835
45.05392999998779,5.445491060617769
45.055599999987784,5.443800000012743
45.05726999998778,5.44206576924347
45.05893999998778,5.440331538474254
45.060609999987776,5.438597307704981
45.06227999998777,5.436863076935822
45.06394999998777,5.435128846166549
45.06561999998777,5.433394615397333
45.067289999987764,5.431660384628117
45.06895999998776,5.429926153858844
45.07062999998776,5.428191923089685
45.072299999987756,5.426457692320412
45.07396999998775,5.424846818193544
45.07563999998775,5.423252727284421
45.07730999998775,5.421658636375355
45.078979999987745,5.420064545466289
45.08064999998774,5.418470454557166
45.08231999998774,5.4168763636481
45.083989999987736,5.4152822727389776
45.08565999998773,5.413688181829912
45.08732999998773,5.412094090920846
45.08899999998773,5.41050000001178
45.090669999987725,5.408905909102657
45.09233999998772,5.407185384628178
45.09400999998772,5.405451153858905
45.095679999987716,5.403716923089689
45.09734999998771,5.401982692320416
45.09901999998771,5.4002484615512
45.10068999998771,5.398514230781984
45.102359999987705,5.396780000012768
45.1040299999877,5.395045769243495
45.1056999999877,5.393311538474279
45.1073699999877,5.391577307705006
45.109039999987694,5.3898557575874975
45.11070999998769,5.388261666678375
45.11237999998769,5.386667575769309
45.114049999987685,5.385073484860243
45.11571999998768,5.38347939395112
45.11738999998768,5.381885303042054
45.11905999998768,5.380291212132931
45.120729999987674,5.3786971212238655
45.12239999998767,5.377103030314743
45.12406999998767,5.375508939405734
45.125739999987665,5.373914848496668
45.12740999998766,5.372305000012773
45.12907999998766,5.370570769243557
45.13074999998766,5.368836538474341
45.132419999987654,5.3671023077051245
45.13408999998765,5.365368076935852
45.13575999998765,5.3636338461666355
45.137429999987646,5.361899615397363
45.13909999998764,5.360165384628203
45.14076999998764,5.35843115385893
45.14243999998764,5.356696923089714
45.144109999987634,5.354962692320441
45.14577999998763,5.353270606072385
45.14744999998763,5.351676515163263
45.149119999987626,5.350082424254197
45.15078999998762,5.348488333345074
45.15245999998762,5.346894242436008
45.15412999998762,5.345300151526885
45.155799999987615,5.343706060617819
45.15746999998761,5.3421119697086965
45.15913999998761,5.340517878799631
45.160809999987606,5.338923787890565
45.1624799999876,5.337329696981442
45.1641499999876,5.335690384628151
45.1658199999876,5.333956153858878
45.167489999987595,5.332221923089719
45.16915999998759,5.330487692320446
45.17082999998759,5.32875346155123
45.172499999987586,5.327019230782071
45.17416999998758,5.325285000012798
45.17583999998758,5.323550769243582
45.17750999998758,5.321816538474309
45.179179999987575,5.32008230770515
45.18084999998757,5.318348076935877
45.18251999998757,5.316685454557273
45.18418999998757,5.315091363648207
45.185859999987564,5.313497272739085
45.18752999998756,5.311903181830019
45.18919999998756,5.310309090920896
45.190869999987555,5.30871500001183
45.19253999998755,5.307120909102707
45.19420999998755,5.305526818193641
45.19587999998755,5.303932727284575
45.197549999987544,5.3023386363754526
45.19921999998754,5.300744545466387
45.20088999998754,5.299075769243586
45.202559999987535,5.29734153847437
45.20422999998753,5.295607307705154
45.20589999998753,5.293873076935938
45.20756999998753,5.292138846166665
45.209239999987524,5.290404615397449
45.21090999998752,5.288670384628233
45.21257999998752,5.286936153859017
45.214249999987516,5.285201923089744
45.21591999998751,5.283467692320585
45.21758999998751,5.281733461551312
45.21925999998751,5.279999230782096
45.220929999987504,5.278265000012823
45.2225999999875,5.276530769243664
45.2242699999875,5.274796538474391
45.225939999987496,5.273062307705175
45.22760999998749,5.271328076935902
45.22927999998749,5.269593846166686
45.23094999998749,5.2678596153974695
45.232619999987485,5.266125384628253
45.23428999998748,5.264391153859037
45.23595999998748,5.262656923089764
45.237629999987476,5.261050151527002
45.23929999998747,5.259456060617879
45.24096999998747,5.257861969708813
45.24263999998747,5.256267878799747
45.244309999987465,5.254673787890624
45.24597999998746,5.253079696981558
45.24764999998746,5.2514856060724355
45.249319999987456,5.24989151516337
45.25098999998745,5.248297424254247
45.25265999998745,5.246703333345181
45.25432999998745,5.245109242436058
45.255999999987445,5.243384615397474
45.25766999998744,5.241650384628201
45.25933999998744,5.239916153859042
45.26100999998744,5.238181923089769
45.262679999987434,5.236447692320553
45.26434999998743,5.23471346155128
45.26601999998743,5.232979230782121
45.267689999987425,5.231245000012848
45.26935999998742,5.229510769243632
45.27102999998742,5.227776538474416
45.27269999998742,5.226059090920955
45.274369999987414,5.224465000011833
45.27603999998741,5.222870909102767
45.27770999998741,5.221276818193701
45.279379999987405,5.219682727284578
45.2810499999874,5.218088636375512
45.2827199999874,5.216494545466389
45.2843899999874,5.214900454557323
45.286059999987394,5.213306363648201
45.28772999998739,5.211712272739135
45.28939999998739,5.210118181830069
45.291069999987386,5.208504230782125
45.29273999998738,5.206770000012909
45.29440999998738,5.205035769243636
45.29607999998738,5.20330153847442
45.297749999987374,5.201567307705204
45.29941999998737,5.199833076935988
45.30108999998737,5.198098846166772
45.302759999987366,5.196364615397556
45.30442999998736,5.19463038462834
45.30609999998736,5.192896153859067
45.30776999998736,5.191161923089908
45.309439999987354,5.189473939405843
45.31110999998735,5.187879848496777
45.31277999998735,5.1862857575877115
45.314449999987346,5.184691666678589
45.31611999998734,5.183097575769523
45.31778999998734,5.1815034848604
45.31945999998734,5.179909393951334
45.321129999987335,5.178315303042211
45.32279999998733,5.176721212133145
45.32446999998733,5.175127121224023
45.326139999987326,5.1735330303149
45.32780999998732,5.171889615397504
45.32947999998732,5.170155384628345
45.33114999998732,5.168421153859072
45.332819999987315,5.1666869230898556
45.33448999998731,5.164952692320583
45.33615999998731,5.1632184615513665
45.33782999998731,5.1614842307821505
45.339499999987304,5.159750000012934
45.3411699999873,5.1580157692436615
45.3428399999873,5.156281538474445
45.344509999987295,5.154547307705229
45.34617999998729,5.152888787890674
45.34784999998729,5.1512946969816085
45.34951999998729,5.149700606072486
45.351189999987284,5.14810651516342
45.35285999998728,5.146512424254297
45.35452999998728,5.144918333345231
45.356199999987275,5.143324242436108
45.35786999998727,5.141730151527042
45.35953999998727,5.14013606061792
45.36120999998727,5.138541969708854
45.362879999987264,5.136947878799731
45.36454999998726,5.135275000012939
45.36621999998726,5.133540769243666
45.367889999987256,5.131806538474507
45.36955999998725,5.130072307705234
45.37122999998725,5.128338076936018
45.37289999998725,5.126603846166745
45.374569999987244,5.124869615397529
45.37623999998724,5.123135384628313
45.37790999998724,5.121401153859097
45.379579999987236,5.119666923089881
45.38124999998723,5.117932692320608
45.38291999998723,5.116303636375562
45.38458999998723,5.1147095454664395
45.386259999987224,5.113115454557374
45.38792999998722,5.111521363648251
45.38959999998722,5.109927272739185
45.391269999987216,5.108333181830119
45.39293999998721,5.106739090920996
45.39460999998721,5.10514500001193
45.39627999998721,5.1035509091028075
45.397949999987205,5.101956818193742
45.3996199999872,5.100362727284619
45.4012899999872,5.098660384628374
45.402959999987196,5.096926153859158
45.40462999998719,5.095191923089942
45.40629999998719,5.093457692320726
45.40796999998719,5.091723461551453
45.409639999987185,5.089989230782237
45.41130999998718,5.088255000012964
45.41297999998718,5.086520769243748
45.414649999987176,5.084786538474589
45.416319999987174,5.083052307705316
45.41798999998717,5.0813180769361
45.41965999998717,5.079583846166827
45.421329999987165,5.077849615397611
45.42299999998716,5.076115384628395
45.42466999998716,5.0743811538591785
45.42633999998716,5.072646923089906
45.428009999987154,5.0709126923206895
45.42967999998715,5.069178461551417
45.43134999998715,5.067444230782257
45.433019999987145,5.065710000012984
45.43468999998714,5.063975769243768
45.43635999998714,5.062262424254357
45.43802999998714,5.060668333345291
45.439699999987134,5.059074242436168
45.44136999998713,5.057480151527102
45.44303999998713,5.055886060617979
45.444709999987126,5.054291969708913
45.44637999998712,5.0526978787997905
45.44804999998712,5.051103787890725
45.44971999998712,5.049509696981659
45.451389999987114,5.047915606072536
45.45305999998711,5.04632151516347
45.45472999998711,5.044703461551478
45.456399999987106,5.042969230782262
45.4580699999871,5.041235000012989
45.4597399999871,5.03950076924383
45.4614099999871,5.037766538474614
45.463079999987094,5.036032307705341
45.46474999998709,5.034298076936125
45.46641999998709,5.032563846166852
45.468089999987086,5.030829615397636
45.46975999998708,5.02909538462842
45.47142999998708,5.027361153859204
45.47309999998708,5.0256772727392445
45.474769999987075,5.0240831818301785
45.47643999998707,5.022489090921056
45.47810999998707,5.02089500001199
45.479779999987066,5.019300909102867
45.48144999998706,5.017706818193801
45.48311999998706,5.016112727284678
45.48478999998706,5.0145186363756125
45.486459999987055,5.01292454546649
45.48812999998705,5.011330454557424
45.48979999998705,5.009736363648301
45.491469999987046,5.008088846166913
45.493139999987044,5.00635461539764
45.49480999998704,5.004620384628424
45.49647999998704,5.002886153859208
45.498149999987035,5.001151923089992
45.49981999998703,4.999417692320776
45.50148999998703,4.997683461551503
45.50315999998703,4.995949230782287
45.504829999987024,4.994215000013014
45.50649999998702,4.992480769243855
45.50816999998702,4.990746538474639
45.509839999987015,4.9890921212240755
45.51150999998701,4.98749803031501
45.51317999998701,4.985903939405887
45.51484999998701,4.984309848496821
45.516519999987004,4.982715757587698
45.518189999987,4.981121666678632
45.519859999987,4.979527575769566
45.521529999986996,4.9779334848604435
45.52319999998699,4.976339393951378
45.52486999998699,4.974745303042255
45.52653999998699,4.973151212133189
45.528209999986984,4.971474230782292
45.52987999998698,4.969740000013076
45.53154999998698,4.9680057692438595
45.533219999986976,4.966271538474643
45.53488999998697,4.964537307705427
45.53655999998697,4.962803076936154
45.53822999998697,4.961068846166938
45.539899999986964,4.959334615397722
45.54156999998696,4.957600384628506
45.54323999998696,4.955866153859233
45.544909999986956,4.954131923090074
45.54657999998695,4.952506969708963
45.54824999998695,4.9509128787998975
45.54991999998695,4.949318787890775
45.551589999986945,4.947724696981709
45.55325999998694,4.946130606072586
45.55492999998694,4.94453651516352
45.556599999986936,4.942942424254397
45.55826999998693,4.941348333345331
45.55993999998693,4.939754242436209
45.56160999998693,4.938160151527143
45.563279999986925,4.93656606061802
45.56494999998692,4.934859615397727
45.56661999998692,4.933125384628511
45.568289999986916,4.931391153859238
45.569959999986914,4.929656923090022
45.57162999998691,4.927922692320806
45.57329999998691,4.92618846155159
45.574969999986905,4.924454230782317
45.5766399999869,4.9227200000131575
45.5783099999869,4.920985769243941
45.5799799999869,4.9192515384746685
45.581649999986894,4.917517307705452
45.58331999998689,4.915921818193851
45.58498999998689,4.914327727284785
45.586659999986885,4.912733636375663
45.58832999998688,4.911139545466597
45.58999999998688,4.909545454557474
45.59166999998688,4.907951363648408
45.593339999986874,4.906357272739285
45.59500999998687,4.904763181830219
45.59667999998687,4.9031690909210965
45.598349999986866,4.901575000012031
45.60001999998686,4.899979230782321
45.60168999998686,4.898245000013105
45.60335999998686,4.896510769243832
45.605029999986854,4.894776538474673
45.60669999998685,4.8930423077054
45.60836999998685,4.891308076936184
45.610039999986846,4.889573846166911
45.61170999998684,4.887839615397695
45.61337999998684,4.886105384628536
45.61504999998684,4.884371153859263
45.616719999986834,4.882636923090047
45.61838999998683,4.880902692320774
45.62005999998683,4.879168461551615
45.621729999986826,4.877434230782342
45.62339999998682,4.875700000013126
45.62506999998682,4.87396576924391
45.62673999998682,4.8722315384746935
45.628409999986815,4.870497307705477
45.63007999998681,4.8687630769362045
45.63174999998681,4.867028846167045
45.633419999986806,4.865294615397772
45.6350899999868,4.863560384628556
45.6367599999868,4.8618806060727024
45.6384299999868,4.86028651516358
45.640099999986795,4.858692424254514
45.64176999998679,4.857098333345391
45.64343999998679,4.855504242436325
45.645109999986786,4.853910151527202
45.646779999986784,4.852316060618136
45.64844999998678,4.850721969709014
45.65011999998678,4.849127878799948
45.651789999986775,4.847533787890825
45.65345999998677,4.845939696981759
45.65512999998677,4.844288076936209
45.65679999998677,4.842553846166993
45.658469999986764,4.840819615397777
45.66013999998676,4.839085384628561
45.66180999998676,4.837351153859288
45.663479999986755,4.835616923090129
45.66514999998675,4.833882692320856
45.66681999998675,4.83214846155164
45.66848999998675,4.830414230782367
45.670159999986744,4.8286800000132075
45.67182999998674,4.826945769243991
45.67349999998674,4.8252954545575335
45.675169999986736,4.823701363648468
45.67683999998673,4.822107272739345
45.67850999998673,4.820513181830279
45.68017999998673,4.818919090921156
45.681849999986724,4.81732500001209
45.68351999998672,4.815730909103024
45.68518999998672,4.8141368181939015
45.686859999986716,4.812542727284836
45.68852999998671,4.810948636375713
45.69019999998671,4.809354545466647
45.69186999998671,4.807673461551644
45.693539999986704,4.805939230782428
45.6952099999867,4.804205000013155
45.6968799999867,4.802470769243939
45.698549999986696,4.800736538474723
45.70021999998669,4.799002307705507
45.70188999998669,4.797268076936234
45.70355999998669,4.795533846167018
45.705229999986685,4.793799615397745
45.70689999998668,4.792065384628586
45.70856999998668,4.790331153859313
45.710239999986676,4.788710303042365
45.71190999998667,4.787116212133242
45.71357999998667,4.785522121224176
45.71524999998667,4.78392803031511
45.716919999986665,4.782333939406044
45.71858999998666,4.780739848496978
45.72025999998666,4.779145757587855
45.721929999986656,4.777551666678789
45.723599999986654,4.775957575769667
45.72526999998665,4.774363484860601
45.72693999998665,4.772769393951478
45.728609999986645,4.7710588461670795
45.73027999998664,4.7693246153978635
45.73194999998664,4.7675903846285905
45.73361999998664,4.7658561538593744
45.735289999986634,4.764121923090158
45.73695999998663,4.762387692320942
45.73862999998663,4.760653461551669
45.740299999986625,4.758919230782453
45.74196999998662,4.757185000013237
45.74363999998662,4.755450769243964
45.74530999998662,4.753719242436375
45.746979999986614,4.7521251515272525
45.74864999998661,4.7505310606181865
45.75031999998661,4.748936969709064
45.751989999986606,4.747342878799998
45.7536599999866,4.745748787890989
45.7553299999866,4.744154696981866
45.7569999999866,4.7425606060728
45.758669999986594,4.740966515163677
45.76033999998659,4.739372424254611
45.76200999998659,4.737778333345489
45.763679999986586,4.736178461551731
45.76534999998658,4.734444230782515
45.76701999998658,4.732710000013299
45.76868999998658,4.730975769244026
45.770359999986574,4.72924153847481
45.77202999998657,4.727507307705537
45.77369999998657,4.7257730769363775
45.775369999986566,4.724038846167105
45.77703999998656,4.7223046153978885
45.77870999998656,4.720570384628616
45.78037999998656,4.7188361538593995
45.782049999986555,4.717134090921206
45.78371999998655,4.71554000001214
45.78538999998655,4.713945909103018
45.787059999986546,4.712351818193952
45.78872999998654,4.710757727284886
45.79039999998654,4.709163636375763
45.79206999998654,4.707569545466697
45.793739999986535,4.705975454557574
45.79540999998653,4.704381363648508
45.79707999998653,4.702787272739386
45.798749999986526,4.70119318183032
45.800419999986524,4.699563846167109
45.80208999998652,4.697829615397893
45.80375999998652,4.696095384628677
45.805429999986515,4.694361153859404
45.80709999998651,4.692626923090188
45.80876999998651,4.690892692320972
45.81043999998651,4.689158461551756
45.812109999986504,4.687424230782483
45.8137799999865,4.685690000013324
45.8154499999865,4.683955769244051
45.817119999986495,4.682221538474835
45.81878999998649,4.680487307705562
45.82045999998649,4.6787530769364025
45.82212999998649,4.67701884616713
45.823799999986484,4.6752846153979135
45.82546999998648,4.673550384628641
45.82713999998648,4.6718161538594245
45.828809999986476,4.670081923090208
45.83047999998647,4.668347692320992
45.83214999998647,4.666613461551719
45.83381999998647,4.664879230782503
45.835489999986464,4.663145000013287
45.83715999998646,4.661498787890935
45.83882999998646,4.659904696981869
45.840499999986456,4.658310606072746
45.84216999998645,4.65671651516368
45.84383999998645,4.655122424254614
45.84550999998645,4.653528333345548
45.847179999986444,4.651934242436482
45.84884999998644,4.6503401515273595
45.85051999998644,4.6487460606182935
45.852189999986436,4.647151969709171
45.85385999998643,4.645557878800105
45.85552999998643,4.643872692320997
45.85719999998643,4.642138461551781
45.858869999986425,4.640404230782622
45.86053999998642,4.638670000013349
45.86220999998642,4.636935769244133
45.863879999986416,4.63520153847486
45.86554999998641,4.633467307705644
45.86721999998641,4.6317330769364276
45.86888999998641,4.6299988461672115
45.870559999986405,4.6282646153979385
45.8722299999864,4.6265303846287225
45.8738999999864,4.6249136363758225
45.875569999986396,4.623319545466757
45.877239999986394,4.621725454557634
45.87890999998639,4.620131363648568
45.88057999998639,4.618537272739445
45.882249999986385,4.616943181830379
45.88391999998638,4.6153490909212564
45.88558999998638,4.6137550000121905
45.88725999998638,4.612160909103068
45.888929999986374,4.610566818194002
45.89059999998637,4.608972727284936
45.89226999998637,4.607258076936375
45.893939999986365,4.605523846167159
45.89560999998636,4.603789615397943
45.89727999998636,4.602055384628727
45.89894999998636,4.600321153859454
45.900619999986354,4.598586923090295
45.90228999998635,4.596852692321079
45.90395999998635,4.595118461551806
45.905629999986346,4.59338423078259
45.90729999998634,4.591650000013374
45.90896999998634,4.589922575769833
45.91063999998634,4.58832848486071
45.912309999986334,4.5867343939516445
45.91397999998633,4.585140303042522
45.91564999998633,4.583546212133456
45.917319999986326,4.581952121224333
45.91898999998632,4.580358030315267
45.92065999998632,4.578763939406144
45.92232999998632,4.577169848497078
45.923999999986314,4.575575757587956
45.92566999998631,4.57398166667889
45.92733999998631,4.572377692321027
45.929009999986306,4.570643461551811
45.9306799999863,4.568909230782538
45.9323499999863,4.567175000013378
45.9340199999863,4.5654407692441055
45.935689999986295,4.563706538474889
45.93735999998629,4.561972307705673
45.93902999998629,4.560238076936457
45.940699999986286,4.558503846167241
45.94236999998628,4.556769615397968
45.94403999998628,4.555035384628809
45.94570999998628,4.553337424254664
45.947379999986275,4.551743333345598
45.94904999998627,4.550149242436532
45.95071999998627,4.54855515152741
45.952389999986266,4.546961060618344
45.954059999986264,4.545366969709221
45.95572999998626,4.543772878800155
45.95739999998626,4.542178787891032
45.959069999986255,4.540584696981966
45.96073999998625,4.5389906060729
45.96240999998625,4.537396515163778
45.96407999998625,4.535763076936519
45.965749999986244,4.534028846167246
45.96741999998624,4.53229461539803
45.96908999998624,4.530560384628757
45.970759999986235,4.528826153859541
45.97242999998623,4.527091923090381
45.97409999998623,4.5253576923211085
45.97576999998623,4.523623461551892
45.977439999986224,4.5218892307826195
45.97910999998622,4.520155000013403
45.98077999998622,4.5184207692441305
45.982449999986216,4.516752272739552
45.98411999998621,4.515158181830429
45.98578999998621,4.5135640909213635
45.98745999998621,4.511970000012241
45.989129999986204,4.510375909103175
45.9907999999862,4.508781818194052
45.9924699999862,4.507187727284986
45.994139999986196,4.50559363637592
45.99580999998619,4.503999545466854
45.99747999998619,4.5024054545577314
45.99914999998619,4.5008113636486655
46.000819999986184,4.4993532989792016
46.00248999998618,4.498036237123586
46.00415999998618,4.496719175267856
46.005829999986176,4.49540211341224
46.00749999998617,4.494085051556567
46.00916999998617,4.492767989700894
46.01083999998617,4.4914509278452215
46.012509999986165,4.490133865989549
46.01417999998616,4.488816804133876
46.01584999998616,4.487499742278203
46.017519999986156,4.486182680422587
46.01918999998615,4.484865618566857
46.02085999998615,4.483548556711241
46.02252999998615,4.482231494855569
46.024199999986145,4.480914432999839
46.02586999998614,4.479597371144223
46.02753999998614,4.47828030928855
46.029209999986136,4.476963247432877
46.030879999986134,4.4756461855772045
46.03254999998613,4.474329123721532
46.03421999998613,4.473012061865859
46.035889999986125,4.471695000010243
46.03755999998612,4.470377938154513
46.03922999998612,4.469060876298897
46.04089999998612,4.467743814443168
46.042569999986114,4.466426752587552
46.04423999998611,4.465109690731879
46.04590999998611,4.463792628876206
46.047579999986105,4.462475567020533
46.0492499999861,4.46115850516486
46.0509199999861,4.4598414433091875
46.0525899999861,4.4585243814535716
46.054259999986094,4.457207319597842
46.05592999998609,4.455890257742169
46.05759999998609,4.454573195886553
46.059269999986086,4.453256134030823
46.06093999998608,4.4519390721752075
46.06260999998608,4.450622010319535
46.06427999998608,4.449304948463862
46.065949999986074,4.447987886608189
46.06761999998607,4.446670824752516
46.06928999998607,4.445353762896843
46.070959999986066,4.4440367010411705
46.07262999998606,4.442719639185555
46.07429999998606,4.441402577329825
46.07596999998606,4.440085515474209
46.077639999986054,4.438768453618536
46.07930999998605,4.4374513917628065
46.08097999998605,4.436128775521013
46.082649999986046,4.434748469398528
46.08431999998604,4.4333681632761
46.08598999998604,4.431987857153672
46.08765999998604,4.430607551031244
46.089329999986035,4.429227244908759
46.09099999998603,4.427846938786388
46.09266999998603,4.426466632663903
46.094339999986026,4.425086326541475
46.09600999998602,4.42370602041899
46.09767999998602,4.422325714296619
46.09934999998602,4.420945408174134
46.101019999986015,4.419565102051706
46.10268999998601,4.418184795929221
46.10435999998601,4.41680448980685
46.106029999986006,4.415424183684365
46.107699999986,4.414043877561937
46.109369999986,4.4127133505258485
46.111039999986,4.411396288670176
46.112709999985995,4.410079226814503
46.11437999998599,4.40876216495883
46.11604999998599,4.407445103103157
46.11771999998599,4.406128041247484
46.119389999985984,4.4048109793918115
46.12105999998598,4.403493917536139
46.12272999998598,4.402176855680523
46.124399999985975,4.400859793824793
46.12606999998597,4.39954273196912
46.12773999998597,4.3982256701134474
46.12940999998597,4.396908608257775
46.131079999985964,4.395591546402159
46.13274999998596,4.394274484546429
46.13441999998596,4.392957422690813
46.136089999985956,4.39164036083514
46.13775999998595,4.390323298979467
46.13942999998595,4.389006237123795
46.14109999998595,4.387689175268179
46.142769999985944,4.386372113412449
46.14443999998594,4.385055051556833
46.14610999998594,4.38373798970116
46.147779999985936,4.382420927845487
46.14944999998593,4.3811038659898145
46.15111999998593,4.3797868041341985
46.15278999998593,4.378469742278469
46.154459999985924,4.377152680422853
46.15612999998592,4.37583561856718
46.15779999998592,4.374518556711507
46.159469999985916,4.373201494855834
46.16113999998591,4.371884433000162
46.16280999998591,4.370534591847729
46.16447999998591,4.369154285725244
46.166149999985905,4.367773979602873
46.1678199999859,4.366393673480388
46.1694899999859,4.36501336735796
46.171159999985896,4.3636330612354755
46.17282999998589,4.362252755113047
46.17449999998589,4.360872448990619
46.17616999998589,4.359492142868135
46.177839999985885,4.358111836745707
46.17950999998588,4.356731530623222
46.18117999998588,4.3553512245008505
46.182849999985876,4.353970918378366
46.18451999998587,4.352590612255881
46.18618999998587,4.351210306133453
46.18785999998587,4.349830000010968
46.189529999985865,4.348463453618706
46.19119999998586,4.347146391763033
46.19286999998586,4.345829329907417
46.19453999998586,4.344512268051687
46.196209999985854,4.343195206196015
46.19787999998585,4.341878144340399
46.19954999998585,4.340561082484669
46.201219999985845,4.339244020629053
46.20288999998584,4.33792695877338
46.20455999998584,4.336609896917764
46.20622999998584,4.3352928350620346
46.207899999985834,4.333975773206419
46.20956999998583,4.332658711350746
46.21123999998583,4.331341649495073
46.212909999985825,4.3300245876394
46.21457999998582,4.328707525783784
46.21624999998582,4.3273904639280545
46.21791999998582,4.3260734020724385
46.219589999985814,4.324756340216766
46.22125999998581,4.323439278361093
46.22292999998581,4.32212221650542
46.224599999985806,4.320805154649804
46.2262699999858,4.319488092794074
46.2279399999858,4.318171030938458
46.2296099999858,4.316853969082786
46.231279999985794,4.315536907227056
46.23294999998579,4.31421984537144
46.23461999998579,4.312902783515767
46.236289999985786,4.311585721660094
46.23795999998578,4.3102686598044215
46.23962999998578,4.308951597948806
46.24129999998578,4.307634536093076
46.242969999985775,4.306317474237403
46.24463999998577,4.30500041238173
46.24630999998577,4.303683350526057
46.247979999985766,4.3023662886704415
46.24964999998576,4.301049226814712
46.25131999998576,4.299732164959096
46.25298999998576,4.298415103103423
46.254659999985755,4.29709804124775
46.25632999998575,4.295780979392077
46.25799999998575,4.2944639175364046
46.259669999985746,4.293146855680732
46.26133999998574,4.291829793825116
46.26300999998574,4.290512731969386
46.26467999998574,4.28919567011377
46.266349999985735,4.2878786082580405
46.26801999998573,4.2865615464024245
46.26968999998573,4.285244484546752
46.27135999998573,4.2838759183785555
46.273029999985724,4.282495612256071
46.27469999998572,4.2811153061336995
46.27636999998572,4.279735000011215
46.278039999985715,4.27835469388873
46.27970999998571,4.276974387766302
46.28137999998571,4.275594081643874
46.28304999998571,4.274213775521446
46.284719999985704,4.272833469398961
46.2863899999857,4.27145316327659
46.2880599999857,4.270072857154105
46.289729999985695,4.26869255103162
46.29139999998569,4.267312244909192
46.29306999998569,4.265931938786764
46.29473999998569,4.264551632664336
46.296409999985684,4.263171326541851
46.29807999998568,4.261823505165353
46.29974999998568,4.26050644330968
46.301419999985676,4.259189381454007
46.30308999998567,4.257872319598334
46.30475999998567,4.2565552577426615
46.30642999998567,4.255238195886989
46.308099999985664,4.253921134031316
46.30976999998566,4.2526040721757
46.31143999998566,4.25128701031997
46.313109999985656,4.249969948464354
46.31477999998565,4.2486528866086815
46.31644999998565,4.247335824753009
46.31811999998565,4.246018762897336
46.319789999985645,4.244701701041663
46.32145999998564,4.24338463918599
46.32312999998564,4.242067577330374
46.324799999985636,4.2407505154746445
46.32646999998563,4.239433453619029
46.32813999998563,4.238116391763356
46.32980999998563,4.236799329907683
46.331479999985625,4.23548226805201
46.33314999998562,4.234165206196394
46.33481999998562,4.2328481443406645
46.336489999985616,4.231531082484992
46.33815999998561,4.230214020629376
46.33982999998561,4.228896958773646
46.34149999998561,4.22757989691803
46.343169999985605,4.226262835062357
46.3448399999856,4.224945773206684
46.3465099999856,4.223628711351012
46.3481799999856,4.222311649495339
46.349849999985594,4.220994587639666
46.35151999998559,4.219662040827643
46.35318999998559,4.218281734705272
46.354859999985585,4.216901428582787
46.35652999998558,4.215521122460359
46.35819999998558,4.214140816337874
46.35986999998558,4.212760510215503
46.361539999985574,4.211380204093018
46.36320999998557,4.20999989797059
46.36487999998557,4.208619591848105
46.366549999985565,4.207239285725734
46.36821999998556,4.205858979603249
46.36988999998556,4.204478673480821
46.37155999998556,4.203098367358336
46.373229999985554,4.201718061235965
46.37489999998555,4.20033775511348
46.37656999998555,4.198957448991052
46.378239999985546,4.197577142868624
46.37990999998554,4.196256546402708
46.38157999998554,4.194939484546978
46.38324999998554,4.1936224226913055
46.384919999985534,4.1923053608356895
46.38658999998553,4.19098829897996
46.38825999998553,4.189671237124344
46.389929999985526,4.188354175268614
46.39159999998552,4.187037113412998
46.39326999998552,4.185720051557325
46.39493999998552,4.184402989701596
46.396609999985515,4.18308592784598
46.39827999998551,4.18176886599025
46.39994999998551,4.180451804134634
46.401619999985506,4.179134742278961
46.4032899999855,4.1778176804232885
46.4049599999855,4.176500618567616
46.4066299999855,4.175183556711886
46.408299999985495,4.17386649485627
46.40996999998549,4.172549433000597
46.41163999998549,4.171232371144924
46.413309999985486,4.169915309289252
46.41497999998548,4.168598247433636
46.41664999998548,4.167281185577906
46.41831999998548,4.165964123722233
46.419989999985475,4.164647061866617
46.42165999998547,4.1633300000108875
46.42332999998547,4.1620129381552715
46.42499999998547,4.160695876299599
46.426669999985464,4.159378814443926
46.42833999998546,4.158061752588253
46.43000999998546,4.156744690732637
46.431679999985455,4.155427628876907
46.43334999998545,4.154067857154416
46.43501999998545,4.152687551031931
46.43668999998545,4.151307244909503
46.438359999985444,4.149926938787019
46.44002999998544,4.148546632664591
46.44169999998544,4.1471663265421626
46.443369999985435,4.1457860204197345
46.44503999998543,4.14440571429725
46.44670999998543,4.143025408174822
46.44837999998543,4.141645102052337
46.450049999985424,4.140264795929966
46.45171999998542,4.138884489807481
46.45338999998542,4.137504183684996
46.455059999985416,4.136123877562568
46.45672999998541,4.134743571440083
46.45839999998541,4.133363265317712
46.46006999998541,4.1320066494955086
46.461739999985404,4.130689587639893
46.4634099999854,4.12937252578422
46.4650799999854,4.12805546392849
46.466749999985396,4.126738402072874
46.46841999998539,4.125421340217201
46.47008999998539,4.1241042783615285
46.47175999998539,4.122787216505856
46.473429999985385,4.12147015465024
46.47509999998538,4.12015309279451
46.47676999998538,4.118836030938894
46.478439999985376,4.117518969083221
46.48010999998537,4.116201907227548
46.48177999998537,4.114884845371876
46.48344999998537,4.11356778351626
46.485119999985365,4.11225072166053
46.48678999998536,4.110933659804914
46.48845999998536,4.109616597949241
46.490129999985356,4.108299536093568
46.49179999998535,4.1069824742378955
46.49346999998535,4.1056654123822796
46.49513999998535,4.10434835052655
46.496809999985345,4.103031288670934
46.49847999998534,4.101714226815261
46.50014999998534,4.100397164959531
46.50181999998534,4.0990801031039155
46.503489999985334,4.097763041248243
46.50515999998533,4.09644597939257
46.50682999998533,4.095128917536897
46.508499999985325,4.093811855681281
46.51016999998532,4.092494793825551
46.51183999998532,4.0911777319698786
46.51350999998532,4.089860670114263
46.515179999985314,4.088543608258533
46.51684999998531,4.087226546402917
46.51851999998531,4.085909484547244
46.520189999985305,4.084592422691571
46.5218599999853,4.0832753608358985
46.5235299999853,4.081958298980169
46.5251999999853,4.080641237124553
46.526869999985294,4.07932417526888
46.52853999998529,4.078007113413207
46.53020999998529,4.076690051557534
46.531879999985286,4.075372989701862
46.53354999998528,4.074055927846189
46.53521999998528,4.072738865990516
46.53688999998528,4.071421804134843
46.538559999985274,4.07010474227917
46.54022999998527,4.0687876804234975
46.54189999998527,4.067409183685186
46.543569999985266,4.066028877562758
46.54523999998526,4.064648571440273
46.54690999998526,4.063268265317845
46.54857999998526,4.061887959195417
46.550249999985255,4.060507653072989
46.55191999998525,4.059127346950504
46.55358999998525,4.057747040828076
46.555259999985246,4.056366734705648
46.55692999998524,4.05498642858322
46.55859999998524,4.053606122460735
46.56026999998524,4.052225816338307
46.561939999985235,4.050845510215879
46.56360999998523,4.049465204093451
46.56527999998523,4.048084897970966
46.566949999985226,4.046704591848481
46.56861999998522,4.0453667010421555
46.57028999998522,4.044049639186483
46.57195999998522,4.042732577330867
46.573629999985215,4.041415515475137
46.57529999998521,4.040098453619521
46.57696999998521,4.038781391763791
46.57863999998521,4.037464329908175
46.580309999985204,4.036147268052503
46.5819799999852,4.03483020619683
46.5836499999852,4.033513144341157
46.585319999985195,4.032196082485484
46.58698999998519,4.030879020629811
46.58865999998519,4.029561958774195
46.59032999998519,4.028244896918466
46.591999999985184,4.02692783506285
46.59366999998518,4.02561077320712
46.59533999998518,4.024293711351504
46.597009999985175,4.022976649495831
46.59867999998517,4.021659587640158
46.60034999998517,4.020342525784486
46.60201999998517,4.019025463928813
46.603689999985164,4.01770840207314
46.60535999998516,4.016391340217467
46.60702999998516,4.015074278361851
46.608699999985156,4.0137572165061215
46.61036999998515,4.0124401546505055
46.61203999998515,4.011123092794833
46.61370999998515,4.009806030939103
46.615379999985144,4.008488969083487
46.61704999998514,4.007171907227814
46.61871999998514,4.005854845372141
46.620389999985136,4.004537783516469
46.62205999998513,4.003195306134387
46.62372999998513,4.001815000011902
46.62539999998513,4.000434693889417
46.627069999985125,3.9990543877669893
46.62873999998512,3.9976740816445613
46.63040999998512,3.9962937755221333
46.632079999985116,3.9949134693996484
46.63374999998511,3.9935331632772204
46.63541999998511,3.9921528571547924
46.63708999998511,3.9907725510323075
46.638759999985105,3.9893922449098795
46.6404299999851,3.9880119387874515
46.6420999999851,3.9866316326650235
46.643769999985096,3.9852513265425387
46.64543999998509,3.9838710204201107
46.64710999998509,3.9824907142976826
46.64877999998509,3.9811168041351266
46.650449999985085,3.9797997422794538
46.65211999998508,3.978482680423781
46.65378999998508,3.977165618568108
46.65545999998508,3.9758485567124353
46.657129999985074,3.9745314948567625
46.65879999998507,3.9732144330011465
46.66046999998507,3.971897371145417
46.662139999985065,3.970580309289801
46.66380999998506,3.969263247434128
46.66547999998506,3.9679461855784552
46.66714999998506,3.9666291237227824
46.668819999985054,3.9653120618671096
46.67048999998505,3.963995000011437
46.67215999998505,3.962677938155764
46.673829999985045,3.961360876300091
46.67549999998504,3.9600438144444183
46.67716999998504,3.9587267525887455
46.67883999998504,3.9574096907330727
46.680509999985034,3.9560926288774567
46.68217999998503,3.954775567021727
46.68384999998503,3.9534585051660542
46.685519999985026,3.9521414433104383
46.68718999998502,3.9508243814547086
46.68885999998502,3.9495073195990926
46.69052999998502,3.94819025774342
46.692199999985014,3.946873195887747
46.69386999998501,3.945556134032074
46.69553999998501,3.944239072176458
46.697209999985006,3.9429220103207285
46.698879999985,3.9416049484651126
46.700549999985,3.9402878866094397
46.702219999985,3.938970824753767
46.703889999984995,3.9376011224610465
46.70555999998499,3.9362208163386185
46.70722999998499,3.9348405102161337
46.708899999984986,3.9334602040937625
46.71056999998498,3.9320798979712777
46.71223999998498,3.9306995918488496
46.71390999998498,3.929319285726365
46.715579999984975,3.927938979603937
46.71724999998497,3.9265586734815088
46.71891999998497,3.925178367359024
46.720589999984966,3.923798061236596
46.72225999998496,3.922417755114111
46.72392999998496,3.921037448991683
46.72559999998496,3.919657142869255
46.727269999984955,3.918276836746827
46.72893999998495,3.916896530624342
46.73060999998495,3.915549845372311
46.73227999998495,3.9142327835166952
46.733949999984944,3.9129157216610224
46.73561999998494,3.9115986598053496
46.73728999998494,3.910281597949677
46.738959999984935,3.908964536094061
46.74062999998493,3.907647474238331
46.74229999998493,3.9063304123826583
46.74396999998493,3.9050133505270423
46.745639999984924,3.9036962886713127
46.74730999998492,3.9023792268156967
46.74897999998492,3.901062164960024
46.750649999984915,3.899745103104351
46.75231999998491,3.8984280412486783
46.75398999998491,3.8971109793930054
46.75565999998491,3.8957939175373326
46.757329999984904,3.89447685568166
46.7589999999849,3.893159793826044
46.7606699999849,3.891842731970314
46.762339999984896,3.890525670114698
46.76400999998489,3.8892086082590254
46.76567999998489,3.8878915464033525
46.76734999998489,3.8865744845476797
46.769019999984884,3.8852574226920638
46.77068999998488,3.883940360836334
46.77235999998488,3.882623298980718
46.774029999984876,3.8813062371250453
46.77569999998487,3.8799891752693725
46.77736999998487,3.8786721134136997
46.77903999998487,3.8773550515580837
46.780709999984865,3.876037989702354
46.78237999998486,3.874720927846738
46.78404999998486,3.8734038659910652
46.785719999984856,3.8720868041353924
46.78738999998485,3.8707697422797196
46.78905999998485,3.8694526804240468
46.79072999998485,3.868135618568374
46.792399999984845,3.866818556712701
46.79406999998484,3.8655014948570283
46.79573999998484,3.8641844330013555
46.797409999984836,3.8628673711457395
46.79907999998483,3.86155030929001
46.80074999998483,3.860233247434337
46.80241999998483,3.8589161855786642
46.804089999984825,3.8575991237229914
46.80575999998482,3.8562820618673754
46.80742999998482,3.8549650000116458
46.80909999998482,3.85364793815603
46.810769999984814,3.852322755114301
46.81243999998481,3.850942448991873
46.81410999998481,3.849562142869388
46.815779999984805,3.84818183674696
46.8174499999848,3.846801530624532
46.8191199999848,3.845421224502104
46.8207899999848,3.844040918379676
46.822459999984794,3.842660612257191
46.82412999998479,3.841280306134763
46.82579999998479,3.839900000012335
46.827469999984785,3.8385196938898503
46.82913999998478,3.837139387767479
46.83080999998478,3.8357590816449942
46.83247999998478,3.8343787755225662
46.834149999984774,3.8329984694000814
46.83581999998477,3.8316181632776534
46.83748999998477,3.8302378571552254
46.839159999984766,3.828909896918958
46.84082999998476,3.827592835063342
46.84249999998476,3.8262757732076693
46.84416999998476,3.8249587113519965
46.845839999984754,3.8236416494963237
46.84750999998475,3.822324587640594
46.84917999998475,3.821007525784978
46.850849999984746,3.8196904639293052
46.85251999998474,3.8183734020736324
46.85418999998474,3.8170563402179596
46.85585999998474,3.8157392783622868
46.857529999984735,3.814422216506614
46.85919999998473,3.813105154650941
46.86086999998473,3.8117880927952683
46.862539999984726,3.8104710309395955
46.86420999998472,3.8091539690839227
46.86587999998472,3.80783690722825
46.86754999998472,3.806519845372634
46.869219999984715,3.805202783516904
46.87088999998471,3.8038857216612882
46.87255999998471,3.8025686598056154
46.874229999984706,3.8012515979499426
46.8758999999847,3.79993453609427
46.8775699999847,3.798617474238654
46.8792399999847,3.797300412382924
46.880909999984695,3.795983350527308
46.88257999998469,3.7946662886716354
46.88424999998469,3.7933492268159625
46.88591999998469,3.7920321649602897
46.887589999984684,3.7907151031046737
46.88925999998468,3.789398041248944
46.89092999998468,3.788080979393328
46.892599999984675,3.7867285714410173
46.89426999998467,3.7853482653185324
46.89593999998467,3.7839679591961612
46.89760999998467,3.7825876530736764
46.899279999984664,3.7812073469512484
46.90094999998466,3.7798270408287635
46.90261999998466,3.7784467347063924
46.904289999984655,3.7770664285839075
46.90595999998465,3.7756861224614227
46.90762999998465,3.7743058163389946
46.90929999998465,3.7729255102165666
46.910969999984644,3.7715452040941386
46.91263999998464,3.7701648979716538
46.91430999998464,3.7687845918492258
46.915979999984636,3.7674042857267978
46.91764999998463,3.7660239796043697
46.91931999998463,3.7646600000119292
46.92098999998463,3.7633429381563133
46.922659999984624,3.7620258763005836
46.92432999998462,3.7607088144449676
46.92599999998462,3.759391752589238
46.927669999984616,3.758074690733622
46.92933999998461,3.756757628877949
46.93100999998461,3.7554405670222764
46.93267999998461,3.7541235051666035
46.934349999984605,3.7528064433109307
46.9360199999846,3.751489381455258
46.9376899999846,3.750172319599642
46.939359999984596,3.7488552577439123
46.94102999998459,3.7475381958882394
46.94269999998459,3.7462211340325666
46.94436999998459,3.744904072176894
46.946039999984585,3.743587010321278
46.94770999998458,3.742269948465548
46.94937999998458,3.740952886609932
46.951049999984576,3.7396358247542594
46.95271999998457,3.7383187628985297
46.95438999998457,3.7370017010429137
46.95605999998457,3.735684639187241
46.957729999984565,3.734367577331568
46.95939999998456,3.7330505154758953
46.96106999998456,3.7317334536202793
46.96273999998456,3.7304163917645496
46.964409999984554,3.729099329908877
46.96607999998455,3.727782268053261
46.96774999998455,3.726465206197531
46.969419999984545,3.725148144341915
46.97108999998454,3.7238310824862424
46.97275999998454,3.7225140206305696
46.97442999998454,3.721134387767677
46.976099999984534,3.719754081645249
46.97776999998453,3.718373775522821
46.97943999998453,3.716993469400336
46.981109999984525,3.715613163277908
46.98277999998452,3.714232857155423
46.98444999998452,3.712852551033052
46.98611999998452,3.711472244910567
46.987789999984514,3.710091938788139
46.98945999998451,3.708711632665654
46.99112999998451,3.707331326543226
46.992799999984506,3.705951020420798
46.9944699999845,3.70457071429837
46.9961399999845,3.7031904081758853
46.9978099999845,3.7018101020534573
46.999479999984494,3.7004297959309724
47.00114999998449,3.6996748159099866
47.00281999998449,3.6992025920513925
47.004489999984486,3.6987303681927415
47.00615999998448,3.6982581443341473
47.00782999998448,3.697785920475553
47.00949999998448,3.6973136966169022
47.011169999984475,3.696841472758308
47.01283999998447,3.696369248899714
47.01450999998447,3.695897025041063
47.016179999984466,3.695424801182469
47.01784999998446,3.694952577323818
47.01951999998446,3.6944803534652237
47.02118999998446,3.6940081296066296
47.022859999984455,3.6935359057479786
47.02452999998445,3.6930636818893845
47.02619999998445,3.6925914580307904
47.027869999984446,3.6921192341721394
47.02953999998444,3.691634934842398
47.03120999998444,3.6911086948112484
47.03287999998444,3.690582454780099
47.034549999984435,3.6900562147490064
47.03621999998443,3.689529974717857
47.03788999998443,3.689003734686821
47.03955999998443,3.6884774946556718
47.041229999984424,3.6879512546245223
47.04289999998442,3.6874250145934298
47.04456999998442,3.6868987745622803
47.046239999984415,3.6863725345311877
47.04790999998441,3.685846294500095
47.04957999998441,3.6853200544689457
47.05124999998441,3.684793814437853
47.052919999984404,3.6842675744067037
47.0545899999844,3.6837413343755543
47.0562599999844,3.6832150943444617
47.057929999984395,3.682688854313369
47.05959999998439,3.6821626142822197
47.06126999998439,3.681636374251127
47.06293999998439,3.6811101342199777
47.064609999984384,3.6805838941888283
47.06627999998438,3.6800576541577357
47.06794999998438,3.6795314141265862
47.069619999984376,3.679005174095437
47.07128999998437,3.6784789340643442
47.07295999998437,3.6779526940332516
47.07462999998437,3.677426454002102
47.076299999984364,3.6769002139710096
47.07796999998436,3.67637397393986
47.07963999998436,3.675847733908711
47.081309999984356,3.67533954563379
47.08297999998435,3.6748765498694524
47.08464999998435,3.674413554105115
47.08631999998435,3.673950558340721
47.087989999984345,3.6734875625764403
47.08965999998434,3.673024566812103
47.09132999998434,3.6725615710477655
47.092999999984336,3.6720985752833712
47.09466999998433,3.671635579519034
47.09633999998433,3.6711725837546965
47.09800999998433,3.670709587990416
47.099679999984325,3.6702465922260217
47.10134999998432,3.6697835964616843
47.10301999998432,3.669320600697347
47.104689999984316,3.6688576049329527
47.10635999998431,3.6683946091686153
47.10802999998431,3.6679316134043347
47.10969999998431,3.6674063411836073
47.111369999984305,3.666880101152458
47.1130399999843,3.6663538611213653
47.1147099999843,3.665827621090216
47.1163799999843,3.6653013810590664
47.118049999984294,3.6647751410280307
47.11971999998429,3.6642489009968813
47.12138999998429,3.6637226609657887
47.123059999984285,3.6631964209346393
47.12472999998428,3.66267018090349
47.12639999998428,3.6621439408723973
47.12806999998428,3.661617700841248
47.129739999984274,3.6610914608101552
47.13140999998427,3.660565220779006
47.13307999998427,3.6600389807479132
47.134749999984265,3.6595127407168206
47.13641999998426,3.658986500685671
47.13808999998426,3.658460260654522
47.13975999998426,3.657934020623429
47.141429999984254,3.6574077805922798
47.14309999998425,3.6568815405611304
47.14476999998425,3.6563553005300378
47.146439999984246,3.6558290604988883
47.14810999998424,3.6553028204677958
47.14977999998424,3.654776580436703
47.15144999998424,3.6542503404055537
47.153119999984234,3.6537241003744043
47.15478999998423,3.6531978603433117
47.15645999998423,3.6526716203121623
47.158129999984226,3.6521453802810697
47.15979999998422,3.651619140249977
47.16146999998422,3.6510929002188277
47.16313999998422,3.6506119368544887
47.164809999984215,3.6501489410901513
47.16647999998421,3.649685945325757
47.16814999998421,3.6492229495614765
47.169819999984206,3.648759953797139
47.1714899999842,3.6482969580328017
47.1731599999842,3.6478339622684643
47.1748299999842,3.64737096650407
47.176499999984195,3.6469079707397327
47.17816999998419,3.646444974975452
47.17983999998419,3.6459819792111148
47.181509999984186,3.6455189834467774
47.18317999998418,3.645055987682383
47.18484999998418,3.6445929919180458
47.18651999998418,3.6441299961537084
47.188189999984175,3.643667000389428
47.18985999998417,3.6431777475248737
47.19152999998417,3.642651507493781
47.19319999998417,3.6421252674626317
47.194869999984164,3.6415990274314822
47.19653999998416,3.6410727874003896
47.19820999998416,3.640546547369297
47.199879999984155,3.6400203073381476
47.20154999998415,3.639494067307055
47.20321999998415,3.6389678272759056
47.20488999998415,3.638441587244756
47.206559999984144,3.6379153472136636
47.20822999998414,3.637389107182514
47.20989999998414,3.6368628671514216
47.211569999984135,3.636336627120329
47.21323999998413,3.6358103870891796
47.21490999998413,3.63528414705803
47.21657999998413,3.6347579070269376
47.218249999984124,3.634231666995788
47.21991999998412,3.6337054269646387
47.22158999998412,3.633179186933546
47.223259999984116,3.6326529469023967
47.22492999998411,3.632126706871304
47.22659999998411,3.6316004668402115
47.22826999998411,3.631074226809062
47.229939999984104,3.6305479867779127
47.2316099999841,3.6300217467467633
47.2332799999841,3.6294955067156707
47.234949999984096,3.6289692666845212
47.23661999998409,3.6284864408487465
47.23828999998409,3.6280142169901524
47.23995999998409,3.6275419931315582
47.241629999984085,3.6270697692729073
47.24329999998408,3.626597545414313
47.24496999998408,3.626125321555719
47.246639999984076,3.625653097697125
47.24830999998407,3.625180873838474
47.24997999998407,3.624708649979823
47.25164999998407,3.6242364261212856
47.253319999984065,3.6237642022626346
47.25498999998406,3.6232919784040405
47.25665999998406,3.6228197545454464
47.258329999984056,3.6223475306867954
47.25999999998405,3.6218753068282012
47.26166999998405,3.621403082969607
47.26333999998405,3.620930859111013
47.265009999984045,3.6204403423508325
47.26667999998404,3.619914102319683
47.26834999998404,3.6193878622885904
47.27001999998404,3.618862379673203
47.271689999984034,3.6183993839088657
47.27335999998403,3.6179363881445283
47.27502999998403,3.617473392380134
47.276699999984025,3.6170103966158536
47.27836999998402,3.616547400851516
47.28003999998402,3.6160844050871788
47.28170999998402,3.6156214093227845
47.283379999984014,3.615158413558447
47.28504999998401,3.6146954177941097
47.28671999998401,3.6142324220297724
47.288389999984005,3.613769426265378
47.290059999984,3.6133064305010407
47.291729999984,3.61284343473676
47.293399999984,3.612380438972423
47.295069999983994,3.6119174432080285
47.29673999998399,3.611454447443691
47.29840999998399,3.6109464695633733
47.300079999983986,3.6104202295322807
47.30174999998398,3.6098939895011313
47.30341999998398,3.6093677494700387
47.30508999998398,3.608841509438946
47.306759999983974,3.6083152694077967
47.30842999998397,3.607789029376704
47.31009999998397,3.6072627893455547
47.311769999983966,3.6067365493144052
47.31343999998396,3.6062103092833695
47.31510999998396,3.60568406925222
47.31677999998396,3.6051578292211275
47.318449999983955,3.604631589189978
47.32011999998395,3.6041053491588286
47.32178999998395,3.603579109127736
47.323459999983946,3.6030528690966435
47.32512999998394,3.602526629065551
47.32679999998394,3.6020003890344015
47.32846999998394,3.601474149003252
47.330139999983935,3.6009479089721594
47.33180999998393,3.60042166894101
47.33347999998393,3.5998954289099174
47.335149999983926,3.599369188878825
47.33681999998392,3.5988429488476754
47.33848999998392,3.598316708816526
47.34015999998392,3.5977904687854334
47.341829999983915,3.597264228754284
47.34349999998391,3.5967379887231914
47.34516999998391,3.596211748692042
47.34683999998391,3.5956855086609494
47.348509999983904,3.5951592686298
47.3501799999839,3.5946330285986505
47.3518499999839,3.594134770893902
47.353519999983895,3.5936717751296214
47.35518999998389,3.593208779365227
47.35685999998389,3.59274578360089
47.35852999998389,3.5922827878365524
47.360199999983884,3.591819792072158
47.36186999998388,3.591356796307821
47.36353999998388,3.5908938005434834
47.365209999983875,3.590430804779146
47.36687999998387,3.5899678090147518
47.36854999998387,3.589504813250471
47.37021999998387,3.589041817486134
47.371889999983864,3.5885788217217964
47.37355999998386,3.588115825957402
47.37522999998386,3.587652830193065
47.376899999983856,3.5871898344287274
47.37856999998385,3.5867178759046396
47.38023999998385,3.58619163587349
47.38190999998385,3.585665395842341
47.383579999983844,3.585139155811305
47.38524999998384,3.5846129157801556
47.38691999998384,3.584086675749063
47.388589999983836,3.5835604357179136
47.39025999998383,3.583034195686764
47.39192999998383,3.5825079556556716
47.39359999998383,3.581981715624579
47.395269999983825,3.5814554755934864
47.39693999998382,3.580929235562337
47.39860999998382,3.5804029955311876
47.400279999983816,3.579876755500095
47.40194999998381,3.5793505154689456
47.40361999998381,3.578824275437853
47.40528999998381,3.5782980354067604
47.406959999983805,3.577771795375611
47.4086299999838,3.5772455553445184
47.4102999999838,3.576719315313369
47.411969999983796,3.5761930752822195
47.41363999998379,3.575666835251184
47.41530999998379,3.5751405952200344
47.41697999998379,3.574614355188885
47.418649999983785,3.5740881151577923
47.42031999998378,3.573561875126643
47.42198999998378,3.5730356350954935
47.42365999998378,3.572509395064401
47.425329999983774,3.5719831550332515
47.42699999998377,3.571456915002102
47.42866999998377,3.5709306749710663
47.430339999983765,3.570404434939917
47.43200999998376,3.5698781949087675
47.43367999998376,3.569407162114544
47.43534999998376,3.5689441663502066
47.437019999983754,3.5684811705858692
47.43868999998375,3.568018174821532
47.44035999998375,3.5675551790571944
47.442029999983745,3.5670921832928
47.44369999998374,3.5666291875285197
47.44536999998374,3.5661661917641823
47.44703999998374,3.565703195999845
47.448709999983734,3.5652402002355075
47.45037999998373,3.5647772044711132
47.45204999998373,3.564314208706776
47.453719999983726,3.5638512129424953
47.45538999998372,3.563388217178158
47.45705999998372,3.5629252214138205
47.45872999998372,3.5624622256494263
47.460399999983714,3.5619630422147566
47.46206999998371,3.561436802183664
47.46373999998371,3.5609105621525714
47.465409999983706,3.560384322121422
47.4670799999837,3.5598580820903294
47.4687499999837,3.55933184205918
47.4704199999837,3.5588056020280305
47.472089999983694,3.558279361996938
47.47375999998369,3.5577531219658454
47.47542999998369,3.557226881934696
47.477099999983686,3.5567006419036034
47.47876999998368,3.556174401872454
47.48043999998368,3.5556481618413045
47.48210999998368,3.555121921810212
47.483779999983675,3.5545956817791193
47.48544999998367,3.55406944174797
47.48711999998367,3.5535432017168773
47.488789999983666,3.553016961685728
47.49045999998366,3.5524907216545785
47.49212999998366,3.551964481623486
47.49379999998366,3.5514382415923933
47.495469999983655,3.550912001561244
47.49713999998365,3.5503857615301513
47.49880999998365,3.549859521499002
47.50047999998365,3.549348807073784
47.502149999983644,3.5488765832152467
47.50381999998364,3.5484043593565957
47.50548999998364,3.5479321354979447
47.507159999983635,3.5474599116393506
47.50882999998363,3.5469876877807565
47.51049999998363,3.5465154639221055
47.51216999998363,3.5460432400635113
47.513839999983624,3.5455710162048604
47.51550999998362,3.5450987923462662
47.51717999998362,3.544626568487672
47.518849999983615,3.544154344629021
47.52051999998361,3.54368212077037
47.52218999998361,3.543209896911833
47.52385999998361,3.542737673053182
47.525529999983604,3.5422654491945877
47.5271999999836,3.5417932253359368
47.5288699999836,3.5413210014773426
47.530539999983596,3.540804357134107
47.53220999998359,3.5402781171029574
47.53387999998359,3.539751877071865
47.53554999998359,3.5392256370407154
47.537219999983584,3.538699397009566
47.53888999998358,3.53817315697853
47.54055999998358,3.5376576049333153
47.542229999983576,3.537194609168978
47.54389999998357,3.5367316134045836
47.54556999998357,3.5362686176402462
47.54723999998357,3.535805621875909
47.548909999983564,3.5353426261116283
47.55057999998356,3.534879630347234
47.55224999998356,3.5344166345828967
47.553919999983556,3.5339536388185593
47.55558999998355,3.533490643054165
47.55725999998355,3.5330276472898277
47.55892999998355,3.532564651525547
47.560599999983545,3.5321016557612097
47.56226999998354,3.5316386599968155
47.56393999998354,3.531175664232478
47.565609999983536,3.5307126684681407
47.56727999998353,3.5302496727038033
47.56894999998353,3.529731764253313
47.57061999998353,3.5292055242222204
47.572289999983525,3.528679284191128
47.57395999998352,3.5281530441599784
47.57562999998352,3.527626804128886
47.577299999983516,3.5271005640977364
47.578969999983514,3.526574324066644
47.58063999998351,3.5260480840354944
47.58230999998351,3.525521844004345
47.583979999983505,3.5249956039732524
47.5856499999835,3.524469363942103
47.5873199999835,3.5239431239110104
47.5889899999835,3.523416883879918
47.590659999983494,3.5228906438487684
47.59232999998349,3.522364403817676
47.59399999998349,3.5218381637865264
47.595669999983485,3.521311923755434
47.59733999998348,3.5207856837242844
47.59900999998348,3.5202594436931918
47.60067999998348,3.519733203662099
47.602349999983474,3.5192069636309498
47.60401999998347,3.5186807235998003
47.60568999998347,3.5181544835687077
47.607359999983466,3.5176282435375583
47.60902999998346,3.5171020035064657
47.61069999998346,3.516575763475373
47.61236999998346,3.5160495234442237
47.614039999983454,3.5155232834130743
47.61570999998345,3.5149970433819817
47.61737999998345,3.5144708033508323
47.619049999983446,3.5139445633197397
47.62071999998344,3.513418323288647
47.62238999998344,3.5129299961539573
47.62405999998344,3.51246700038962
47.625729999983434,3.5120040046252825
47.62739999998343,3.511541008860945
47.62906999998343,3.5110780130966077
47.630739999983426,3.5106150173322703
47.63240999998342,3.510152021567933
47.63407999998342,3.5096890258035955
47.63574999998342,3.5092260300392013
47.637419999983415,3.508763034274864
47.63908999998341,3.5083000385105834
47.64075999998341,3.507837042746246
47.642429999983406,3.5073740469818517
47.6440999999834,3.5069110512175143
47.6457699999834,3.506448055453177
47.6474399999834,3.5059850596887827
47.649109999983395,3.5055031705946362
47.65077999998339,3.504976930563487
47.65244999998339,3.5044506905323374
47.654119999983386,3.503924450501245
47.655789999983384,3.5033982104700954
47.65745999998338,3.502871970439003
47.65912999998338,3.5023457304078534
47.660799999983375,3.501819490376704
47.66246999998337,3.5012932503456113
47.66413999998337,3.5007670103145188
47.66580999998337,3.500240770283426
47.667479999983364,3.4997145302522767
47.66914999998336,3.4991882902211273
47.67081999998336,3.4986620501900347
47.672489999983355,3.4981358101588853
47.67415999998335,3.4976095701277927
47.67582999998335,3.4970833300966433
47.67749999998335,3.496557090065494
47.679169999983344,3.496030850034458
47.68083999998334,3.4955046100033087
47.68250999998334,3.4949783699721593
47.684179999983336,3.4944521299410667
47.68584999998333,3.4939258899099173
47.68751999998333,3.493399649878768
47.68918999998333,3.492873409847732
47.690859999983324,3.4923471698165827
47.69252999998332,3.4918209297854332
47.69419999998332,3.4912946897543407
47.695869999983316,3.4907684497231912
47.69753999998331,3.490242209692042
47.69920999998331,3.489715969661006
47.70087999998331,3.4891897296298566
47.702549999983304,3.4886653831389935
47.7042199999833,3.488202387374656
47.7058899999833,3.4877393916103188
47.707559999983296,3.4872763958459814
47.70922999998329,3.486813400081701
47.71089999998329,3.4863504043173066
47.71256999998329,3.485887408552969
47.714239999983285,3.485424412788632
47.71590999998328,3.4849614170242944
47.71757999998328,3.484498421259957
47.719249999983276,3.4840354254955628
47.72091999998327,3.4835724297312254
47.72258999998327,3.483109433966888
47.72425999998327,3.4826464382026074
47.725929999983265,3.482183442438213
47.72759999998326,3.481720446673876
47.72926999998326,3.4812574509095384
47.730939999983256,3.4807483369046963
47.732609999983254,3.4802220968736037
47.73427999998325,3.4796958568424543
47.73594999998325,3.4791913598476185
47.737619999983245,3.4787191359890244
47.73928999998324,3.4782469121304302
47.74095999998324,3.4777746882717793
47.74262999998324,3.477302464413185
47.744299999983234,3.476830240554591
47.74596999998323,3.47635801669594
47.74763999998323,3.475885792837346
47.749309999983225,3.475413568978695
47.75097999998322,3.4749413451201008
47.75264999998322,3.4744691212615066
47.75431999998322,3.4739968974028557
47.755989999983214,3.4735246735442615
47.75765999998321,3.4730524496856674
47.75932999998321,3.4725802258270164
47.760999999983206,3.4721080019684223
47.7626699999832,3.471635778109828
47.7643399999832,3.471163554251177
47.7660099999832,3.4706406924775592
47.767679999983194,3.4701144524464667
47.76934999998319,3.4695882124153172
47.77101999998319,3.469061972384168
47.772689999983186,3.468535732353132
47.77435999998318,3.4680094923219826
47.77602999998318,3.467483252290833
47.77769999998318,3.4669570122597406
47.779369999983174,3.466430772228591
47.78103999998317,3.4659045321974418
47.78270999998317,3.465378292166406
47.784379999983166,3.4648520521352566
47.78604999998316,3.464325812104107
47.78771999998316,3.4637995720730146
47.78938999998316,3.463273332041865
47.791059999983155,3.4627470920107726
47.79272999998315,3.46222085197968
47.79439999998315,3.4616946119485306
47.796069999983146,3.461168371917438
47.79773999998314,3.4606421318862886
47.79940999998314,3.460115891855196
47.80107999998314,3.4595896518240465
47.802749999983135,3.459063411792897
47.80441999998313,3.4585371717618045
47.80608999998313,3.458010931730655
47.807759999983126,3.4574846916995625
47.809429999983124,3.45695845166847
47.81109999998312,3.4564528301933706
47.81276999998312,3.455989834429033
47.814439999983115,3.455526838664696
47.81610999998311,3.4550638429003584
47.81777999998311,3.454600847135964
47.81944999998311,3.4541378513716268
47.821119999983104,3.4536748556072894
47.8227899999831,3.453211859843009
47.8244599999831,3.4527488640786146
47.826129999983095,3.452285868314277
47.82779999998309,3.45182287254994
47.82946999998309,3.4513598767856024
47.83113999998309,3.450896881021208
47.832809999983084,3.4504338852569276
47.83447999998308,3.4499708894925902
47.83614999998308,3.449507893728253
47.837819999983076,3.449043298974402
47.83948999998307,3.4485170589432528
47.84115999998307,3.44799081891216
47.84282999998307,3.4474645788810676
47.844499999983064,3.446938338849975
47.84616999998306,3.4464120988188256
47.84783999998306,3.445885858787676
47.849509999983056,3.4453596187565836
47.85117999998305,3.444833378725434
47.85284999998305,3.4443071386943984
47.85451999998305,3.443780898663249
47.856189999983044,3.4432546586320996
47.85785999998304,3.442728418601007
47.85952999998304,3.4422021785698576
47.861199999983036,3.441675938538765
47.86286999998303,3.4411496985076155
47.86453999998303,3.440623458476466
47.86620999998303,3.4400972184453735
47.867879999983025,3.439570978414224
47.86954999998302,3.4390447383831315
47.87121999998302,3.438518498352039
47.872889999983016,3.4379922583208895
47.87455999998301,3.43746601828974
47.87622999998301,3.4369397782586475
47.87789999998301,3.436413538227498
47.879569999983005,3.4358872981963486
47.881239999983,3.435361058165256
47.882909999983,3.4348348181341635
47.884579999982996,3.434308578103014
47.886249999982994,3.4337823380719215
47.88791999998299,3.433256098040772
47.88958999998299,3.4327298580096226
47.891259999982985,3.43220361797853
47.89292999998298,3.4317252214140694
47.89459999998298,3.431262225649732
47.89626999998298,3.4307992298853947
47.897939999982974,3.4303362341210004
47.89960999998297,3.429873238356663
47.90127999998297,3.4294102425923256
47.902949999982965,3.428947246828045
47.90461999998296,3.428484251063651
47.90628999998296,3.4280212552993135
47.90795999998296,3.427558259534976
47.909629999982954,3.427095263770582
47.91129999998295,3.4266322680062444
47.91296999998295,3.426169272241964
47.914639999982946,3.4257062764776265
47.91630999998294,3.4252432807132323
47.91797999998294,3.424780284948895
47.91964999998294,3.424288465284519
47.921319999982934,3.4237622252533697
47.92298999998293,3.423235985222277
47.92465999998293,3.4227097451911845
47.926329999982926,3.422183505160035
47.92799999998292,3.4216572651289425
47.92966999998292,3.421131025097793
47.93133999998292,3.4206047850666437
47.933009999982914,3.420078545035608
47.93467999998291,3.4195523050044585
47.93634999998291,3.419026064973366
47.938019999982906,3.4184998249422165
47.9396899999829,3.417973584911067
47.9413599999829,3.4174473448799745
47.9430299999829,3.416921104848825
47.944699999982895,3.4163948648177893
47.94636999998289,3.41586862478664
47.94803999998289,3.4153423847554905
47.949709999982886,3.414816144724398
47.95137999998288,3.4142899046932484
47.95304999998288,3.413763664662099
47.95471999998288,3.4132374246310064
47.956389999982875,3.412711184599857
47.95805999998287,3.4121849445687076
47.95972999998287,3.411658704537672
47.961399999982866,3.4111324645065224
47.963069999982864,3.410606224475373
47.96473999998286,3.4100799844442804
47.96640999998286,3.409553744413131
47.968079999982855,3.4090275043819815
47.96974999998285,3.408501264350889
47.97141999998285,3.4079750243197395
47.97308999998285,3.4074606083991057
47.974759999982844,3.4069976126347683
47.97642999998284,3.406534616870431
47.97809999998284,3.4060716211060367
47.979769999982835,3.4056086253416993
47.98143999998283,3.405145629577362
47.98310999998283,3.4046826338130813
47.98477999998283,3.404219638048744
47.986449999982824,3.4037566422843497
47.98811999998282,3.4032936465200123
47.98978999998282,3.402830650755675
47.991459999982816,3.4023676549913375
47.99312999998281,3.401904659227057
47.99479999998281,3.4014416634626627
47.99646999998281,3.4009786676983254
47.998139999982804,3.400515671933988
47.9998099999828,3.4000526761696506
48.0014799999828,3.399813787682433
48.003149999982796,3.399603669727014
48.00481999998279,3.3993935517715954
48.00648999998279,3.3991834338161198
48.00815999998279,3.398973315860701
48.009829999982784,3.398763197905282
48.01149999998278,3.3985530799498065
48.01316999998278,3.398342961994331
48.014839999982776,3.398132844038912
48.01650999998277,3.3979227260834364
48.01817999998277,3.3977126081280176
48.01984999998277,3.3975024901725988
48.021519999982765,3.39729237221718
48.02318999998276,3.3970822542617043
48.02485999998276,3.3968721363062855
48.026529999982756,3.3966620183508667
48.02819999998275,3.396451900395391
48.02986999998275,3.396264531765553
48.03153999998275,3.3961084299826325
48.033209999982745,3.3959523281996553
48.03487999998274,3.395796226416735
48.03654999998274,3.3956401246337578
48.038219999982736,3.3954840228508374
48.039889999982734,3.395327921067917
48.04155999998273,3.3951718192849967
48.04322999998273,3.3950157175020763
48.044899999982725,3.394859615719156
48.04656999998272,3.3947035139361788
48.04823999998272,3.3945474121532584
48.04990999998272,3.394391310370338
48.051579999982714,3.3942352085874177
48.05324999998271,3.3940791068044973
48.05491999998271,3.393923005021577
48.056589999982705,3.3937669032385998
48.0582599999827,3.3936108014556794
48.0599299999827,3.393454699672759
48.0615999999827,3.3932985978898387
48.063269999982694,3.3931424961069183
48.06493999998269,3.392986394323998
48.06660999998269,3.3928302925410776
48.068279999982686,3.3926741907581572
48.06994999998268,3.392518088975237
48.07161999998268,3.3923619871922597
48.07328999998268,3.3922058854093393
48.074959999982674,3.392049783626419
48.07662999998267,3.3918936818434986
48.07829999998267,3.3917375800605214
48.079969999982666,3.391581478277601
48.08163999998266,3.3914253764946807
48.08330999998266,3.3912692747117603
48.08497999998266,3.39111317292884
48.086649999982654,3.3909570711458628
48.08831999998265,3.3908009693629424
48.08998999998265,3.390644867580022
48.091659999982646,3.3904887657971017
48.09332999998264,3.3903326640141813
48.09499999998264,3.390176562231261
48.09666999998264,3.3900204604482838
48.098339999982635,3.3898643586653634
48.10000999998263,3.389708256882443
48.10167999998263,3.3895521550995227
48.103349999982626,3.3893960533165455
48.10501999998262,3.389239951533625
48.10668999998262,3.389083849750648
48.10835999998262,3.3889277479677276
48.110029999982615,3.388771646184807
48.11169999998261,3.388615544401887
48.11336999998261,3.3884594426189665
48.115039999982606,3.388303340836046
48.116709999982604,3.388147239053069
48.1183799999826,3.3879911372701486
48.1200499999826,3.387835035487228
48.121719999982595,3.387678933704251
48.12338999998259,3.3875228319213306
48.12505999998259,3.3873667301384103
48.12672999998259,3.38721062835549
48.128399999982584,3.3870545265725696
48.13006999998258,3.386898424789649
48.13173999998258,3.386742323006672
48.133409999982575,3.3865862212237516
48.13507999998257,3.3864301194408313
48.13674999998257,3.386274017657911
48.13841999998257,3.3861179158749906
48.140089999982564,3.38596181409207
48.14175999998256,3.38580571230915
48.14342999998256,3.3856496105262295
48.145099999982556,3.385493508743309
48.14676999998255,3.385337406960332
48.14843999998255,3.3851813051774116
48.15010999998255,3.385025203394491
48.151779999982544,3.384869101611571
48.15344999998254,3.3847129998286505
48.15511999998254,3.38455689804573
48.156789999982536,3.384400796262753
48.15845999998253,3.3842446944797757
48.16012999998253,3.3840885926968554
48.16179999998253,3.383932490913935
48.163469999982524,3.3837763891310146
48.16513999998252,3.3836202873480943
48.16680999998252,3.383464185565117
48.168479999982516,3.3833080837821967
48.17014999998251,3.3831519819992764
48.17181999998251,3.382995880216356
48.17348999998251,3.3828397784334356
48.175159999982505,3.3826836766505153
48.1768299999825,3.3825275748674812
48.1784999999825,3.382371473084561
48.180169999982496,3.3822153713016405
48.18183999998249,3.38205926951872
48.18350999998249,3.3819031677358
48.18517999998249,3.3817470659528794
48.186849999982485,3.3815909641699022
48.18851999998248,3.381434862386982
48.19018999998248,3.3812787606040615
48.191859999982476,3.381122658821141
48.193529999982474,3.380966557038221
48.19519999998247,3.3808104552553004
48.19686999998247,3.3806543534723232
48.198539999982465,3.380498251689403
48.20020999998246,3.3803421499064825
48.20187999998246,3.380186048123562
48.20354999998246,3.380029946340642
48.205219999982454,3.3798738445577214
48.20688999998245,3.379717742774801
48.20855999998245,3.379561640991824
48.210229999982445,3.3794055392089035
48.21189999998244,3.3792494374259263
48.21356999998244,3.379093335643006
48.21523999998244,3.3789372338600856
48.216909999982434,3.3787811320771652
48.21857999998243,3.378625030294245
48.22024999998243,3.3784689285113245
48.221919999982426,3.378312826728404
48.22358999998242,3.378156724945427
48.22525999998242,3.3780006231625066
48.22692999998242,3.3778445213795862
48.228599999982414,3.377688419596666
48.23026999998241,3.3775323178137455
48.23193999998241,3.377376216030825
48.233609999982406,3.377220114247905
48.2352799999824,3.377063940587732
48.2369499999824,3.376853822632313
48.2386199999824,3.3766437046768374
48.240289999982394,3.3764335867214186
48.24195999998239,3.3762234687659998
48.24362999998239,3.376013350810524
48.245299999982386,3.3758032328551053
48.24696999998238,3.3755931148996865
48.24863999998238,3.375382996944154
48.25030999998238,3.375172878988735
48.251979999982375,3.3749627610333164
48.25364999998237,3.3747526430778976
48.25531999998237,3.374542525122422
48.256989999982366,3.374332407167003
48.25865999998236,3.3741222892115843
48.26032999998236,3.3739121712561086
48.26199999998236,3.37370205330069
48.263669999982355,3.373491935345271
48.26533999998235,3.373310784145758
48.26700999998235,3.373154682362781
48.268679999982346,3.3729985805798606
48.27034999998234,3.37284247879694
48.27201999998234,3.37268637701402
48.27368999998234,3.3725302752310995
48.275359999982335,3.3723741734481223
48.27702999998233,3.372218071665202
48.27869999998233,3.3720619698822816
48.28036999998233,3.371905868099361
48.282039999982324,3.371749766316441
48.28370999998232,3.3715936645335205
48.28537999998232,3.3714375627506
48.287049999982315,3.3712814609676798
48.28871999998231,3.3711253591847594
48.29038999998231,3.370969257401782
48.29205999998231,3.370813155618862
48.293729999982304,3.3706570538359415
48.2953999999823,3.370500952053021
48.2970699999823,3.370344850270101
48.298739999982296,3.3701887484871804
48.30040999998229,3.370032646704203
48.30207999998229,3.369876544921226
48.30374999998229,3.3696912521463673
48.305419999982284,3.3694850085786356
48.30708999998228,3.369278765010847
48.30875999998228,3.3690725214431154
48.310429999982276,3.3688662778753837
48.31209999998227,3.368660034307595
48.31376999998227,3.3684537907398067
48.31543999998227,3.368247547172075
48.317109999982264,3.3680413036043433
48.31877999998226,3.3678350600366116
48.32044999998226,3.367628816468823
48.322119999982256,3.3674225729010345
48.32378999998225,3.367216329333303
48.32545999998225,3.3670100857655143
48.32712999998225,3.3668038421977826
48.328799999982245,3.366597598630051
48.33046999998224,3.3663913550623192
48.33213999998224,3.366185111494474
48.333809999982236,3.3659931798528078
48.33547999998223,3.3658370780698874
48.33714999998223,3.365680976286967
48.33881999998223,3.3655248745040467
48.340489999982225,3.3653687727211263
48.34215999998222,3.365212670938149
48.34382999998222,3.3650565691552288
48.345499999982216,3.3649004673723084
48.34716999998221,3.364744365589388
48.34883999998221,3.3645882638064677
48.35050999998221,3.3644321620235473
48.352179999982205,3.36427606024057
48.3538499999822,3.3641199584576498
48.3555199999822,3.3639638566747294
48.3571899999822,3.363807754891809
48.358859999982194,3.3636516531088887
48.36052999998219,3.3634955513259683
48.36219999998219,3.363339449543048
48.363869999982185,3.3631833477601276
48.36553999998218,3.3630272459772073
48.36720999998218,3.362871144194173
48.36887999998218,3.362715042411253
48.370549999982174,3.3625589406283325
48.37221999998217,3.362402838845412
48.37388999998217,3.3622467370624918
48.375559999982165,3.3620906352795714
48.37722999998216,3.361934533496651
48.37889999998216,3.3617784317137307
48.38056999998216,3.3616223299308103
48.382239999982154,3.361466228147833
48.38390999998215,3.3613101263649128
48.38557999998215,3.3611540245819924
48.387249999982146,3.360997922799072
48.38891999998214,3.3608418210161517
48.39058999998214,3.3606857192332313
48.39225999998214,3.360529617450254
48.393929999982134,3.3603735156673338
48.39559999998213,3.3602174138844134
48.39726999998213,3.360061312101493
48.398939999982126,3.3599052103185727
48.40060999998212,3.3597491085356523
48.40227999998212,3.3595930067526183
48.40394999998212,3.359436904969698
48.405619999982115,3.3592808031867776
48.40728999998211,3.359124701403857
48.40895999998211,3.358968599620937
48.410629999982106,3.3588124978380165
48.4122999999821,3.3586563960550393
48.4139699999821,3.358500294272119
48.4156399999821,3.3583441924891986
48.417309999982095,3.358188090706278
48.41897999998209,3.358031988923358
48.42064999998209,3.3578758871403807
48.422319999982086,3.3577197853574603
48.42398999998208,3.35756368357454
48.42565999998208,3.3574075817916196
48.42732999998208,3.3572514800086424
48.428999999982075,3.357095378225722
48.43066999998207,3.3569392764428017
48.43233999998207,3.3567831746598813
48.43400999998207,3.356627072876961
48.435679999982064,3.3564709710940406
48.43734999998206,3.35631486931112
48.43901999998206,3.3561587675282
48.440689999982055,3.3560026657452795
48.44235999998205,3.3558465639623023
48.44402999998205,3.355690462179382
48.44569999998205,3.3555343603964616
48.447369999982044,3.355378258613541
48.44903999998204,3.355222156830621
48.45070999998204,3.3550660550477005
48.452379999982035,3.3549099532647233
48.45404999998203,3.354753851481803
48.45571999998203,3.3545977496988257
48.45738999998203,3.3544416479159054
48.459059999982024,3.354285546132985
48.46072999998202,3.3541294443500647
48.46239999998202,3.3539733425670875
48.464069999982016,3.353817240784167
48.46573999998201,3.3536611390012467
48.46740999998201,3.3535050372183264
48.46907999998201,3.353348935435406
48.470749999982004,3.3531928336524857
48.472419999982,3.3530367318695085
48.474089999982,3.3528806300865313
48.475759999981996,3.352724528303611
48.47742999998199,3.3525684265206905
48.47909999998199,3.35241232473777
48.48076999998199,3.35225622295485
48.482439999981985,3.3521001211718726
48.48410999998198,3.3519440193889523
48.48577999998198,3.351787917606032
48.487449999981976,3.3516318158231115
48.48911999998197,3.351475714040191
48.49078999998197,3.351319612257271
48.49245999998197,3.3511635104742936
48.494129999981965,3.3510074086913733
48.49579999998196,3.350851306908453
48.49746999998196,3.3506952051255325
48.499139999981956,3.350539103342612
48.50080999998195,3.350356802099327
48.50247999998195,3.3501466841438514
48.50414999998195,3.3499365661884326
48.505819999981945,3.349726448232957
48.50748999998194,3.349516330277538
48.50915999998194,3.3493062123221193
48.51082999998194,3.3490960943667005
48.512499999981934,3.348885976411225
48.51416999998193,3.348675858455806
48.51583999998193,3.3484657405003873
48.517509999981925,3.3482556225449684
48.51917999998192,3.348045504589493
48.52084999998192,3.347835386634074
48.52251999998192,3.347625268678655
48.524189999981914,3.3474151507232364
48.52585999998191,3.3472050327677607
48.52752999998191,3.346994914812342
48.529199999981905,3.3467858750234427
48.5308699999819,3.3466297732405224
48.5325399999819,3.346473671457602
48.5342099999819,3.3463175696746816
48.535879999981894,3.3461614678917613
48.53754999998189,3.346005366108784
48.53921999998189,3.3458492643258637
48.540889999981886,3.3456931625429434
48.54255999998188,3.345537060760023
48.54422999998188,3.3453809589771026
48.54589999998188,3.3452248571941254
48.547569999981874,3.3450687554111482
48.54923999998187,3.344912653628228
48.55090999998187,3.3447565518453075
48.552579999981866,3.344600450062387
48.55424999998186,3.344444348279467
48.55591999998186,3.3442882464965464
48.55758999998186,3.3441321447135692
48.559259999981855,3.343976042930649
48.56092999998185,3.3438199411477285
48.56259999998185,3.343663839364808
48.564269999981846,3.343507737581831
48.56593999998184,3.3433516357989106
48.56760999998184,3.3431955340159902
48.56927999998184,3.34303943223307
48.570949999981835,3.3428833304500927
48.57261999998183,3.3427272286671723
48.57428999998183,3.342571126884252
48.575959999981826,3.3424150251013316
48.57762999998182,3.3422589233184112
48.57929999998182,3.342102821535491
48.58096999998182,3.3419467197525705
48.582639999981815,3.34179061796965
48.58430999998181,3.34163451618673
48.58597999998181,3.3414784144037526
48.58764999998181,3.3413223126208322
48.589319999981804,3.341166210837912
48.5909899999818,3.3410101090549347
48.5926599999818,3.3408540072720143
48.594329999981795,3.340697905489094
48.59599999998179,3.3405418037061736
48.59766999998179,3.3403857019231964
48.59933999998179,3.340229600140276
48.601009999981784,3.3400734983573557
48.60267999998178,3.3399173965744353
48.60434999998178,3.339761294791515
48.606019999981775,3.3396051930085946
48.60768999998177,3.3394490912256174
48.60935999998177,3.339292989442697
48.61102999998177,3.3391368876597767
48.612699999981764,3.3389807858768563
48.61436999998176,3.338824684093936
48.61603999998176,3.3386685823110156
48.617709999981756,3.3385124805279816
48.61937999998175,3.338356378745061
48.62104999998175,3.338200276962141
48.62271999998175,3.3380441751792205
48.624389999981744,3.3378880733963
48.62605999998174,3.3377319716133798
48.62772999998174,3.3375758698304026
48.629399999981736,3.337419768047482
48.63106999998173,3.337263666264562
48.63273999998173,3.3371075644816415
48.63440999998173,3.336951462698721
48.636079999981725,3.336795360915744
48.63774999998172,3.3365900514602913
48.63941999998172,3.3363838078925596
48.641089999981716,3.336177564324771
48.64275999998171,3.3359713207570394
48.64442999998171,3.3357650771893077
48.64609999998171,3.335558833621576
48.647769999981705,3.3353525900537306
48.6494399999817,3.335146346485999
48.6511099999817,3.3349401029182673
48.652779999981696,3.3347338593505356
48.65444999998169,3.334527615782804
48.65611999998169,3.3343213722150153
48.65778999998169,3.3341151286472837
48.659459999981685,3.333908885079552
48.66112999998168,3.3337026415118203
48.66279999998168,3.3334963979440317
48.66446999998168,3.333290154376243
48.666139999981674,3.3330839108085115
48.66780999998167,3.3329119958473825
48.66947999998167,3.332755894064462
48.671149999981665,3.332599792281542
48.67281999998166,3.3324436904986214
48.67448999998166,3.332287588715701
48.67615999998166,3.3321314869327807
48.677829999981654,3.3319753851498035
48.67949999998165,3.331819283366883
48.68116999998165,3.331663181583963
48.682839999981645,3.3315070798010424
48.68450999998164,3.331350978018122
48.68617999998164,3.3311948762352017
48.68784999998164,3.3310387744522245
48.689519999981634,3.330882672669304
48.69118999998163,3.330726570886384
48.69285999998163,3.3305704691034634
48.694529999981626,3.330414367320543
48.69619999998162,3.3302582655376227
48.69786999998162,3.3301021637546455
48.69953999998162,3.3299460619716683
48.701209999981614,3.329789960188748
48.70287999998161,3.3296338584058276
48.70454999998161,3.3294777566229072
48.706219999981606,3.329321654839987
48.7078899999816,3.3291655530570097
48.7095599999816,3.3290094512740893
48.7112299999816,3.328853349491169
48.712899999981595,3.3286972477082486
48.71456999998159,3.3285411459253282
48.71623999998159,3.328385044142408
48.717909999981586,3.3282289423594307
48.71957999998158,3.3280728405765103
48.72124999998158,3.32791673879359
48.72291999998158,3.3277606370106128
48.724589999981575,3.3276045352276924
48.72625999998157,3.327448433444772
48.72792999998157,3.3272923316618517
48.729599999981566,3.3271362298789313
48.73126999998156,3.326980128096011
48.73293999998156,3.3268240263130906
48.73460999998156,3.3266679245301702
48.736279999981555,3.32647940585656
48.73794999998155,3.3262692879010842
48.73961999998155,3.3260591699456654
48.74128999998155,3.3258490519902466
48.742959999981544,3.325638934034771
48.74462999998154,3.325428816079352
48.74629999998154,3.3252186981239333
48.747969999981535,3.325008580168401
48.74963999998153,3.324798462212982
48.75130999998153,3.324588344257563
48.75297999998153,3.3243782263021444
48.754649999981524,3.3241681083466688
48.75631999998152,3.32395799039125
48.75798999998152,3.323747872435831
48.759659999981515,3.3235377544803555
48.76132999998151,3.3233276365249367
48.76299999998151,3.323117518569518
48.76466999998151,3.322914696210944
48.766339999981504,3.3227585944280236
48.7680099999815,3.322602492645103
48.7696799999815,3.322446390862183
48.771349999981496,3.3222902890792056
48.77301999998149,3.3221341872962284
48.77468999998149,3.321978085513308
48.77635999998149,3.3218219837303877
48.778029999981484,3.3216658819474674
48.77969999998148,3.321509780164547
48.78136999998148,3.3213536783816267
48.783039999981476,3.3211975765986494
48.78470999998147,3.321041474815729
48.78637999998147,3.3208853730328087
48.78804999998147,3.3207292712498884
48.789719999981465,3.320573169466968
48.79138999998146,3.320417067683991
48.79305999998146,3.3202609659010136
48.794729999981456,3.3201048641180932
48.79639999998145,3.319948762335173
48.79806999998145,3.3197926605522525
48.79973999998145,3.319636558769332
48.801409999981445,3.319480456986412
48.80307999998144,3.3193243552034915
48.80474999998144,3.319168253420571
48.806419999981436,3.319012151637594
48.80808999998143,3.3188560498546735
48.80975999998143,3.318699948071753
48.81142999998143,3.318543846288833
48.813099999981425,3.3183877445059125
48.81476999998142,3.318231642722992
48.81643999998142,3.3180755409400717
48.81810999998142,3.3179194391571514
48.819779999981414,3.317763337374231
48.82144999998141,3.317607235591254
48.82311999998141,3.3174511338083335
48.824789999981405,3.317295032025413
48.8264599999814,3.3171389302424927
48.8281299999814,3.3169828284595724
48.8297999999814,3.316826726676652
48.831469999981394,3.3166706248937317
48.83313999998139,3.3165145231107545
48.83480999998139,3.316358421327834
48.836479999981385,3.316202319544857
48.83814999998138,3.3160462177619365
48.83981999998138,3.315890115979016
48.84148999998138,3.315734014196096
48.843159999981374,3.3155779124131186
48.84482999998137,3.3154218106301983
48.84649999998137,3.315265708847278
48.848169999981366,3.3151096070643575
48.84983999998136,3.314953505281437
48.85150999998136,3.314797403498517
48.85317999998136,3.3146413017155396
48.854849999981354,3.3144851999326193
48.85651999998135,3.314329098149699
48.85818999998135,3.3141729963667785
48.859859999981346,3.314016894583858
48.86152999998134,3.313860792800881
48.86319999998134,3.3137046910179606
48.86486999998134,3.3135485892350403
48.866539999981335,3.313392487452063
48.86820999998133,3.3132363856691427
48.86987999998133,3.3130802838862223
48.871549999981326,3.312924182103302
48.87321999998132,3.3127680803203816
48.87488999998132,3.3126119785374613
48.87655999998132,3.312455876754541
48.878229999981315,3.3122997749716205
48.87989999998131,3.3121436731887
48.88156999998131,3.311987571405666
48.883239999981306,3.3118314696227458
48.8849099999813,3.3116753678398254
48.8865799999813,3.311519266056905
48.8882499999813,3.3113631642739847
48.889919999981295,3.3112070624910643
48.89158999998129,3.311050960708144
48.89325999998129,3.3108948589251668
48.89492999998129,3.3107387571422464
48.896599999981284,3.310582655359326
48.89826999998128,3.3104265535764057
48.89993999998128,3.3102704517934853
48.901609999981275,3.310114350010565
48.90327999998127,3.3099582482275878
48.90494999998127,3.3098021464446674
48.90661999998127,3.309646044661747
48.908289999981264,3.3094899428788267
48.90995999998126,3.3093338410959063
48.91162999998126,3.309177739312986
48.913299999981255,3.3090216375300088
48.91496999998125,3.3088655357470884
48.91663999998125,3.308709433964111
48.91830999998125,3.308553332181191
48.919979999981244,3.3083972303982705
48.92164999998124,3.30824112861535
48.92331999998124,3.308085026832373
48.924989999981236,3.3079289250494526
48.92665999998123,3.307772823266532
48.92832999998123,3.307616721483612
48.92999999998123,3.3074606197006915
48.931669999981224,3.307304517917771
48.93333999998122,3.307148416134794
48.93500999998122,3.3069923143518167
48.936679999981216,3.3068362125688964
48.93834999998121,3.306680110785976
48.94001999998121,3.3065240090030557
48.94168999998121,3.3063679072201353
48.943359999981205,3.306211805437158
48.9450299999812,3.3060557036542377
48.9466999999812,3.3058996018713174
48.948369999981196,3.305743500088397
48.95003999998119,3.3055873983054767
48.95170999998119,3.3054312965225563
48.95337999998119,3.305275194739636
48.955049999981185,3.3051190929567156
48.95671999998118,3.304962991173795
48.95838999998118,3.304806889390818
48.960059999981176,3.3046507876078977
48.96172999998117,3.3044946858249773
48.96339999998117,3.304338584042057
48.96506999998117,3.3041824822591366
48.966739999981165,3.304026380476216
48.96840999998116,3.303870278693296
48.97007999998116,3.3036950943421175
48.97174999998116,3.303488850774386
48.973419999981154,3.3032826072065404
48.97508999998115,3.3030763636388087
48.97675999998115,3.302870120071077
48.978429999981145,3.3026638765033454
48.98009999998114,3.302457632935557
48.98176999998114,3.302251389367825
48.98343999998114,3.3020451458000366
48.985109999981134,3.301838902232305
48.98677999998113,3.3016326586645732
48.98844999998113,3.3014264150967847
48.990119999981125,3.301220171529053
48.99178999998112,3.3010139279613213
48.99345999998112,3.300807684393533
48.99512999998112,3.300601440825801
48.996799999981114,3.3003951972580126
48.99846999998111,3.300188953690281
49.00013999998111,3.300031732321827
49.001809999981106,3.3004102536386313
49.0034799999811,3.300788774955379
49.0051499999811,3.301167296272183
49.0068199999811,3.3015458175889307
49.008489999981094,3.301924338905735
49.01015999998109,3.3023028602224826
49.01182999998109,3.302681381539287
49.013499999981086,3.3030599028560346
49.01516999998108,3.303438424172896
49.01683999998108,3.3038169454896433
49.01850999998108,3.3041954668064477
49.020179999981075,3.3045739881231952
49.02184999998107,3.3049525094399996
49.02351999998107,3.305331030756747
49.025189999981066,3.3057095520735515
49.02685999998106,3.306088073390299
49.02852999998106,3.306459855701462
49.03019999998106,3.30678115257507
49.031869999981055,3.307102449448678
49.03353999998105,3.3074237463222858
49.03520999998105,3.3077450431959505
49.036879999981046,3.3080663400695585
49.03854999998104,3.3083876369431664
49.04021999998104,3.3087089338167743
49.04188999998104,3.3090302306903823
49.043559999981035,3.30935152756399
49.04522999998103,3.309672824437598
49.04689999998103,3.309994121311206
49.04856999998103,3.310315418184814
49.050239999981024,3.310636715058365
49.05190999998102,3.310958011931973
49.05357999998102,3.311279308805581
49.055249999981015,3.311600605679189
49.05691999998101,3.311921902552797
49.05858999998101,3.3122431994264048
49.06025999998101,3.3125644963000127
49.061929999981004,3.3128857931736206
49.063599999981,3.3132070900472286
49.065269999981,3.3135283869208365
49.066939999980995,3.3138496837944444
49.06860999998099,3.3141709806680524
49.07027999998099,3.3144922775416035
49.07194999998099,3.3148135744152114
49.073619999980984,3.3151348712888193
49.07528999998098,3.3154561681624273
49.07695999998098,3.315777465036035
49.078629999980976,3.316098761909643
49.08029999998097,3.316420058783308
49.08196999998097,3.316741355656916
49.08363999998097,3.317062652530524
49.085309999980964,3.3173839494041317
49.08697999998096,3.317705246277683
49.08864999998096,3.3180265431512908
49.090319999980956,3.3183478400248987
49.09198999998095,3.3186691368985066
49.09365999998095,3.3189904337721146
49.09532999998095,3.3193117306457225
49.096999999980945,3.3196330275193304
49.09866999998094,3.3199543243929384
49.10033999998094,3.3202756212665463
49.102009999980936,3.3205969181401542
49.10367999998093,3.320918215013762
49.10534999998093,3.321239511887427
49.10701999998093,3.321560808761035
49.108689999980925,3.321882105634643
49.11035999998092,3.3222034025082507
49.11202999998092,3.3225246993818587
49.113699999980916,3.3228459962554666
49.11536999998091,3.3231672931290746
49.11703999998091,3.3234885900026825
49.11870999998091,3.3238098868762904
49.120379999980905,3.3241311837498984
49.1220499999809,3.3244524806235063
49.1237199999809,3.3247737774971142
49.1253899999809,3.325095074370722
49.127059999980894,3.32541637124433
49.12872999998089,3.325737668117938
49.13039999998089,3.326058964991546
49.132069999980885,3.326380261865154
49.13373999998088,3.326701558738762
49.13540999998088,3.3270228556123698
49.13707999998088,3.3273441524859777
49.138749999980874,3.3276654493595856
49.14041999998087,3.3279867462331936
49.14208999998087,3.3283080431068015
49.143759999980865,3.3286293399804094
49.14542999998086,3.3289506368540174
49.14709999998086,3.3292719337276253
49.14876999998086,3.3295932306012332
49.150439999980854,3.329914527474841
49.15210999998085,3.3302358243483923
49.15377999998085,3.330557121222
49.155449999980846,3.330878418095608
49.15711999998084,3.331199714969216
49.15878999998084,3.331521011842881
49.16045999998084,3.331842308716489
49.162129999980834,3.3321636055900967
49.16379999998083,3.3324849024637047
49.16546999998083,3.3328061993373126
49.167139999980826,3.3331274962108637
49.16880999998082,3.3334487930844716
49.17047999998082,3.3337700899580796
49.17214999998082,3.3340913868316875
49.173819999980815,3.3344126837052954
49.17548999998081,3.3347339805789034
49.17715999998081,3.335055277452568
49.178829999980806,3.335376574326176
49.1804999999808,3.335697871199784
49.1821699999808,3.336019168073392
49.1838399999808,3.336340464947
49.185509999980795,3.336661761820608
49.18717999998079,3.3369830586942157
49.18884999998079,3.3373043555678237
49.190519999980786,3.3376256524414316
49.19218999998078,3.3379469493150395
49.19385999998078,3.3382682461886475
49.19552999998078,3.3385895430622554
49.197199999980775,3.3389108399358634
49.19886999998077,3.3392321368094144
49.20053999998077,3.3395719373945667
49.20220999998077,3.3399504587113142
49.203879999980764,3.3403289800281186
49.20554999998076,3.340707501344866
49.20721999998076,3.3410860226616705
49.208889999980755,3.341464543978418
49.21055999998075,3.3418430652952225
49.21222999998075,3.34222158661197
49.21389999998075,3.342600107928831
49.215569999980744,3.3429786292455788
49.21723999998074,3.343357150562383
49.21890999998074,3.3437356718791307
49.220579999980735,3.344114193195935
49.22224999998073,3.3444927145126826
49.22391999998073,3.344871235829487
49.22558999998073,3.3452497571462345
49.227259999980724,3.345628278463039
49.22892999998072,3.3459863543207575
49.23059999998072,3.3463076511943655
49.232269999980716,3.3466289480679734
49.23393999998071,3.3469502449415813
49.23560999998071,3.3472715418151324
49.23727999998071,3.3475928386887404
49.238949999980704,3.3479141355623483
49.2406199999807,3.3482354324359562
49.2422899999807,3.348556729309564
49.243959999980696,3.348878026183172
49.24562999998069,3.34919932305678
49.24729999998069,3.349520619930388
49.24896999998069,3.3498419168040527
49.250639999980685,3.3501632136776607
49.25230999998068,3.3504845105512686
49.25397999998068,3.3508058074248765
49.255649999980676,3.3511271042984845
49.25731999998067,3.3514484011720924
49.25898999998067,3.3517696980457004
49.26065999998067,3.3520909949193083
49.262329999980665,3.352412291792916
49.26399999998066,3.352733588666524
49.26566999998066,3.353054885540132
49.267339999980656,3.353376182413797
49.26900999998065,3.353697479287405
49.27067999998065,3.3540187761610127
49.27234999998065,3.354340073034564
49.274019999980645,3.3546613699081718
49.27568999998064,3.3549826667817797
49.27735999998064,3.3553039636553876
49.27902999998064,3.3556252605289956
49.280699999980634,3.3559465574026035
49.28236999998063,3.3562678542762114
49.28403999998063,3.3565891511498194
49.285709999980625,3.3569104480234273
49.28737999998062,3.3572317448970352
49.28904999998062,3.357553041770643
49.29071999998062,3.357874338644251
49.292389999980614,3.358195635517859
49.29405999998061,3.358516932391467
49.29572999998061,3.358838229265075
49.297399999980605,3.359159526138626
49.2990699999806,3.359480823012234
49.3007399999806,3.359802119885842
49.3024099999806,3.3601234167595067
49.304079999980594,3.3604838128819097
49.30574999998059,3.360855251540329
49.30741999998059,3.361226690198748
49.309089999980586,3.3615981288571675
49.31075999998058,3.3619695675156436
49.31242999998058,3.362341006174006
49.31409999998058,3.3627124448324253
49.315769999980574,3.3630838834908445
49.31743999998057,3.3634553221493206
49.31910999998057,3.36382676080774
49.320779999980566,3.364198199466159
49.32244999998056,3.3645696381246353
49.32411999998056,3.3649410767830545
49.32578999998056,3.365312515441474
49.327459999980555,3.365683954099893
49.32912999998055,3.366055392758369
49.33079999998055,3.3664268314167884
49.332469999980546,3.3667982700752077
49.33413999998054,3.3671454885507615
49.33580999998054,3.3674667854243694
49.33747999998054,3.3677880822979773
49.339149999980535,3.3681093791715853
49.34081999998053,3.368430676045193
49.34248999998053,3.368751972918801
49.344159999980526,3.369073269792409
49.34582999998052,3.36939456666596
49.34749999998052,3.369715863539568
49.34916999998052,3.370037160413176
49.350839999980515,3.370358457286784
49.35250999998051,3.370679754160392
49.35417999998051,3.371001051034
49.35584999998051,3.3713223479076078
49.357519999980504,3.3716436447812157
49.3591899999805,3.3719649416548236
49.3608599999805,3.3722862385283747
49.362529999980495,3.3726075354019827
49.36419999998049,3.3729288322755906
49.36586999998049,3.3732501291491985
49.36753999998049,3.3735714260228065
49.369209999980484,3.3738927228964712
49.37087999998048,3.374214019770079
49.37254999998048,3.374535316643687
49.374219999980475,3.374856613517295
49.37588999998047,3.375177910390903
49.37755999998047,3.375499207264511
49.37922999998047,3.375820504138119
49.380899999980464,3.376141801011727
49.38256999998046,3.3764630978853347
49.38423999998046,3.376784394758886
49.385909999980456,3.3771056916324937
49.38757999998045,3.3774269885061017
49.38924999998045,3.3777482853797096
49.39091999998045,3.3780695822533175
49.392589999980444,3.3783908791269255
49.39425999998044,3.3787121760005334
49.39592999998044,3.3790334728741414
49.397599999980436,3.3793547697477493
49.39926999998043,3.3796760666213572
49.40093999998043,3.380029573659897
49.40260999998043,3.380408094976758
49.404279999980425,3.3807866162935625
49.40594999998042,3.38116513761031
49.40761999998042,3.3815436589271144
49.409289999980416,3.381922180243862
49.41095999998041,3.3823007015606663
49.41262999998041,3.382679222877414
49.41429999998041,3.3830577441942182
49.415969999980405,3.3834362655110226
49.4176399999804,3.38381478682777
49.4193099999804,3.3841933081445745
49.420979999980396,3.384571829461379
49.42264999998039,3.3849503507781833
49.42431999998039,3.385328872094931
49.42598999998039,3.385707393411735
49.427659999980385,3.3860859147285396
49.42932999998038,3.386430284132757
49.43099999998038,3.386751581006365
49.43266999998038,3.387072877879973
49.434339999980374,3.387394174753581
49.43600999998037,3.387715471627189
49.43767999998037,3.388036768500797
49.439349999980365,3.3883580653744048
49.44101999998036,3.3886793622480127
49.44268999998036,3.389000659121564
49.44435999998036,3.3893219559951717
49.446029999980354,3.3896432528687797
49.44769999998035,3.3899645497423876
49.44936999998035,3.3902858466159955
49.451039999980345,3.3906071434896035
49.45270999998034,3.3909284403632114
49.45437999998034,3.3912497372368193
49.45604999998034,3.391571034110484
49.457719999980334,3.391892330984035
49.45938999998033,3.392213627857643
49.46105999998033,3.392534924731251
49.462729999980326,3.392856221604859
49.46439999998032,3.393177518478467
49.46606999998032,3.393498815352075
49.46773999998032,3.393820112225683
49.469409999980314,3.3941414090992907
49.47107999998031,3.3944627059728987
49.47274999998031,3.3947840028465066
49.474419999980306,3.3951052997201714
49.4760899999803,3.3954265965937793
49.4777599999803,3.3957478934673873
49.4794299999803,3.396069190340995
49.481099999980295,3.396390487214603
49.48276999998029,3.396711784088211
49.48443999998029,3.397033080961819
49.486109999980286,3.397354377835427
49.48777999998028,3.397675674709035
49.48944999998028,3.397996971582643
49.49111999998028,3.398318268456194
49.492789999980275,3.398639565329802
49.49445999998027,3.3989608622034098
49.49612999998027,3.3992821590770177
49.497799999980266,3.3996034559506256
49.49946999998026,3.3999247528242336
49.50113999998026,3.4002460496978415
49.50280999998026,3.4005673465714494
49.504479999980255,3.400888643445114
49.50614999998025,3.4012099403186653
49.50781999998025,3.4015312371922732
49.50948999998025,3.401852534065881
49.511159999980244,3.402173830939489
49.51282999998024,3.402495127813097
49.51449999998024,3.402816424686705
49.516169999980235,3.403137721560313
49.51783999998023,3.403459018433921
49.51950999998023,3.403780315307529
49.52117999998023,3.4041016121811367
49.522849999980224,3.4044229090547447
49.52451999998022,3.4047442059283526
49.52618999998022,3.4050655028019605
49.527859999980215,3.4053867996755685
49.52952999998021,3.4057080965491764
49.53119999998021,3.4060293934227843
49.53286999998021,3.4063506902963354
49.534539999980204,3.4066719871699433
49.5362099999802,3.4069932840435513
49.5378799999802,3.407314580917159
49.539549999980196,3.407635877790767
49.54121999998019,3.407957174664375
49.54288999998019,3.408278471537983
49.54455999998019,3.408599768411591
49.546229999980184,3.4089210652852557
49.54789999998018,3.4092423621588637
49.54956999998018,3.4095636590324716
49.551239999980176,3.4098849559060795
49.55290999998017,3.4102062527796875
49.55457999998017,3.4105275496532954
49.55624999998017,3.4108488465269033
49.557919999980165,3.4111701434005113
49.55958999998016,3.411491440274119
49.56125999998016,3.411812737147727
49.562929999980156,3.412134034021335
49.56459999998015,3.412455330895
49.56626999998015,3.412776627768608
49.56793999998015,3.4130979246422157
49.569609999980145,3.413419221515767
49.57127999998014,3.4137405183893748
49.57294999998014,3.4140618152629827
49.574619999980136,3.4143831121365906
49.57628999998013,3.4147044090101986
49.57795999998013,3.4150257058838065
49.57962999998013,3.4153470027574144
49.581299999980125,3.4156682996310224
49.58296999998012,3.4159895965046303
49.58463999998012,3.4163108933782382
49.58630999998012,3.416632190251846
49.587979999980114,3.4169534871253973
49.58964999998011,3.417274783999005
49.59131999998011,3.417596080872613
49.592989999980105,3.417917377746278
49.5946599999801,3.418238674619886
49.5963299999801,3.4185599714934938
49.5979999999801,3.4188812683671017
49.599669999980094,3.4192025652407096
49.60133999998009,3.4195697787326935
49.60300999998009,3.419948300049498
49.604679999980085,3.4203268213662454
49.60634999998008,3.42070534268305
49.60801999998008,3.4210838639997974
49.60968999998008,3.4214623853166017
49.611359999980074,3.4218409066333493
49.61302999998007,3.4222194279501537
49.61469999998007,3.422597949266958
49.616369999980066,3.4229764705837056
49.61803999998006,3.42335499190051
49.61970999998006,3.4237335132173143
49.62137999998006,3.4241120345341187
49.623049999980054,3.4244905558508663
49.62471999998005,3.4248690771676706
49.62638999998005,3.425247598484475
49.628059999980046,3.4256261198012226
49.62972999998004,3.4259567827520527
49.63139999998004,3.4262780796256607
49.63306999998004,3.4265993764992686
49.634739999980034,3.4269206733728765
49.63640999998003,3.4272509443910053
49.63807999998003,3.4276223830494246
49.639749999980026,3.427993821707844
49.64141999998002,3.428365260366263
49.64308999998002,3.4287366990246824
49.64475999998002,3.4291081376831585
49.646429999980015,3.4294795763415777
49.64809999998001,3.429851014999997
49.64976999998001,3.4302224536584163
49.651439999980006,3.4305938923167787
49.65310999998,3.430965330975255
49.65477999998,3.431336769633674
49.65644999998,3.4317082082920933
49.658119999979995,3.4320796469505126
49.65978999997999,3.4324510856089887
49.66145999997999,3.432822524267408
49.66312999997999,3.4331939629258272
49.664799999979984,3.4335654015842465
49.66646999997998,3.4339368402426658
49.66813999997998,3.4342640420376824
49.669809999979975,3.4345853389112904
49.67147999997997,3.4349066357848983
49.67314999997997,3.4352279326585062
49.67481999997997,3.435549229532114
49.676489999979964,3.435870526405722
49.67815999997996,3.43619182327933
49.67982999997996,3.436513120152938
49.681499999979955,3.436834417026489
49.68316999997995,3.437155713900097
49.68483999997995,3.437477010773705
49.68650999997995,3.437798307647313
49.688179999979944,3.438119604520921
49.68984999997994,3.4384409013945287
49.69151999997994,3.4387621982681367
49.693189999979936,3.4390834951417446
49.69485999997993,3.4394047920153525
49.69652999997993,3.4397260888889605
49.69819999997993,3.4400473857625684
49.699869999979924,3.440368682636233
49.70153999997992,3.440689979509841
49.70320999997992,3.441011276383449
49.704879999979916,3.441332573257057
49.70654999997991,3.441653870130665
49.70821999997991,3.441975167004273
49.70988999997991,3.442296463877881
49.711559999979904,3.4426177607514887
49.7132299999799,3.4429390576250967
49.7148999999799,3.4432603544987046
49.716569999979896,3.4435816513722557
49.71823999997989,3.4439029482459205
49.71990999997989,3.4442242451195284
49.72157999997989,3.4445455419931363
49.723249999979885,3.4448668388667443
49.72491999997988,3.445188135740352
49.72658999997988,3.44550943261396
49.728259999979876,3.445830729487568
49.72992999997987,3.446152026361176
49.73159999997987,3.446473323234784
49.73326999997987,3.446794620108335
49.734939999979865,3.447115916981943
49.73660999997986,3.447437213855551
49.73827999997986,3.447758510729159
49.739949999979856,3.4480798076027668
49.741619999979854,3.4484011044763747
49.74328999997985,3.4487224013499826
49.74495999997985,3.4490436982235906
49.746629999979845,3.4493649950971985
49.74829999997984,3.4496862919708065
49.74996999997984,3.4500075888444712
49.75163999997984,3.450328885718079
49.753309999979834,3.450650182591687
49.75497999997983,3.450971479465295
49.75664999997983,3.451292776338846
49.758319999979825,3.451614073212454
49.75998999997982,3.451935370086062
49.76165999997982,3.45225666695967
49.76332999997982,3.452577963833278
49.764999999979814,3.452899260706886
49.76666999997981,3.4532205575804937
49.76833999997981,3.4535418544541017
49.770009999979806,3.4538631513277096
49.7716799999798,3.4541844482013175
49.7733499999798,3.4545057450749823
49.7750199999798,3.4548270419485902
49.776689999979794,3.455148338822198
49.77835999997979,3.455469635695806
49.78002999997979,3.455790932569414
49.781699999979786,3.456112229442965
49.78336999997978,3.456433526316573
49.78503999997978,3.456754823190181
49.78670999997978,3.457076120063789
49.788379999979774,3.457397416937397
49.79004999997977,3.457718713811005
49.79171999997977,3.4580400106846128
49.793389999979766,3.4583613075582775
49.79505999997976,3.4586826044318855
49.79672999997976,3.4590039013054934
49.79839999997976,3.4593251981790445
49.800069999979755,3.459648893681333
49.80173999997975,3.4600274149981374
49.80340999997975,3.460405936314885
49.805079999979746,3.4607844576316893
49.80674999997974,3.461162978948437
49.80841999997974,3.461541500265241
49.81008999997974,3.4619200215819887
49.811759999979735,3.462298542898793
49.81342999997973,3.4626770642155975
49.81509999997973,3.463055585532345
49.816769999979726,3.4634341068491494
49.818439999979724,3.463812628165897
49.82010999997972,3.4641911494827013
49.82177999997972,3.464569670799449
49.823449999979715,3.4649481921162533
49.82511999997971,3.4653267134330576
49.82678999997971,3.465705234749805
49.82845999997971,3.4660794156903876
49.830129999979704,3.4664007125639387
49.8317999999797,3.4667220094375466
49.8334699999797,3.4670433063111545
49.835139999979695,3.4673646031847625
49.83680999997969,3.4676859000583704
49.83847999997969,3.468007196932035
49.84014999997969,3.468328493805643
49.841819999979684,3.468649790679251
49.84348999997968,3.468971087552859
49.84515999997968,3.469292384426467
49.846829999979676,3.469613681300075
49.84849999997967,3.469934978173683
49.85016999997967,3.4702562750472907
49.85183999997967,3.4705775719208987
49.853509999979664,3.4708988687945066
49.85517999997966,3.4712201656681145
49.85684999997966,3.4715414625417225
49.858519999979656,3.4718627594153304
49.86018999997965,3.4721840562889383
49.86185999997965,3.4725053531624894
49.86352999997965,3.472826650036154
49.865199999979644,3.473147946909762
49.86686999997964,3.47346924378337
49.86853999997964,3.473790540656978
49.870209999979636,3.474111837530586
49.87187999997963,3.474433134404194
49.87354999997963,3.474754431277802
49.87521999997963,3.4750757281514097
49.876889999979625,3.4753970250250177
49.87855999997962,3.4757183218985688
49.88022999997962,3.4760396187721767
49.881899999979616,3.4763609156457846
49.88356999997961,3.4766822125194494
49.88523999997961,3.4770035093930574
49.88690999997961,3.4773248062666653
49.888579999979605,3.4776461031402732
49.8902499999796,3.477967400013881
49.8919199999796,3.478288696887489
49.893589999979596,3.478609993761097
49.895259999979594,3.478931290634705
49.89692999997959,3.479252587508313
49.89859999997959,3.479573884381921
49.900269999979585,3.4798951812555288
49.90193999997958,3.4802164781291367
49.90360999997958,3.4805377750027446
49.90527999997958,3.4808590718762957
49.906949999979574,3.4811803687499037
49.90861999997957,3.4815016656235116
49.91028999997957,3.4818229624971195
49.911959999979565,3.4821442593707275
49.91362999997956,3.4824655562443354
49.91529999997956,3.4827868531179433
49.91696999997956,3.483108149991608
49.918639999979554,3.483429446865216
49.92030999997955,3.483750743738824
49.92197999997955,3.484072040612432
49.923649999979546,3.48439333748604
49.92531999997954,3.484714634359648
49.92698999997954,3.485035931233199
49.92865999997954,3.485357228106807
49.930329999979534,3.4856785249804147
49.93199999997953,3.4859998218540227
49.93366999997953,3.4863211187276306
49.935339999979526,3.4866424156012954
49.93700999997952,3.4869637124749033
49.93867999997952,3.4872850093485113
49.94034999997952,3.487606306222119
49.942019999979514,3.487927603095727
49.94368999997951,3.4882488999692782
49.94535999997951,3.488570196842886
49.947029999979506,3.488891493716494
49.9486999999795,3.489212790590102
49.9503699999795,3.48953408746371
49.9520399999795,3.489855384337318
49.953709999979495,3.490176681210926
49.95537999997949,3.4904979780845338
49.95704999997949,3.4908192749581417
49.958719999979486,3.4911405718317496
49.96038999997948,3.4914618687053576
49.96205999997948,3.4917831655789655
49.96372999997948,3.4921044624525734
49.965399999979475,3.4924257593261814
49.96706999997947,3.4927470561997893
49.96873999997947,3.4930683530733972
49.970409999979466,3.49341864077212
49.972079999979464,3.493790079430539
49.97374999997946,3.4941615180889585
49.97541999997946,3.4945329567473777
49.977089999979455,3.494904395405854
49.97875999997945,3.4952758340642163
49.98042999997945,3.4956472727226355
49.98209999997945,3.496018711381055
49.983769999979444,3.496390150039474
49.98543999997944,3.49676158869795
49.98710999997944,3.4971330273563694
49.988779999979435,3.4975044660147887
49.99044999997943,3.497875904673208
49.99211999997943,3.498247343331684
49.99378999997943,3.4986187819901033
49.995459999979424,3.4989902206485226
49.99712999997942,3.499361659306942
49.99879999997942,3.499733097965361
50.000469999979416,3.500180306897505
50.00213999997941,3.5008209718590706
50.00380999997941,3.50146163682075
50.00547999997941,3.5021023017823723
50.007149999979404,3.5027429667439947
50.0088199999794,3.503383631705617
50.0104899999794,3.5040242966672395
50.012159999979396,3.5046649616289187
50.01382999997939,3.505305626590541
50.01549999997939,3.5059462915521635
50.01716999997939,3.506586956513786
50.018839999979384,3.507227621475465
50.02050999997938,3.5078682864370876
50.02217999997938,3.50850895139871
50.023849999979376,3.5091496163603324
50.02551999997937,3.5097902813220117
50.02718999997937,3.510430946283634
50.02885999997937,3.5110896580749227
50.030529999979365,3.5117875474797415
50.03219999997936,3.5124854368845604
50.03386999997936,3.5131833262893792
50.035539999979356,3.513881215694198
50.03720999997935,3.514579105099017
50.03887999997935,3.515276994503779
50.04054999997935,3.515974883908598
50.042219999979345,3.5166727733134167
50.04388999997934,3.5173706627182355
50.04555999997934,3.5180685521230544
50.047229999979336,3.5187664415278164
50.048899999979334,3.519464330932692
50.05056999997933,3.520162220337511
50.05223999997933,3.5208601097423298
50.053909999979325,3.5215579991471486
50.05557999997932,3.5222558885519106
50.05724999997932,3.5229537779567295
50.05891999997932,3.5236516673615483
50.060589999979314,3.524349556766367
50.06225999997931,3.525047446171129
50.06392999997931,3.525745335575948
50.065599999979305,3.526443224980767
50.0672699999793,3.5271411143855858
50.0689399999793,3.5278390037903478
50.0706099999793,3.5285368931952235
50.072279999979294,3.5292347826000423
50.07394999997929,3.529932672004861
50.07561999997929,3.530630561409623
50.077289999979286,3.5313022236063603
50.07895999997928,3.5319298465315114
50.08062999997928,3.5325574694566626
50.08229999997928,3.533185092381757
50.083969999979274,3.533812715306908
50.08563999997927,3.534440338232116
50.08730999997927,3.5350679611572673
50.088979999979266,3.5356955840824185
50.09064999997926,3.5363232070075696
50.09231999997926,3.536950829932721
50.09398999997926,3.537578452857872
50.095659999979254,3.538206075783023
50.09732999997925,3.5388336987081743
50.09899999997925,3.5394613216332687
50.100669999979246,3.54008894455842
50.10233999997924,3.540716567483571
50.10400999997924,3.5414077247697264
50.10567999997924,3.5421056141745453
50.107349999979235,3.5428035035793073
50.10901999997923,3.543501392984126
50.11068999997923,3.544199282388945
50.112359999979226,3.544897171793764
50.11402999997922,3.5455950611985827
50.11569999997922,3.5462929506033447
50.11736999997922,3.5469908400081636
50.119039999979215,3.5476887294129824
50.12070999997921,3.5483866188178013
50.12237999997921,3.549084508222677
50.124049999979206,3.549782397627496
50.125719999979204,3.550480287032258
50.1273899999792,3.5511781764370767
50.1290599999792,3.5518760658418955
50.130729999979195,3.5525739552467144
50.13239999997919,3.5532718446515332
50.13406999997919,3.5539697340562952
50.13573999997919,3.554667623461114
50.137409999979184,3.555365512865933
50.13907999997918,3.556063402270752
50.14074999997918,3.556761291675514
50.142419999979175,3.5574591810803327
50.14408999997917,3.5581570704851515
50.14575999997917,3.5588549598899704
50.14742999997917,3.5595528492947324
50.149099999979164,3.560250738699551
50.15076999997916,3.560948628104427
50.15243999997916,3.5616465175092458
50.154109999979156,3.5623234157975503
50.15577999997915,3.5629510387227015
50.15744999997915,3.5635786616478526
50.15911999997915,3.564206284573004
50.160789999979144,3.564833907498155
50.16245999997914,3.565461530423306
50.16412999997914,3.5660891533484573
50.165799999979136,3.5667167762735517
50.16746999997913,3.5673443991987597
50.16913999997913,3.567972022123911
50.17080999997913,3.568599645049062
50.172479999979124,3.569227267974213
50.17414999997912,3.5698548908993644
50.17581999997912,3.5704825138245155
50.177489999979116,3.5711101367496667
50.17915999997911,3.571737759674818
50.18082999997911,3.572423680869292
50.18249999997911,3.573121570274111
50.184169999979105,3.573819459678873
50.1858399999791,3.574517349083692
50.1875099999791,3.5752152384885107
50.189179999979096,3.5759131278933296
50.19084999997909,3.5766110172980916
50.19251999997909,3.5773089067029105
50.19418999997909,3.5780067961077293
50.195859999979085,3.578704685512548
50.19752999997908,3.579402574917367
50.19919999997908,3.580100464322186
50.200869999979076,3.5807685421914357
50.202539999979074,3.581409207153058
50.20420999997907,3.5820498721146805
50.20587999997907,3.582690537076303
50.207549999979065,3.583331202037982
50.20921999997906,3.5839718669996046
50.21088999997906,3.584612531961284
50.21255999997906,3.5852531969228494
50.214229999979054,3.5858938618845286
50.21589999997905,3.586534526846151
50.21756999997905,3.5871751918078303
50.219239999979045,3.5878158567694527
50.22090999997904,3.588456521731132
50.22257999997904,3.5890971866926975
50.22424999997904,3.5897378516543768
50.225919999979034,3.590378516615999
50.22758999997903,3.5910191815776784
50.22925999997903,3.5916915998224113
50.230929999979026,3.59237373420234
50.23259999997902,3.5930013571274912
50.23426999997902,3.5936289800526993
50.23593999997902,3.5942566029778504
50.237609999979014,3.5948842259030016
50.23927999997901,3.595511848828153
50.24094999997901,3.596139471753304
50.242619999979006,3.596767094678455
50.244289999979,3.5973947176036063
50.245959999979,3.5980223405287575
50.247629999979,3.5986499634539086
50.249299999978994,3.599277586379003
50.25096999997899,3.599905209304154
50.25263999997899,3.6005328322293053
50.254309999978986,3.6011604551544565
50.25597999997898,3.6017880780796077
50.25764999997898,3.6024687631824577
50.25931999997898,3.6031666525872765
50.260989999978975,3.6038645419920954
50.26265999997897,3.6045624313968574
50.26432999997897,3.6052603208016762
50.265999999978966,3.605958210206495
50.26766999997896,3.606656099611314
50.26933999997896,3.607353989016076
50.27100999997896,3.6080518784209517
50.272679999978955,3.6087497678257705
50.27434999997895,3.6094476572305894
50.27601999997895,3.6101455466353514
50.277689999978946,3.61084343604017
50.279359999978944,3.611541325444989
50.28102999997894,3.612239214849808
50.28269999997894,3.61293710425457
50.284369999978935,3.613634993659389
50.28603999997893,3.6143328830642076
50.28770999997893,3.6150307724690265
50.28937999997893,3.6157286618738453
50.291049999978924,3.6164265512786073
50.29271999997892,3.617124440683426
50.29438999997892,3.617822330088245
50.296059999978915,3.6185202194931207
50.29772999997891,3.6192181088979396
50.29939999997891,3.6199159983027585
50.30106999997891,3.6206138877075205
50.302739999978904,3.6213117771123393
50.3044099999789,3.622009666517158
50.3060799999789,3.622707555921977
50.307749999978896,3.623394926393587
50.30941999997889,3.624022549318738
50.31108999997889,3.6246501722438893
50.31275999997889,3.6252777951690405
50.314429999978884,3.6259054180941916
50.31609999997888,3.626533041019343
50.31776999997888,3.627160663944494
50.319439999978876,3.627788286869645
50.32110999997887,3.6284159097947963
50.32277999997887,3.6290435327198907
50.32444999997887,3.629671155645042
50.326119999978864,3.630298778570193
50.32778999997886,3.630926401495344
50.32945999997886,3.6315540244204954
50.331129999978856,3.6321816473456465
50.33279999997885,3.632809270270741
50.33446999997885,3.6334847192819666
50.33613999997885,3.6341826086867854
50.337809999978845,3.6348804980916043
50.33947999997884,3.635578387496423
50.34114999997884,3.636276276901242
50.342819999978836,3.636974166306004
50.34448999997883,3.6376720557108797
50.34615999997883,3.6383699451156986
50.34782999997883,3.6390678345205174
50.349499999978825,3.6397657239253363
50.35116999997882,3.6404636133300983
50.35283999997882,3.641161502734917
50.354509999978816,3.641859392139736
50.356179999978814,3.642557281544555
50.35784999997881,3.6432551709493737
50.35951999997881,3.6439530603541925
50.361189999978805,3.6446509497590114
50.3628599999788,3.6453488391638302
50.3645299999788,3.646046728568649
50.3661999999788,3.646744617973468
50.367869999978794,3.647442507378287
50.36953999997879,3.648140396783049
50.37120999997879,3.6488382861878677
50.372879999978785,3.6495361755926865
50.37454999997878,3.6502340649975054
50.37621999997878,3.650931954402324
50.37788999997878,3.651629843807143
50.379559999978774,3.652327733211905
50.38122999997877,3.653025622616724
50.38289999997877,3.6537235120215996
50.384569999978766,3.6544214014264185
50.38623999997876,3.6551192908312373
50.38790999997876,3.6558171802359993
50.38957999997876,3.656515069640818
50.391249999978754,3.657212959045637
50.39291999997875,3.657910848450456
50.39458999997875,3.658608737855218
50.396259999978746,3.6593066272600367
50.39792999997874,3.6600045166648556
50.39959999997874,3.6607024060696745
50.40126999997874,3.661356777485423
50.402939999978734,3.6619974424471025
50.40460999997873,3.662638107408725
50.40627999997873,3.663278772370404
50.407949999978726,3.6639194373319697
50.40961999997872,3.664560102293592
50.41128999997872,3.665146489556321
50.41295999997872,3.6657168880382187
50.414629999978715,3.6662872865202303
50.41629999997871,3.666857685002185
50.41796999997871,3.6674280834841966
50.419639999978706,3.6679984819661513
50.4213099999787,3.668568880448106
50.4229799999787,3.6691392789301176
50.4246499999787,3.6697096774120723
50.426319999978695,3.670280075894084
50.42798999997869,3.6708504743760386
50.42965999997869,3.671466332594605
50.431329999978686,3.672093955519699
50.43299999997868,3.6727215784448504
50.43466999997868,3.6733492013700015
50.43633999997868,3.673998142667358
50.438009999978675,3.67469603207212
50.43967999997867,3.675393921476939
50.44134999997867,3.6760918108818146
50.44301999997867,3.6767897002866334
50.444689999978664,3.6774875896913954
50.44635999997866,3.6781854790962143
50.44802999997866,3.678883368501033
50.449699999978655,3.679581257905852
50.45136999997865,3.680279147310614
50.45303999997865,3.680977036715433
50.45470999997865,3.6816749261202517
50.456379999978644,3.6823728155250706
50.45804999997864,3.6830707049298894
50.45971999997864,3.6837685943347083
50.461389999978636,3.684466483739527
50.46305999997863,3.685164373144346
50.46472999997863,3.685862262549165
50.46639999997863,3.686560151953927
50.468069999978624,3.6872580413587457
50.46973999997862,3.6879559307635645
50.47140999997862,3.6886538201683834
50.473079999978616,3.6893517095732022
50.47474999997861,3.6900495989779643
50.47641999997861,3.690747488382783
50.47808999997861,3.691445377787602
50.479759999978604,3.692143267192421
50.4814299999786,3.6928411565972397
50.4830999999786,3.6935390460020585
50.484769999978596,3.6942369354068205
50.48643999997859,3.6949348248116394
50.48810999997859,3.695583672609132
50.48977999997859,3.69621129553434
50.491449999978585,3.696838918459491
50.49311999997858,3.6974665413846424
50.49478999997858,3.6980941643097935
50.496459999978576,3.698721787234888
50.49812999997857,3.699349410160039
50.49979999997857,3.69997703308519
50.50146999997857,3.7006046560103414
50.503139999978565,3.7012322789354926
50.50480999997856,3.7018599018606437
50.50647999997856,3.7024875247858517
50.508149999978556,3.703115147711003
50.50981999997855,3.703742770636154
50.51148999997855,3.7043703935613053
50.51315999997855,3.7050140987669806
50.514829999978545,3.7057119881717995
50.51649999997854,3.7064098775765615
50.51816999997854,3.7071077669813803
50.51983999997854,3.707805656386199
50.521509999978534,3.708503545791018
50.52317999997853,3.70920143519578
50.52484999997853,3.709899324600599
50.526519999978525,3.7105972140054178
50.52818999997852,3.7112951034102366
50.52985999997852,3.7119929928149986
50.53152999997852,3.7126908822198743
50.533199999978514,3.713388771624693
50.53486999997851,3.714086661029512
50.53653999997851,3.714784550434274
50.538209999978505,3.715482439839093
50.5398799999785,3.7161803292439117
50.5415499999785,3.7168782186487306
50.5432199999785,3.7175761080535494
50.544889999978494,3.7182739974583114
50.54655999997849,3.7189718868631303
50.54822999997849,3.719669776267949
50.549899999978486,3.720367665672768
50.55156999997848,3.721065555077587
50.55323999997848,3.721763444482349
50.55490999997848,3.7224613338871677
50.556579999978474,3.7231592232919866
50.55824999997847,3.7238571126968054
50.55991999997847,3.7245550021016243
50.561589999978466,3.725252891506443
50.56325999997846,3.725950780911205
50.56492999997846,3.726604864800322
50.56659999997846,3.727232487725473
50.568269999978455,3.7278601106506244
50.56993999997845,3.7284877335758324
50.57160999997845,3.7291153565009836
50.573279999978446,3.7297429794261348
50.57494999997844,3.730370602351229
50.57661999997844,3.7309982252763803
50.57828999997844,3.7316258482015314
50.579959999978435,3.7322534711266826
50.58162999997843,3.7328810940518338
50.58329999997843,3.733508716976985
50.584969999978426,3.7341363399020793
50.58663999997842,3.7347639628272873
50.58830999997842,3.7353915857524385
50.58997999997842,3.7360300548664895
50.591649999978415,3.7367279442713084
50.59331999997841,3.7374258336761272
50.59498999997841,3.7381237230808892
50.59665999997841,3.738821612485708
50.598329999978404,3.739519501890527
50.5999999999784,3.740217391295346
50.6016699999784,3.740858056257764
50.603339999978395,3.7414987212193864
50.60500999997839,3.742139386181009
50.60667999997839,3.7427800511426312
50.60834999997839,3.7434207161042536
50.610019999978384,3.744061381065933
50.61168999997838,3.7447020460275553
50.61335999997838,3.7453427109891777
50.615029999978375,3.7459833759508
50.61669999997837,3.7466240409124794
50.61836999997837,3.7472647058741018
50.62003999997837,3.747905370835724
50.621709999978364,3.7485460357974034
50.62337999997836,3.749186700758969
50.62504999997836,3.7498273657206482
50.626719999978356,3.7504680306822706
50.62838999997835,3.7511106373907523
50.63005999997835,3.751808526795571
50.63172999997835,3.752506416200333
50.633399999978344,3.753204305605152
50.63506999997834,3.7539021950100278
50.63673999997834,3.7546000844148466
50.638409999978336,3.7552979738196655
50.64007999997833,3.7559958632244843
50.64174999997833,3.7566551832052255
50.64341999997833,3.7572828061303767
50.645089999978325,3.757910429055471
50.64675999997832,3.758538051980622
50.64842999997832,3.7591656749057734
50.650099999978316,3.7597932978309245
50.65176999997831,3.7604209207561325
50.65343999997831,3.7610485436812837
50.65510999997831,3.761676166606378
50.656779999978305,3.762303789531529
50.6584499999783,3.7629314124566804
50.6601199999783,3.7635590353818316
50.661789999978296,3.7641866583069827
50.66345999997829,3.764814281232134
50.66512999997829,3.7654419041572282
50.66679999997829,3.766075137179655
50.668469999978285,3.766773026584474
50.67013999997828,3.7674709159892927
50.67180999997828,3.7681688053941116
50.67347999997828,3.7688666947988736
50.675149999978274,3.7695645842036924
50.67681999997827,3.7702624736085113
50.67848999997827,3.77096036301333
50.680159999978265,3.771658252418206
50.68182999997826,3.7723561418230247
50.68349999997826,3.7730540312277867
50.68516999997826,3.7737519206326056
50.686839999978254,3.7744498100374244
50.68850999997825,3.7751476994422433
50.69017999997825,3.775845588847062
50.691849999978245,3.776543478251824
50.69351999997824,3.777241367656643
50.69518999997824,3.777939257061462
50.69685999997824,3.7786371464662807
50.698529999978234,3.7793350358710427
50.70019999997823,3.7800329252758615
50.70186999997823,3.7807308146806804
50.703539999978226,3.7814287040854992
50.70520999997822,3.7821265934902613
50.70687999997822,3.78282448289508
50.70854999997822,3.783522372299899
50.710219999978214,3.784220261704718
50.71188999997821,3.78491815110948
50.71355999997821,3.7856160405142987
50.715229999978206,3.7863139299191175
50.7168999999782,3.7870118193239932
50.7185699999782,3.787709708728812
50.7202399999782,3.788407598133574
50.721909999978195,3.789105487538393
50.72357999997819,3.789803376943212
50.72524999997819,3.7905012663480306
50.726919999978186,3.7911991557528495
50.72858999997818,3.7918970451576115
50.73025999997818,3.7925949345624304
50.73192999997818,3.793292823967306
50.733599999978175,3.793990713372125
50.73526999997817,3.7946886027769438
50.73693999997817,3.7953864921817626
50.738609999978166,3.7960843815865246
50.74027999997816,3.7967822709913435
50.74194999997816,3.7974801603961623
50.74361999997816,3.7981659880908296
50.745289999978155,3.798793611015924
50.74695999997815,3.799421233941075
50.74862999997815,3.8000488568662263
50.75029999997815,3.8006764797913775
50.751969999978144,3.8013041027165286
50.75363999997814,3.80193172564168
50.75530999997814,3.802559348566888
50.756979999978135,3.803186971492039
50.75864999997813,3.80381459441719
50.76031999997813,3.8044422173423413
50.76198999997813,3.8050698402674925
50.763659999978124,3.805697463192587
50.76532999997812,3.806325086117738
50.76699999997812,3.806952709042889
50.768669999978115,3.8075803319680404
50.77033999997811,3.8082573237562087
50.77200999997811,3.8089552131610276
50.77367999997811,3.8096531025658464
50.775349999978104,3.8103509919706653
50.7770199999781,3.8110488813754273
50.7786899999781,3.811746770780246
50.780359999978096,3.812444660185122
50.78202999997809,3.8131425495899407
50.78369999997809,3.8138404389947027
50.78536999997809,3.8145383283995216
50.787039999978084,3.8152362178043404
50.78870999997808,3.8159341072091593
50.79037999997808,3.8166319966139213
50.792049999978076,3.81732988601874
50.79371999997807,3.818027775423559
50.79538999997807,3.818725664828378
50.79705999997807,3.8194235542331967
50.798729999978065,3.8201214436380155
50.80039999997806,3.820805626590129
50.80206999997806,3.8214462915517515
50.803739999978056,3.8220869565134308
50.80540999997805,3.822727621475053
50.80707999997805,3.8233682864366187
50.80874999997805,3.824008951398298
50.810419999978045,3.8246496163599204
50.81208999997804,3.8252902813215997
50.81375999997804,3.825930946283222
50.815429999978036,3.8265716112448445
50.81709999997803,3.827212276206467
50.81876999997803,3.8278529411680893
50.82043999997803,3.8284867805112412
50.822109999978025,3.829057178993196
50.82377999997802,3.8296275774752075
50.82544999997802,3.8301979759571054
50.82711999997802,3.830768374439117
50.828789999978014,3.8313544211213753
50.83045999997801,3.8319820440465264
50.83212999997801,3.8326096669716776
50.833799999978005,3.8332372898968288
50.835469999978,3.83386491282198
50.837139999978,3.8344925357470743
50.838809999978,3.8351201586722254
50.840479999977994,3.8357477815973766
50.84214999997799,3.836375404522528
50.84381999997799,3.837003027447679
50.845489999977985,3.83763065037283
50.84715999997798,3.8383024060693742
50.84882999997798,3.8390002954741362
50.85049999997798,3.839698184878955
50.852169999977974,3.840396074283774
50.85383999997797,3.841093963688593
50.85550999997797,3.8417918530934116
50.857179999977966,3.8424897424981737
50.85884999997796,3.8431876319029925
50.86051999997796,3.843885521307868
50.86218999997796,3.844583410712687
50.863859999977954,3.845281300117506
50.86552999997795,3.8459791895223248
50.86719999997795,3.8466770789270868
50.868869999977946,3.8473749683319056
50.87053999997794,3.8480728577367245
50.87220999997794,3.8487707471415433
50.87387999997794,3.849468636546362
50.875549999977935,3.850166525951124
50.87721999997793,3.850864415356
50.87888999997793,3.8515623047608187
50.880559999977926,3.8522601941656376
50.88222999997792,3.8529580835704564
50.88389999997792,3.8536559729752753
50.88556999997792,3.8543538623800373
50.887239999977915,3.855051751784856
50.88890999997791,3.855749641189675
50.89057999997791,3.856447530594494
50.892249999977906,3.8571454199993127
50.8939199999779,3.8578433094040747
50.8955899999779,3.8585411988088936
50.8972599999779,3.8592374986868094
50.898929999977895,3.8598651216119606
50.90059999997789,3.8604927445371118
50.90226999997789,3.861120367462263
50.90393999997789,3.861747990387471
50.905609999977884,3.862375613312622
50.90727999997788,3.8630032362377165
50.90894999997788,3.8636308591628676
50.910619999977875,3.864258482088019
50.91228999997787,3.86488610501317
50.91395999997787,3.865513727938321
50.91562999997787,3.8661413508634723
50.917299999977864,3.8667689737885667
50.91896999997786,3.867396596713718
50.92063999997786,3.868024219638869
50.922309999977855,3.86865184256402
50.92397999997785,3.86931836216894
50.92564999997785,3.8700162515738157
50.92731999997785,3.8707141409785777
50.928989999977844,3.8714120303833965
50.93065999997784,3.8721099197882154
50.93232999997784,3.8728078091930342
50.933999999977836,3.873505698597853
50.93566999997783,3.874203588002615
50.93733999997783,3.874901477407434
50.93900999997783,3.875599366812253
50.940679999977824,3.8762972562170717
50.94234999997782,3.8769951456219474
50.94401999997782,3.877693035026766
50.945689999977816,3.878390924431528
50.94735999997781,3.879088813836347
50.94902999997781,3.879786703241166
50.95069999997781,3.8804845926459848
50.952369999977805,3.881182482050747
50.9540399999778,3.8818803714555656
50.9557099999778,3.8825782608603845
50.957379999977796,3.8832761502652033
50.95904999997779,3.8839740396699654
50.96071999997779,3.884671929074784
50.96238999997779,3.885369818479603
50.964059999977785,3.886067707884422
50.96572999997778,3.8867655972892408
50.96739999997778,3.8874634866940028
50.969069999977776,3.8881613760988216
50.97073999997777,3.8888592655036405
50.97240999997777,3.8895571549084593
50.97407999997777,3.8902550443132213
50.975749999977765,3.8908863138031506
50.97741999997776,3.8915139367283587
50.97908999997776,3.892141559653453
50.98075999997776,3.892769182578604
50.982429999977754,3.8933968055037553
50.98409999997775,3.8940244284289065
50.98576999997775,3.8946520513540577
50.987439999977745,3.895279674279209
50.98910999997774,3.89590729720436
50.99077999997774,3.896534920129511
50.99244999997774,3.8971625430546624
50.994119999977734,3.8977901659798135
50.99578999997773,3.898417788904908
50.99745999997773,3.899045411830059
50.999129999977725,3.89967303475521
51.00079999997772,3.9004695652043893
51.00246999997772,3.901449782595705
51.00413999997772,3.902429999987021
51.005809999977714,3.9034102173783367
51.00747999997771,3.9043904347695957
51.00914999997771,3.9053706521609115
51.010819999977706,3.9063508695522273
51.0124899999777,3.907331086943543
51.0141599999777,3.908311304334859
51.0158299999777,3.909291521726118
51.017499999977694,3.9102717391174906
51.01916999997769,3.9112519565087496
51.02083999997769,3.9122321739000654
51.022509999977686,3.9132123912913244
51.02417999997768,3.914192608682697
51.02584999997768,3.915172826073956
51.02751999997768,3.916153043465272
51.029189999977675,3.917133260856531
51.03085999997767,3.9181134782478466
51.03252999997767,3.9190936956391624
51.034199999977666,3.9200739130304783
51.03586999997766,3.9210541304217372
51.03753999997766,3.922034347813053
51.03920999997766,3.923014565204312
51.040879999977655,3.923994782595628
51.04254999997765,3.9249749999869437
51.04421999997765,3.9259552173782595
51.045889999977646,3.9269354347695753
51.04755999997764,3.9279156521608343
51.04922999997764,3.92889586955215
51.05089999997764,3.929876086943466
51.052569999977635,3.9308563043347817
51.05423999997763,3.9318365217260407
51.05590999997763,3.9328167391173565
51.05757999997763,3.933796956508729
51.059249999977624,3.934777173899988
51.06091999997762,3.935757391291304
51.06258999997762,3.936737608682563
51.064259999977615,3.9377178260739356
51.06592999997761,3.9386980434651946
51.06759999997761,3.9396782608565104
51.06926999997761,3.9406584782477694
51.070939999977604,3.941638695639142
51.0726099999776,3.942618913030401
51.0742799999776,3.943599130421717
51.075949999977595,3.944579347812976
51.07761999997759,3.9455996774053688
51.07928999997759,3.9466501612762954
51.08095999997759,3.947700645147279
51.082629999977584,3.9487511290182056
51.08429999997758,3.949801612889189
51.08596999997758,3.9508520967601157
51.087639999977576,3.9519025806310992
51.08930999997757,3.952953064502026
51.09097999997757,3.9540035483730094
51.09264999997757,3.955054032243993
51.094319999977564,3.9561045161149195
51.09598999997756,3.95715499998596
51.09765999997756,3.9582054838568865
51.099329999977556,3.95925596772787
51.10099999997755,3.9603064515987967
51.10266999997755,3.961349782595562
51.10433999997755,3.9623299999868777
51.106009999977545,3.9633102173781367
51.10767999997754,3.9642904347694525
51.10934999997754,3.9652706521607115
51.111019999977536,3.966250869552084
51.11268999997753,3.967231086943343
51.11435999997753,3.968211304334659
51.11602999997753,3.969191521725975
51.117699999977525,3.9701717391172338
51.11936999997752,3.9711519565085496
51.12103999997752,3.9721321738998654
51.122709999977516,3.973112391291181
51.12437999997751,3.97409260868244
51.12604999997751,3.975072826073756
51.12771999997751,3.976053043465072
51.129389999977505,3.9770332608563876
51.1310599999775,3.9780134782477035
51.1327299999775,3.9789936956389624
51.1343999999775,3.9799739130302783
51.136069999977494,3.980954130421594
51.13773999997749,3.98193434781291
51.13940999997749,3.982914565204169
51.141079999977485,3.9838947825954847
51.14274999997748,3.9848749999868005
51.14441999997748,3.9858552173781163
51.14608999997748,3.9868354347693753
51.147759999977474,3.987815652160691
51.14942999997747,3.988795869552007
51.15109999997747,3.9897760869433228
51.152769999977465,3.9907563043345817
51.15443999997746,3.9917713978352936
51.15610999997746,3.99282188170622
51.15777999997746,3.9938723655772037
51.159449999977454,3.9949228494481304
51.16111999997745,3.9959733333191707
51.16278999997745,3.997023817190154
51.164459999977446,3.998074301061081
51.16612999997744,3.9991247849320644
51.16779999997744,4.000175268802991
51.16946999997744,4.0012257526739745
51.171139999977434,4.002276236544901
51.17280999997743,4.003326720415885
51.17447999997743,4.004377204286868
51.176149999977426,4.005427688157795
51.17781999997742,4.006478172028778
51.17948999997742,4.007526739117168
51.18115999997742,4.008506956508484
51.182829999977415,4.009487173899743
51.18449999997741,4.0104673912910584
51.18616999997741,4.011447608682317
51.187839999977406,4.01242782607369
51.1895099999774,4.013408043464949
51.1911799999774,4.014388260856265
51.1928499999774,4.015368478247524
51.194519999977395,4.0163486956388965
51.19618999997739,4.0173289130301555
51.19785999997739,4.018309130421471
51.199529999977386,4.01928934781273
51.20119999997738,4.020269565204103
51.20286999997738,4.021249782595362
51.20453999997738,4.022229999986678
51.206209999977375,4.023210217377937
51.20787999997737,4.024190434769309
51.20954999997737,4.025170652160625
51.21121999997737,4.026150869551884
51.212889999977364,4.0271310869432
51.21455999997736,4.028111304334459
51.21622999997736,4.029091521725832
51.217899999977355,4.030071739117091
51.21956999997735,4.031051956508406
51.22123999997735,4.032032173899722
51.22290999997735,4.033012391290981
51.224579999977344,4.033992608682297
51.22624999997734,4.034972826073613
51.22791999997734,4.035953043464929
51.229589999977335,4.036933260856188
51.23125999997733,4.037943118265275
51.23292999997733,4.038993602136259
51.23459999997733,4.040044086007185
51.236269999977324,4.041094569878169
51.23793999997732,4.0421450537490955
51.23960999997732,4.043195537620079
51.241279999977316,4.044246021491006
51.24294999997731,4.045296505361989
51.24461999997731,4.0463469892330295
51.24628999997731,4.047397473103956
51.247959999977304,4.04844795697494
51.2496299999773,4.049498440845866
51.2512999999773,4.05054892471685
51.252969999977296,4.0515994085877765
51.25463999997729,4.05264989245876
51.25630999997729,4.053700376329687
51.25797999997729,4.05468391303009
51.259649999977285,4.0556641304213485
51.26131999997728,4.056644347812664
51.26298999997728,4.057624565203923
51.264659999977276,4.058604782595296
51.26632999997727,4.059584999986555
51.26799999997727,4.060565217377871
51.26966999997727,4.06154543476913
51.271339999977265,4.062525652160502
51.27300999997726,4.063505869551761
51.27467999997726,4.064486086943077
51.276349999977256,4.065466304334336
51.27801999997725,4.066446521725709
51.27968999997725,4.067426739117025
51.28135999997725,4.068406956508284
51.283029999977245,4.0693871738995995
51.28469999997724,4.0703673912908584
51.28636999997724,4.071347608682231
51.28803999997724,4.07232782607349
51.289709999977234,4.073308043464806
51.29137999997723,4.074288260856065
51.29304999997723,4.075268478247381
51.294719999977225,4.0762486956386965
51.29638999997722,4.077228913030012
51.29805999997722,4.078209130421271
51.29972999997722,4.079189347812587
51.301399999977214,4.080169565203846
51.30306999997721,4.081149782595162
51.30473999997721,4.082129999986478
51.306409999977205,4.083110217377794
51.3080799999772,4.084114838695143
51.3097499999772,4.0851653225661835
51.3114199999772,4.08621580643711
51.313089999977194,4.087266290308094
51.31475999997719,4.088316774179077
51.31642999997719,4.089367258050004
51.318099999977186,4.090417741920987
51.31976999997718,4.091468225791971
51.32143999997718,4.092518709662954
51.32310999997718,4.093569193533881
51.324779999977174,4.094619677404864
51.32644999997717,4.095670161275848
51.32811999997717,4.096720645146775
51.329789999977166,4.097771129017758
51.33145999997716,4.098821612888742
51.33312999997716,4.099872096759725
51.33479999997716,4.100860869551639
51.336469999977155,4.101841086943011
51.33813999997715,4.102821304334327
51.33980999997715,4.103801521725586
51.341479999977146,4.104781739116902
51.34314999997714,4.105761956508161
51.34481999997714,4.106742173899477
51.34648999997714,4.1077223912907925
51.348159999977135,4.108702608682108
51.34982999997713,4.109682826073424
51.35149999997713,4.110663043464683
51.353169999977126,4.111643260855999
51.35483999997712,4.112623478247315
51.35650999997712,4.113603695638631
51.35817999997712,4.11458391302989
51.359849999977115,4.115564130421205
51.36151999997711,4.116544347812464
51.36318999997711,4.11752456520378
51.36485999997711,4.118504782595096
51.366529999977104,4.119484999986412
51.3681999999771,4.120465217377671
51.3698699999771,4.121445434768987
51.371539999977095,4.122425652160246
51.37320999997709,4.123405869551618
51.37487999997709,4.124386086942877
51.37654999997709,4.125366304334193
51.378219999977084,4.126346521725452
51.37988999997708,4.127326739116768
51.38155999997708,4.128306956508027
51.383229999977075,4.1292871738993995
51.38489999997707,4.130267391290715
51.38656999997707,4.131247608681974
51.38823999997707,4.13222782607329
51.389909999977064,4.133208043464606
51.39157999997706,4.134188260855922
51.39324999997706,4.135168478247181
51.394919999977056,4.1361486956384965
51.39658999997705,4.137128913029869
51.39825999997705,4.138109130421128
51.39992999997705,4.139089347812444
51.401599999977044,4.140069565203703
51.40326999997704,4.141049782595076
51.40493999997704,4.142029999986335
51.406609999977036,4.14301021737765
51.40827999997703,4.143990434768909
51.40994999997703,4.144970652160282
51.41161999997703,4.14601903224343
51.413289999977025,4.1470695161144135
51.41495999997702,4.14811999998534
51.41662999997702,4.149170483856324
51.418299999977016,4.15022096772725
51.41996999997701,4.151271451598234
51.42163999997701,4.1523219354691605
51.42330999997701,4.153372419340144
51.424979999977005,4.154422903211071
51.426649999977,4.155473387082054
51.428319999977,4.156523870953038
51.429989999976996,4.157574354824021
51.43165999997699,4.158624838695005
51.43332999997699,4.159675322565931
51.43499999997699,4.160725806436915
51.436669999976985,4.1617410869427545
51.43833999997698,4.16272130433407
51.44000999997698,4.163701521725329
51.44167999997698,4.164681739116702
51.443349999976974,4.165661956508018
51.44501999997697,4.166642173899277
51.44668999997697,4.1676223912905925
51.448359999976965,4.168602608681908
51.45002999997696,4.169582826073224
51.45169999997696,4.170563043464483
51.45336999997696,4.171543260855799
51.455039999976954,4.172523478247172
51.45670999997695,4.173503695638431
51.45837999997695,4.174483913029746
51.460049999976945,4.175464130421005
51.46171999997694,4.176444347812378
51.46338999997694,4.177424565203637
51.46505999997694,4.178404782594953
51.466729999976934,4.179384999986269
51.46839999997693,4.180365217377528
51.47006999997693,4.1813454347689
51.471739999976926,4.182325652160159
51.47340999997692,4.183305869551475
51.47507999997692,4.184286086942734
51.47674999997692,4.18526630433405
51.478419999976914,4.186246521725309
51.48008999997691,4.1872267391166815
51.48175999997691,4.1882069565079405
51.483429999976906,4.189187173899256
51.4850999999769,4.190167391290515
51.4867699999769,4.191147608681831
51.4884399999769,4.192190752673355
51.490109999976895,4.193241236544338
51.49177999997689,4.194291720415265
51.49344999997689,4.195342204286305
51.495119999976886,4.196392688157232
51.49678999997688,4.1974431720282155
51.49845999997688,4.198493655899142
51.50012999997688,4.199544139770126
51.501799999976875,4.200594623641109
51.50346999997687,4.201645107512036
51.50513999997687,4.202695591383019
51.506809999976866,4.203746075253946
51.50847999997686,4.2047965591249294
51.51014999997686,4.205847042995856
51.51181999997686,4.206897526866896
51.513489999976855,4.207918043464417
51.51515999997685,4.208898260855676
51.51682999997685,4.209878478246992
51.51849999997685,4.210858695638308
51.520169999976844,4.211838913029624
51.52183999997684,4.212819130420883
51.52350999997684,4.2137993478121984
51.525179999976835,4.214779565203514
51.52684999997683,4.21575978259483
51.52851999997683,4.216739999986089
51.53018999997683,4.217720217377348
51.531859999976824,4.218700434768721
51.53352999997682,4.2196806521600365
51.53519999997682,4.2206608695512955
51.536869999976815,4.221641086942611
51.53853999997681,4.222621304333927
51.54020999997681,4.223601521725243
51.54187999997681,4.224581739116502
51.543549999976804,4.225561956507818
51.5452199999768,4.226542173899134
51.5468899999768,4.2275223912903925
51.548559999976796,4.228502608681765
51.55022999997679,4.229482826073024
51.55189999997679,4.23046304346434
51.55356999997679,4.231443260855599
51.555239999976784,4.232423478246915
51.55690999997678,4.2334036956382874
51.55857999997678,4.234383913029546
51.560249999976776,4.235364130420862
51.56191999997677,4.236344347812121
51.56358999997677,4.237324565203437
51.56525999997677,4.2383624731033365
51.566929999976765,4.23941295697432
51.56859999997676,4.2404634408453035
51.57026999997676,4.24151392471623
51.571939999976756,4.2425644085872705
51.57360999997675,4.243614892458197
51.57527999997675,4.244665376329181
51.57694999997675,4.245715860200107
51.578619999976745,4.246766344071091
51.58028999997674,4.247816827942017
51.58195999997674,4.248867311813058
51.583629999976736,4.249917795683984
51.58529999997673,4.250968279554968
51.58696999997673,4.252018763425895
51.58863999997673,4.253069247296878
51.590309999976725,4.254094999986023
51.59197999997672,4.255075217377339
51.59364999997672,4.256055434768598
51.59531999997672,4.257035652159914
51.596989999976714,4.258015869551173
51.59865999997671,4.258996086942545
51.60032999997671,4.259976304333804
51.601999999976705,4.26095652172512
51.6036699999767,4.261936739116436
51.6053399999767,4.262916956507695
51.6070099999767,4.263897173899011
51.608679999976694,4.264877391290327
51.61034999997669,4.265857608681642
51.61201999997669,4.266837826072901
51.613689999976685,4.267818043464217
51.61535999997668,4.268798260855533
51.61702999997668,4.269778478246849
51.61869999997668,4.270758695638165
51.620369999976674,4.271738913029424
51.62203999997667,4.2727191304207395
51.62370999997667,4.2736993478119985
51.625379999976666,4.274679565203314
51.62704999997666,4.27565978259463
51.62871999997666,4.276639999985946
51.63038999997666,4.277620217377205
51.632059999976654,4.278600434768521
51.63372999997665,4.27958065215978
51.63539999997665,4.280560869551152
51.637069999976646,4.281541086942411
51.63873999997664,4.282521304333727
51.64040999997664,4.283501521724986
51.64207999997664,4.284534193533318
51.643749999976635,4.285584677404245
51.64541999997663,4.286635161275228
51.64708999997663,4.287685645146155
51.648759999976626,4.288736129017138
51.65042999997662,4.289786612888122
51.65209999997662,4.290837096759049
51.65376999997662,4.291887580630089
51.655439999976615,4.292938064501016
51.65710999997661,4.293988548371999
51.65877999997661,4.295039032242926
51.660449999976606,4.296089516113909
51.6621199999766,4.297139999984893
51.6637899999766,4.298190483855876
51.6654599999766,4.29924096772686
51.667129999976595,4.300271956507572
51.66879999997659,4.301252173898945
51.67046999997659,4.302232391290204
51.67213999997659,4.30321260868152
51.673809999976584,4.3041928260728355
51.67547999997658,4.3051730434640945
51.67714999997658,4.306153260855467
51.678819999976575,4.307133478246726
51.68048999997657,4.308113695638042
51.68215999997657,4.309093913029301
51.68382999997657,4.310074130420617
51.685499999976564,4.3110543478119325
51.68716999997656,4.312034565203248
51.68883999997656,4.313014782594564
51.690509999976555,4.313994999985823
51.69217999997655,4.314975217377139
51.69384999997655,4.315955434768398
51.69551999997655,4.316935652159771
51.697189999976544,4.31791586955103
51.69885999997654,4.318896086942345
51.70052999997654,4.319876304333604
51.702199999976536,4.320856521724977
51.70386999997653,4.321836739116236
51.70553999997653,4.322816956507552
51.70720999997653,4.323797173898811
51.708879999976524,4.3247773912901835
51.71054999997652,4.325757608681442
51.71221999997652,4.326737826072758
51.713889999976516,4.327718043464017
51.71555999997651,4.32869826085539
51.71722999997651,4.329678478246649
51.71889999997651,4.330658695637965
51.720569999976505,4.3316389130292805
51.7222399999765,4.3326191304205395
51.7239099999765,4.333599347811912
51.725579999976496,4.334579565203171
51.72724999997649,4.335559782594487
51.72891999997649,4.336539999985746
51.73058999997649,4.337520217377062
51.732259999976485,4.338500434768434
51.73392999997648,4.339480652159693
51.73559999997648,4.340460869551009
51.737269999976476,4.341441086942268
51.73893999997647,4.342421304333584
51.74060999997647,4.343401521724843
51.74227999997647,4.344381739116216
51.743949999976465,4.345387903210565
51.74561999997646,4.346438387081548
51.74728999997646,4.347488870952475
51.74895999997646,4.348539354823458
51.750629999976454,4.349589838694385
51.75229999997645,4.3506403225653685
51.75396999997645,4.351690806436295
51.755639999976445,4.352741290307279
51.75730999997644,4.353791774178205
51.75897999997644,4.354842258049246
51.76064999997644,4.355892741920172
51.762319999976434,4.356943225791156
51.76398999997643,4.357993709662082
51.76565999997643,4.359044193533066
51.767329999976425,4.360094677404049
51.76899999997642,4.361145161274976
51.77066999997642,4.362132391290004
51.77233999997642,4.36311260868132
51.774009999976414,4.3640928260726355
51.77567999997641,4.3650730434638945
51.77734999997641,4.36605326085521
51.779019999976406,4.367033478246583
51.7806899999764,4.368013695637842
51.7823599999764,4.368993913029158
51.7840299999764,4.369974130420417
51.785699999976394,4.3709543478117325
51.78736999997639,4.371934565203048
51.78903999997639,4.372914782594364
51.790709999976386,4.37389499998568
51.79237999997638,4.374875217376939
51.79404999997638,4.375855434768312
51.79571999997638,4.376835652159571
51.797389999976374,4.377815869550886
51.79905999997637,4.378796086942145
51.80072999997637,4.379776304333461
51.802399999976366,4.380756521724777
51.80406999997636,4.381736739116093
51.80573999997636,4.382716956507352
51.80740999997636,4.383697173898668
51.809079999976355,4.384677391289927
51.81074999997635,4.385657608681299
51.81241999997635,4.386637826072558
51.814089999976346,4.387618043463874
51.81575999997634,4.388598260855133
51.81742999997634,4.389578478246449
51.81909999997634,4.390558695637708
51.820769999976335,4.3915596236404895
51.82243999997633,4.392610107511416
51.82410999997633,4.3936605913824565
51.82577999997633,4.39471107525344
51.827449999976324,4.395761559124367
51.82911999997632,4.39681204299535
51.83078999997632,4.397862526866277
51.832459999976315,4.39891301073726
51.83412999997631,4.399963494608244
51.83579999997631,4.401013978479227
51.83746999997631,4.402064462350211
51.839139999976304,4.403114946221137
51.8408099999763,4.404165430092121
51.8424799999763,4.405215913963048
51.844149999976295,4.406266397834088
51.84581999997629,4.407316881705015
51.84748999997629,4.408309347811667
51.84915999997629,4.409289565202926
51.850829999976284,4.410269782594241
51.85249999997628,4.411249999985557
51.85416999997628,4.412230217376873
51.855839999976276,4.413210434768132
51.85750999997627,4.414190652159448
51.85917999997627,4.415170869550707
51.86084999997627,4.4161510869420795
51.862519999976264,4.4171313043333384
51.86418999997626,4.418111521724654
51.86585999997626,4.419091739115913
51.867529999976256,4.420071956507229
51.86919999997625,4.421052173898488
51.87086999997625,4.422032391289861
51.87253999997625,4.4230126086811765
51.874209999976244,4.4239928260724355
51.87587999997624,4.424973043463751
51.87754999997624,4.42595326085501
51.879219999976236,4.426933478246383
51.88088999997623,4.427913695637642
51.88255999997623,4.428893913028958
51.88422999997623,4.429874130420274
51.885899999976225,4.4308543478115325
51.88756999997622,4.431834565202848
51.88923999997622,4.432814782594164
51.890909999976216,4.43379499998548
51.89257999997621,4.434775217376739
51.89424999997621,4.435755434768055
51.89591999997621,4.436735652159371
51.897589999976205,4.437731344070471
51.8992599999762,4.438781827941455
51.9009299999762,4.439832311812381
51.902599999976196,4.440882795683365
51.904269999976194,4.441933279554348
51.90593999997619,4.442983763425332
51.90760999997619,4.444034247296315
51.909279999976185,4.445084731167242
51.91094999997618,4.446135215038225
51.91261999997618,4.447185698909152
51.91428999997618,4.4482361827801356
51.915959999976174,4.449286666651119
51.91762999997617,4.4503371505221025
51.91929999997617,4.451387634393029
51.920969999976165,4.452438118264013
51.92263999997616,4.453488602134939
51.92430999997616,4.4544863043332725
51.92597999997616,4.4554665217245315
51.927649999976154,4.456446739115847
51.92931999997615,4.457426956507106
51.93098999997615,4.458407173898479
51.932659999976146,4.459387391289738
51.93432999997614,4.460367608681054
51.93599999997614,4.461347826072313
51.93766999997614,4.4623280434636285
51.939339999976134,4.463308260854944
51.94100999997613,4.46428847824626
51.94267999997613,4.465268695637576
51.944349999976126,4.466248913028835
51.94601999997612,4.467229130420151
51.94768999997612,4.46820934781141
51.94935999997612,4.469189565202782
51.951029999976114,4.470169782594041
51.95269999997611,4.471149999985357
51.95436999997611,4.472130217376673
51.956039999976106,4.473110434767989
51.9577099999761,4.474090652159305
51.9593799999761,4.475070869550564
51.9610499999761,4.4760510869418795
51.962719999976095,4.477031304333195
51.96438999997609,4.478011521724511
51.96605999997609,4.47899173911577
51.967729999976086,4.479971956507086
51.96939999997608,4.480952173898402
51.97106999997608,4.4819323912897175
51.97273999997608,4.4829126086809765
51.974409999976075,4.48390306450051
51.97607999997607,4.484953548371436
51.97774999997607,4.48600403224242
51.979419999976066,4.487054516113346
51.981089999976064,4.48810499998433
51.98275999997606,4.4891554838552565
51.98442999997606,4.49020596772624
51.986099999976055,4.491256451597167
51.98776999997605,4.49230693546815
51.98943999997605,4.493357419339134
51.99110999997605,4.49440790321006
51.992779999976044,4.495458387081101
51.99444999997604,4.496508870952027
51.99611999997604,4.497559354823011
51.997789999976035,4.4986098386939375
51.99945999997603,4.499660322564921
52.00112999997603,4.5015838524246305
52.00279999997603,4.503924590129486
52.004469999976024,4.5062653278344555
52.00613999997602,4.508606065539368
52.00780999997602,4.5109468032442805
52.009479999976016,4.513287540949193
52.01114999997601,4.5156282786541055
52.01281999997601,4.517969016359018
52.01448999997601,4.520309754063874
52.016159999976004,4.522650491768843
52.017829999976,4.5249912294737555
52.019499999976,4.527331967178668
52.021169999975996,4.5296727048835805
52.02283999997599,4.532013442588493
52.02450999997599,4.5343541802934055
52.02617999997599,4.536694917998318
52.027849999975984,4.5390356557032305
52.02951999997598,4.541376393408143
52.03118999997598,4.5437171311130555
52.032859999975976,4.546057868817968
52.03452999997597,4.5483986065228805
52.03619999997597,4.550739344227793
52.03786999997597,4.5530800819327055
52.039539999975965,4.555420819637618
52.04120999997596,4.5577615573425305
52.04287999997596,4.5601022950475
52.044549999975956,4.5624430327523555
52.04621999997595,4.564783770457325
52.04788999997595,4.5671245081621805
52.04955999997595,4.569465245867093
52.051229999975945,4.571805983572062
52.05289999997594,4.574146721276918
52.05456999997594,4.576487458981887
52.056239999975936,4.578828196686743
52.057909999975934,4.5811689343916555
52.05957999997593,4.583509672096568
52.06124999997593,4.585850409801424
52.062919999975925,4.588191147506393
52.06458999997592,4.590531885211249
52.06625999997592,4.592872622916218
52.06792999997592,4.595213360621074
52.069599999975914,4.597554098326043
52.07126999997591,4.5998948360309555
52.07293999997591,4.602235573735868
52.074609999975905,4.6045763114407805
52.0762799999759,4.606917049145693
52.0779499999759,4.6092577868506055
52.0796199999759,4.611598524555575
52.081289999975894,4.6139392622604305
52.08295999997589,4.6162799999654
52.08462999997589,4.6186207376702555
52.086299999975886,4.620961475375225
52.08796999997588,4.623302213080137
52.08963999997588,4.62564295078505
52.09130999997588,4.627983688489962
52.092979999975874,4.630324426194875
52.09464999997587,4.632665163899787
52.09631999997587,4.6350059016047
52.097989999975866,4.637346639309612
52.09965999997586,4.639687377014525
52.10132999997586,4.642028114719437
52.10299999997586,4.64436885242435
52.104669999975854,4.646709590129262
52.10633999997585,4.649050327834175
52.10800999997585,4.6513910655390305
52.109679999975846,4.653731803244
52.11134999997584,4.6560725409488555
52.11301999997584,4.658413278653825
52.11468999997584,4.6607540163586805
52.116359999975835,4.66309475406365
52.11802999997583,4.6654354917685055
52.11969999997583,4.667776229473418
52.121369999975826,4.6701169671783305
52.12303999997582,4.672457704883243
52.12470999997582,4.674798442588212
52.12637999997582,4.677139180293068
52.128049999975815,4.679479917998037
52.12971999997581,4.681820655702893
52.13138999997581,4.6841613934078055
52.133059999975806,4.686502131112775
52.134729999975804,4.6888428688176305
52.1363999999758,4.6911836065226
52.1380699999758,4.6935243442274555
52.139739999975795,4.695865081932425
52.14140999997579,4.6982058196372805
52.14307999997579,4.70054655734225
52.14474999997579,4.7028872950471055
52.146419999975784,4.705228032752075
52.14808999997578,4.7075687704569305
52.14975999997578,4.7099095081619
52.151429999975775,4.7122502458667554
52.15309999997577,4.714590983571725
52.15476999997577,4.7169317212765804
52.15643999997577,4.71927245898155
52.158109999975764,4.721613196686462
52.15977999997576,4.723953934391375
52.16144999997576,4.726294672096287
52.163119999975756,4.7286354098012
52.16478999997575,4.730976147506112
52.16645999997575,4.733316885210968
52.16812999997575,4.735657622915937
52.169799999975744,4.73799836062085
52.17146999997574,4.740339098325762
52.17313999997574,4.742679836030675
52.174809999975736,4.745020573735587
52.17647999997573,4.7473613114405
52.17814999997573,4.749702049145412
52.17981999997573,4.752042786850325
52.181489999975724,4.754383524555237
52.18315999997572,4.75672426226015
52.18482999997572,4.759064999965062
52.186499999975716,4.761405737670032
52.18816999997571,4.763746475374887
52.18983999997571,4.766087213079857
52.19150999997571,4.768427950784712
52.193179999975705,4.770768688489682
52.1948499999757,4.773109426194537
52.1965199999757,4.775450163899507
52.198189999975696,4.777790901604362
52.19985999997569,4.780131639309332
52.20152999997569,4.782472377014187
52.20319999997569,4.784813114719157
52.204869999975685,4.787153852424012
52.20653999997568,4.789494590128982
52.20820999997568,4.791835327833837
52.209879999975676,4.794176065538807
52.211549999975674,4.796516803243719
52.21321999997567,4.798857540948575
52.21488999997567,4.801198278653544
52.216559999975665,4.8035390163584
52.21822999997566,4.805879754063369
52.21989999997566,4.808220491768225
52.22156999997566,4.810561229473194
52.223239999975654,4.81290196717805
52.22490999997565,4.815242704882962
52.22657999997565,4.817583442587875
52.228249999975645,4.819924180292787
52.22991999997564,4.8222649179977
52.23158999997564,4.824605655702612
52.23325999997564,4.826946393407525
52.234929999975634,4.829287131112437
52.23659999997563,4.831627868817293
52.23826999997563,4.833968606522262
52.239939999975626,4.836309344227175
52.24160999997562,4.838650081932087
52.24327999997562,4.840990819637
52.24494999997562,4.843331557341912
52.246619999975614,4.845672295046825
52.24828999997561,4.848013032751794
52.24995999997561,4.85035377045665
52.251629999975606,4.852694508161619
52.2532999999756,4.855035245866475
52.2549699999756,4.857375983571444
52.2566399999756,4.859716721276357
52.258309999975594,4.862057458981269
52.25997999997559,4.864398196686182
52.26164999997559,4.866738934391094
52.263319999975586,4.869079672096007
52.26498999997558,4.871420409800919
52.26665999997558,4.873761147505832
52.26832999997558,4.876101885210744
52.269999999975575,4.878442622915657
52.27166999997557,4.880783360620569
52.27333999997557,4.8831240983254816
52.275009999975566,4.885464836030394
52.27667999997556,4.8878055737353066
52.27834999997556,4.890146311440219
52.28001999997556,4.892487049145075
52.281689999975555,4.894827786850044
52.28335999997555,4.8971685245549
52.28502999997555,4.899509262259869
52.286699999975546,4.901849999964725
52.288369999975544,4.904190737669694
52.29003999997554,4.90653147537455
52.29170999997554,4.908872213079519
52.293379999975535,4.9112129507844315
52.29504999997553,4.913553688489344
52.29671999997553,4.9158944261942565
52.29838999997553,4.918235163899169
52.300059999975524,4.9205759016040815
52.30172999997552,4.922916639309051
52.30339999997552,4.9252573770139065
52.305069999975515,4.927598114718876
52.30673999997551,4.9299388524237315
52.30840999997551,4.932279590128701
52.31007999997551,4.9346203278335565
52.311749999975504,4.936961065538526
52.3134199999755,4.9393018032433815
52.3150899999755,4.941642540948294
52.316759999975496,4.9439832786532065
52.31842999997549,4.946324016358119
52.32009999997549,4.9486647540630315
52.32176999997549,4.951005491767944
52.323439999975484,4.9533462294728565
52.32510999997548,4.955686967177769
52.32677999997548,4.958027704882625
52.328449999975476,4.960368442587594
52.33011999997547,4.9627091802925065
52.33178999997547,4.965049917997419
52.33345999997547,4.9673906557023315
52.335129999975464,4.969731393407244
52.33679999997546,4.9720721311121565
52.33846999997546,4.974412868817069
52.340139999975456,4.9767536065219815
52.34180999997545,4.979094344226894
52.34347999997545,4.9814350819318065
52.34514999997545,4.983775819636719
52.346819999975445,4.986116557341688
52.34848999997544,4.988457295046544
52.35015999997544,4.9907980327514565
52.351829999975436,4.993138770456369
52.35349999997543,4.9954795081612815
52.35516999997543,4.997820245866251
52.35683999997543,5.0001609835711065
52.358509999975425,5.002501721276076
52.36017999997542,5.0048424589809315
52.36184999997542,5.007183196685901
52.363519999975416,5.0095239343907565
52.365189999975414,5.011864672095726
52.36685999997541,5.0142054098005815
52.36852999997541,5.016546147505551
52.370199999975405,5.0188868852104065
52.3718699999754,5.021227622915376
52.3735399999754,5.0235683606202315
52.3752099999754,5.025909098325201
52.376879999975394,5.0282498360300565
52.37854999997539,5.030590573735026
52.38021999997539,5.0329313114398815
52.381889999975385,5.035272049144851
52.38355999997538,5.037612786849763
52.38522999997538,5.039953524554619
52.38689999997538,5.042294262259588
52.388569999975374,5.044634999964444
52.39023999997537,5.046975737669413
52.39190999997537,5.049316475374269
52.393579999975366,5.051657213079238
52.39524999997536,5.053997950784094
52.39691999997536,5.0563386884890065
52.39858999997536,5.058679426193919
52.400259999975354,5.0610201638988315
52.40192999997535,5.063360901603744
52.40359999997535,5.0657016393086565
52.405269999975346,5.068042377013569
52.40693999997534,5.0703831147184815
52.40860999997534,5.072723852423451
52.41027999997534,5.0750645901283065
52.411949999975334,5.077405327833276
52.41361999997533,5.0797460655381315
52.41528999997533,5.082086803243101
52.416959999975326,5.0844275409479565
52.41862999997532,5.086768278652926
52.42029999997532,5.089109016357838
52.42196999997532,5.091449754062751
52.423639999975315,5.093790491767663
52.42530999997531,5.096131229472576
52.42697999997531,5.098471967177488
52.428649999975306,5.100812704882458
52.4303199999753,5.103153442587313
52.4319899999753,5.105494180292226
52.4336599999753,5.107834917997138
52.435329999975295,5.110175655702051
52.43699999997529,5.11251639340702
52.43866999997529,5.114857131111876
52.440339999975286,5.117197868816845
52.442009999975284,5.119538606521701
52.44367999997528,5.121879344226613
52.44534999997528,5.124220081931526
52.447019999975275,5.126560819636438
52.44868999997527,5.128901557341351
52.45035999997527,5.131242295046263
52.45202999997527,5.133583032751176
52.453699999975264,5.135923770456088
52.45536999997526,5.138264508160944
52.45703999997526,5.140605245865913
52.458709999975255,5.142945983570769
52.46037999997525,5.145286721275738
52.46204999997525,5.147627458980651
52.46371999997525,5.149968196685563
52.465389999975244,5.152308934390476
52.46705999997524,5.154649672095331
52.46872999997524,5.156990409800301
52.470399999975236,5.159331147505156
52.47206999997523,5.161671885210126
52.47373999997523,5.164012622915038
52.47540999997523,5.166353360619951
52.477079999975224,5.168694098324863
52.47874999997522,5.171034836029776
52.48041999997522,5.173375573734688
52.482089999975216,5.175716311439601
52.48375999997521,5.178057049144513
52.48542999997521,5.180397786849426
52.48709999997521,5.182738524554338
52.488769999975204,5.185079262259251
52.4904399999752,5.187419999964163
52.4921099999752,5.189760737669076
52.493779999975196,5.192101475373988
52.49544999997519,5.194442213078901
52.49711999997519,5.196782950783813
52.49878999997519,5.199123688488783
52.500459999975185,5.201464426193638
52.50212999997518,5.203805163898551
52.50379999997518,5.206145901603463
52.505469999975176,5.208486639308376
52.50713999997517,5.210827377013345
52.50880999997517,5.213168114718201
52.51047999997517,5.21550885242317
52.512149999975165,5.217849590128026
52.51381999997516,5.220190327832995
52.51548999997516,5.222531065537908
52.517159999975156,5.22487180324282
52.518829999975154,5.227212540947733
52.52049999997515,5.229553278652645
52.52216999997515,5.231894016357558
52.523839999975145,5.23423475406247
52.52550999997514,5.236575491767383
52.52717999997514,5.238916229472352
52.52884999997514,5.241256967177208
52.530519999975134,5.243597704882177
52.53218999997513,5.245938442587033
52.53385999997513,5.248279180292002
52.535529999975125,5.250619917996858
52.53719999997512,5.25296065570177
52.53886999997512,5.255301393406683
52.54053999997512,5.257642131111595
52.542209999975114,5.259982868816508
52.54387999997511,5.26232360652142
52.54554999997511,5.264664344226333
52.547219999975106,5.267005081931245
52.5488899999751,5.269345819636101
52.5505599999751,5.27168655734107
52.5522299999751,5.2740272950459826
52.553899999975094,5.276368032750895
52.55556999997509,5.2787087704558076
52.55723999997509,5.28104950816072
52.558909999975086,5.2833902458656326
52.56057999997508,5.285730983570488
52.56224999997508,5.2880717212754575
52.56391999997508,5.290412458980313
52.565589999975074,5.2927531966852825
52.56725999997507,5.295093934390138
52.56892999997507,5.2974346720951075
52.570599999975066,5.299775409799963
52.57226999997506,5.302116147504876
52.57393999997506,5.304456885209788
52.57560999997506,5.306797622914701
52.577279999975055,5.309138360619613
52.57894999997505,5.311479098324526
52.58061999997505,5.313819836029495
52.582289999975046,5.316160573734351
52.58395999997504,5.31850131143932
52.58562999997504,5.320842049144176
52.58729999997504,5.323182786849145
52.588969999975035,5.3255235245540575
52.59063999997503,5.32786426225897
52.59230999997503,5.3302049999638825
52.593979999975026,5.332545737668795
52.59564999997502,5.3348864753737075
52.59731999997502,5.337227213078677
52.59898999997502,5.3395679507835325
52.600659999975015,5.341908688488502
52.60232999997501,5.3442494261933575
52.60399999997501,5.346590163898327
52.60566999997501,5.348930901603239
52.607339999975004,5.351271639308095
52.609009999975,5.353612377013064
52.610679999975,5.35595311471792
52.612349999974995,5.358293852422889
52.61401999997499,5.360634590127745
52.61568999997499,5.362975327832714
52.61735999997499,5.36531606553757
52.619029999974984,5.3676568032424825
52.62069999997498,5.369997540947395
52.62236999997498,5.3723382786523075
52.624039999974976,5.37467901635722
52.62570999997497,5.3770197540621325
52.62737999997497,5.379360491767045
52.62904999997497,5.3817012294719575
52.630719999974964,5.38404196717687
52.63238999997496,5.3863827048817825
52.63405999997496,5.388723442586752
52.635729999974956,5.3910641802916075
52.63739999997495,5.393404917996577
52.63906999997495,5.3957456557014325
52.64073999997495,5.398086393406402
52.642409999974944,5.400427131111314
52.64407999997494,5.402767868816227
52.64574999997494,5.405108606521139
52.647419999974936,5.407449344226052
52.64908999997493,5.409790081930964
52.65075999997493,5.412130819635877
52.65242999997493,5.414471557340789
52.654099999974925,5.416812295045645
52.65576999997492,5.419153032750614
52.65743999997492,5.42149377045547
52.659109999974916,5.423834508160439
52.66077999997491,5.426175245865295
52.66244999997491,5.428515983570264
52.66411999997491,5.43085672127512
52.665789999974905,5.4331974589800325
52.6674599999749,5.435538196685002
52.6691299999749,5.4378789343898575
52.670799999974896,5.440219672094827
52.67246999997489,5.4425604097996825
52.67413999997489,5.444901147504652
52.67580999997489,5.4472418852095075
52.677479999974885,5.44958262291442
52.67914999997488,5.451923360619389
52.68081999997488,5.454264098324245
52.68248999997488,5.456604836029214
52.684159999974874,5.45894557373407
52.68582999997487,5.461286311439039
52.68749999997487,5.463627049143952
52.689169999974865,5.4659677868488075
52.69083999997486,5.468308524553777
52.69250999997486,5.4706492622586325
52.69417999997486,5.472989999963602
52.695849999974854,5.475330737668514
52.69751999997485,5.477671475373427
52.69918999997485,5.480012213078339
52.700859999974845,5.482352950783252
52.70252999997484,5.484693688488164
52.70419999997484,5.487034426193077
52.70586999997484,5.4893751638979325
52.707539999974834,5.491715901602902
52.70920999997483,5.4940566393077575
52.71087999997483,5.496397377012727
52.712549999974826,5.498738114717639
52.71421999997482,5.501078852422552
52.71588999997482,5.503419590127464
52.71755999997482,5.505760327832377
52.719229999974814,5.508101065537289
52.72089999997481,5.510441803242202
52.72256999997481,5.512782540947114
52.724239999974806,5.515123278652027
52.7259099999748,5.517464016356939
52.7275799999748,5.519804754061852
52.7292499999748,5.522145491766764
52.730919999974795,5.524486229471677
52.73258999997479,5.526826967176589
52.73425999997479,5.529167704881502
52.735929999974786,5.531508442586357
52.73759999997478,5.533849180291327
52.73926999997478,5.536189917996182
52.74093999997478,5.538530655701152
52.742609999974775,5.540871393406007
52.74427999997477,5.543212131110977
52.74594999997477,5.545552868815832
52.747619999974766,5.547893606520802
52.74928999997476,5.550234344225771
52.75095999997476,5.552575081930627
52.75262999997476,5.554915819635596
52.754299999974755,5.557256557340452
52.75596999997475,5.559597295045364
52.75763999997475,5.561938032750334
52.75930999997475,5.564278770455189
52.760979999974744,5.566619508160159
52.76264999997474,5.568960245865014
52.76431999997474,5.571300983569984
52.765989999974735,5.573641721274896
52.76765999997473,5.575982458979752
52.76932999997473,5.578323196684721
52.77099999997473,5.580663934389577
52.772669999974724,5.583004672094546
52.77433999997472,5.585345409799402
52.77600999997472,5.587686147504371
52.777679999974715,5.590026885209284
52.77934999997471,5.592367622914139
52.78101999997471,5.594708360619109
52.78268999997471,5.597049098323964
52.784359999974704,5.599389836028934
52.7860299999747,5.601730573733789
52.7876999999747,5.604071311438759
52.789369999974696,5.606412049143614
52.79103999997469,5.608752786848527
52.79270999997469,5.611093524553439
52.79437999997469,5.613434262258352
52.796049999974684,5.615774999963264
52.79771999997468,5.618115737668177
52.79938999997468,5.620456475373089
52.801059999974676,5.622797213078002
52.80272999997467,5.625137950782971
52.80439999997467,5.627478688487827
52.80606999997467,5.629819426192796
52.807739999974665,5.632160163897652
52.80940999997466,5.634500901602621
52.81107999997466,5.636841639307534
52.812749999974656,5.639182377012446
52.81441999997465,5.641523114717359
52.81608999997465,5.643863852422271
52.81775999997465,5.646204590127184
52.819429999974645,5.648545327832096
52.82109999997464,5.650886065537009
52.82276999997464,5.653226803241921
52.824439999974636,5.655567540946834
52.82610999997463,5.657908278651689
52.82777999997463,5.660249016356659
52.82944999997463,5.662589754061514
52.831119999974625,5.6649304917664836
52.83278999997462,5.667271229471339
52.83445999997462,5.6696119671763086
52.83612999997462,5.671952704881164
52.837799999974614,5.674293442586077
52.83946999997461,5.676634180291046
52.84113999997461,5.678974917995902
52.842809999974605,5.681315655700871
52.8444799999746,5.683656393405727
52.8461499999746,5.685997131110696
52.8478199999746,5.6883378688156085
52.849489999974594,5.690678606520521
52.85115999997459,5.6930193442254335
52.85282999997459,5.695360081930346
52.854499999974585,5.6977008196352585
52.85616999997458,5.700041557340228
52.85783999997458,5.7023822950450835
52.85950999997458,5.704723032750053
52.861179999974574,5.7070637704549085
52.86284999997457,5.709404508159878
52.86451999997457,5.71174524586479
52.866189999974566,5.714085983569703
52.86785999997456,5.7164267212745585
52.86952999997456,5.718767458979528
52.87119999997456,5.7211081966843835
52.872869999974554,5.723448934389296
52.87453999997455,5.7257896720942085
52.87620999997455,5.728130409799121
52.877879999974546,5.7304711475040335
52.87954999997454,5.732811885208946
52.88121999997454,5.7351526229138585
52.88288999997454,5.737493360618771
52.884559999974535,5.7398340983236835
52.88622999997453,5.742174836028596
52.88789999997453,5.7445155737335085
52.889569999974526,5.746856311438421
52.89123999997452,5.7491970491433335
52.89290999997452,5.751537786848303
52.89457999997452,5.7538785245531585
52.896249999974515,5.756219262258071
52.89791999997451,5.7585599999629835
52.89958999997451,5.760900737667896
52.901259999974506,5.7632414753728085
52.9029299999745,5.765582213077721
52.9045999999745,5.7679229507826335
52.9062699999745,5.770263688487546
52.907939999974495,5.772604426192402
52.90960999997449,5.774945163897371
52.91127999997449,5.777285901602227
52.91294999997449,5.779626639307196
52.914619999974484,5.781967377012052
52.91628999997448,5.784308114717021
52.91795999997448,5.7866488524219335
52.919629999974475,5.788989590126846
52.92129999997447,5.7913303278317585
52.92296999997447,5.793671065536671
52.92463999997447,5.7960118032415835
52.926309999974464,5.798352540946496
52.92797999997446,5.8006932786514085
52.92964999997446,5.803034016356378
52.931319999974455,5.8053747540612335
52.93298999997445,5.807715491766203
52.93465999997445,5.8100562294710585
52.93632999997445,5.812396967176028
52.937999999974444,5.81473770488094
52.93966999997444,5.817078442585853
52.94133999997444,5.819419180290765
52.943009999974436,5.821759917995621
52.94467999997443,5.82410065570059
52.94634999997443,5.826441393405503
52.94801999997443,5.828782131110415
52.949689999974424,5.831122868815328
52.95135999997442,5.83346360652024
52.95302999997442,5.835804344225153
52.954699999974416,5.8381450819300085
52.95636999997441,5.840485819634978
52.95803999997441,5.8428265573398335
52.95970999997441,5.845167295044803
52.961379999974405,5.8475080327496585
52.9630499999744,5.849848770454628
52.9647199999744,5.8521895081594835
52.966389999974396,5.854530245864453
52.96805999997439,5.8568709835693085
52.96972999997439,5.859211721274278
52.97139999997439,5.86155245897919
52.973069999974385,5.863893196684103
52.97473999997438,5.866233934389015
52.97640999997438,5.868574672093928
52.978079999974376,5.87091540979884
52.97974999997437,5.873256147503753
52.98141999997437,5.875596885208665
52.98308999997437,5.877907903191044
52.984759999974365,5.880089677384603
52.98642999997436,5.882271451578163
52.98809999997436,5.884453225771665
52.98976999997436,5.8866349999651675
52.991439999974354,5.888816774158784
52.99310999997435,5.890998548352286
52.99477999997435,5.893180322545845
52.996449999974345,5.895362096739348
52.99811999997434,5.897543870932964
52.99978999997434,5.899725645126466
53.00145999997434,5.901300587665105
53.003129999974334,5.902788246186617
53.00479999997433,5.904275904708072
53.00646999997433,5.905763563229641
53.008139999974325,5.907251221751096
53.00980999997432,5.908738880272551
53.01147999997432,5.910226538794063
53.01314999997432,5.911714197315575
53.014819999974314,5.913189556748819
53.01648999997431,5.914467152377199
53.01815999997431,5.915744748005579
53.019829999974306,5.917022343634017
53.0214999999743,5.918299939262454
53.0231699999743,5.919577534890891
53.0248399999743,5.920855130519271
53.026509999974294,5.922132726147709
53.02817999997429,5.923410321776089
53.02984999997429,5.924687917404583
53.031519999974286,5.925965513032963
53.03318999997428,5.927243108661401
53.03485999997428,5.928520704289781
53.03652999997428,5.929798299918218
53.038199999974275,5.9310758955465985
53.03986999997427,5.932353491175036
53.04153999997427,5.933631086803416
53.043209999974266,5.9349086824317965
53.04487999997426,5.936206124318346
53.04654999997426,5.937693782839801
53.04821999997426,5.93918144136137
53.049889999974255,5.940669099882825
53.05155999997425,5.942156758404337
53.05322999997425,5.9436444169257925
53.054899999974246,5.945132075447361
53.05656999997424,5.9466197339688165
53.05823999997424,5.9481073924903285
53.05990999997424,5.949536490567823
53.061579999974235,5.950814086196317
53.06324999997423,5.952091681824697
53.06491999997423,5.953369277453135
53.06658999997423,5.954646873081515
53.068259999974224,5.955924468709952
53.06992999997422,5.9572020643383325
53.07159999997422,5.958479659966713
53.073269999974215,5.95975725559515
53.07493999997421,5.9610348512235305
53.07660999997421,5.9623124468520246
53.07827999997421,5.963590042480405
53.079949999974204,5.964867638108785
53.0816199999742,5.9661452337372225
53.0832899999742,5.967422829365603
53.084959999974195,5.968700424994097
53.08662999997419,5.969978020622477
53.08829999997419,5.971255616250858
53.08996999997419,5.972533211879295
53.091639999974184,5.973810807507675
53.09330999997418,5.975088403136169
53.09497999997418,5.97636599876455
53.096649999974176,5.97764359439293
53.09831999997417,5.978921190021367
53.09998999997417,5.980198785649748
53.10165999997417,5.981476381278242
53.103329999974164,5.982753976906622
53.10499999997416,5.984101453733729
53.10666999997416,5.985589112255184
53.108339999974156,5.987076770776696
53.11000999997415,5.988564429298151
53.11167999997415,5.99005208781972
53.11334999997415,5.991539746341175
53.115019999974145,5.993027404862687
53.11668999997414,5.994515063384142
53.11835999997414,5.996002721905654
53.120029999974136,5.997381785042592
53.12169999997413,5.998659380671029
53.12336999997413,5.999936976299409
53.12503999997413,6.0012145719278465
53.126709999974125,6.002492167556284
53.12837999997412,6.003769763184664
53.13004999997412,6.005047358813101
53.131719999974116,6.006324954441482
53.13338999997411,6.007602550069919
53.13505999997411,6.008880145698356
53.13672999997411,6.010157741326736
53.138399999974105,6.011435336955174
53.1400699999741,6.012712932583554
53.1417399999741,6.013990528211991
53.1434099999741,6.015268123840372
53.145079999974094,6.016545719468809
53.14674999997409,6.017823315097189
53.14841999997409,6.019100910725683
53.150089999974085,6.020378506354064
53.15175999997408,6.021656101982501
53.15342999997408,6.022933697610881
53.15509999997408,6.024211293239318
53.156769999974074,6.025488888867756
53.15843999997407,6.026766484496193
53.16010999997407,6.028044080124573
53.161779999974065,6.0293216757529535
53.16344999997406,6.030599271381391
53.16511999997406,6.031996783149054
53.16678999997406,6.033484441670566
53.168459999974054,6.034972100192078
53.17012999997405,6.036459758713534
53.17179999997405,6.037947417235046
53.173469999974046,6.039435075756501
53.17513999997404,6.04092273427807
53.17680999997404,6.042410392799525
53.17847999997404,6.04389805132098
53.180149999974034,6.04522707951736
53.18181999997403,6.046504675145798
53.18348999997403,6.047782270774235
53.185159999974026,6.049059866402615
53.18682999997402,6.0503374620309955
53.18849999997402,6.051615057659433
53.19016999997402,6.052892653287813
53.191839999974015,6.05417024891625
53.19350999997401,6.055447844544631
53.19517999997401,6.056725440173068
53.196849999974006,6.058003035801505
53.198519999974,6.059280631429942
53.200189999974,6.060558227058323
53.201859999974,6.06183582268676
53.203529999973995,6.06311341831514
53.20519999997399,6.064391013943634
53.20686999997399,6.065668609572015
53.208539999973986,6.066946205200452
53.21020999997398,6.0683899783238076
53.21187999997398,6.06987763684532
53.21354999997398,6.071365295366775
53.215219999973975,6.07285295388823
53.21688999997397,6.074340612409742
53.21855999997397,6.075828270931197
53.22022999997397,6.077315929452766
53.221899999973964,6.078803587974221
53.22356999997396,6.080291246495733
53.22523999997396,6.081574013336365
53.226909999973955,6.082851608964802
53.22857999997395,6.084129204593239
53.23024999997395,6.085406800221676
53.23191999997395,6.086684395850057
53.233589999973944,6.087961991478494
53.23525999997394,6.089239587106874
53.23692999997394,6.090517182735368
53.238599999973935,6.091794778363749
53.24026999997393,6.093072373992129
53.24193999997393,6.094349969620566
53.24360999997393,6.095627565248947
53.245279999973924,6.096905160877441
53.24694999997392,6.098182756505821
53.24861999997392,6.0994603521342015
53.250289999973916,6.100737947762639
53.25195999997391,6.102015543391019
53.25362999997391,6.103293139019513
53.25529999997391,6.1045707346478935
53.256969999973904,6.105848330276331
53.2586399999739,6.107125925904711
53.2603099999739,6.108403521533091
53.261979999973896,6.109681117161529
53.26364999997389,6.110958712789909
53.26531999997389,6.112236308418346
53.26698999997389,6.113513904046727
53.268659999973885,6.114797649217564
53.27032999997388,6.116285307739133
53.27199999997388,6.117772966260588
53.273669999973876,6.1192606247821
53.27533999997387,6.120748283303556
53.27700999997387,6.122235941825124
53.27867999997387,6.12372360034658
53.280349999973865,6.125211258868092
53.28201999997386,6.126698917389604
53.28368999997386,6.128141712182753
53.285359999973856,6.12941930781119
53.28702999997385,6.1306969034396275
53.28869999997385,6.131974499068008
53.29036999997385,6.133252094696445
53.292039999973845,6.134529690324825
53.29370999997384,6.135807285953206
53.29537999997384,6.137084881581643
53.29704999997384,6.138362477210023
53.298719999973834,6.139640072838461
53.30038999997383,6.140917668466898
53.30205999997383,6.142195264095278
53.303729999973825,6.143472859723715
53.30539999997382,6.144750455352096
53.30706999997382,6.146028050980533
53.30873999997382,6.14730564660897
53.310409999973814,6.148583242237407
53.31207999997381,6.149860837865788
53.31374999997381,6.151138433494225
53.315419999973805,6.152416029122605
53.3170899999738,6.153693624751099
53.3187599999738,6.15497122037948
53.3204299999738,6.156248816007917
53.322099999973794,6.157526411636297
53.32376999997379,6.1588040072647345
53.32543999997379,6.160081602893172
53.327109999973786,6.161359198521609
53.32877999997378,6.162692978633004
53.33044999997378,6.164180637154516
53.33211999997378,6.165668295676028
53.333789999973774,6.167155954197483
53.33545999997377,6.168643612718995
53.33712999997377,6.17013127124045
53.338799999973766,6.171618929761905
53.34046999997376,6.173106588283474
53.34213999997376,6.174594246804929
53.34380999997376,6.175987006657522
53.345479999973755,6.177264602285902
53.34714999997375,6.1785421979142825
53.34881999997375,6.1798197935427766
53.350489999973746,6.181097389171157
53.35215999997374,6.182374984799594
53.35382999997374,6.1836525804279745
53.35549999997374,6.184930176056355
53.357169999973735,6.186207771684849
53.35883999997373,6.187485367313229
53.36050999997373,6.1887629629416665
53.362179999973726,6.190040558570047
53.36384999997372,6.191318154198484
53.36551999997372,6.192595749826921
53.36718999997372,6.193873345455302
53.368859999973715,6.195150941083739
53.37052999997371,6.196428536712119
53.37219999997371,6.197706132340613
53.37386999997371,6.198983727968994
53.375539999973704,6.200261323597374
53.3772099999737,6.201538919225811
53.3788799999737,6.202816514854192
53.380549999973695,6.204094110482629
53.38221999997369,6.205371706111066
53.38388999997369,6.206649301739446
53.38555999997369,6.207926897367884
53.387229999973684,6.209204492996264
53.38889999997368,6.2105883080483295
53.39056999997368,6.2120759665698415
53.392239999973675,6.2135636250913535
53.39390999997367,6.215051283612809
53.39557999997367,6.2165389421343775
53.39724999997367,6.218026600655833
53.398919999973664,6.219514259177345
53.40058999997366,6.2210019176988
53.40225999997366,6.222489576220369
53.403929999973656,6.2238323011322905
53.40559999997365,6.2251098967607845
53.40726999997365,6.226387492389165
53.40893999997365,6.227665088017602
53.410609999973644,6.2289426836459825
53.41227999997364,6.230220279274363
53.41394999997364,6.2314978749028
53.415619999973636,6.23277547053118
53.41728999997363,6.234053066159618
53.41895999997363,6.235330661787998
53.42062999997363,6.236608257416435
53.422299999973625,6.237885853044872
53.42396999997362,6.239163448673253
53.42563999997362,6.24044104430169
53.427309999973616,6.24171863993007
53.42897999997361,6.242996235558508
53.43064999997361,6.244273831186945
53.43231999997361,6.245551426815325
53.433989999973605,6.246981503223083
53.4356599999736,6.248469161744538
53.4373299999736,6.249956820265993
53.438999999973596,6.251444478787505
53.44066999997359,6.252932137309017
53.44233999997359,6.254419795830529
53.44400999997359,6.255907454351984
53.445679999973585,6.257395112873496
53.44734999997358,6.258882771394951
53.44901999997358,6.260179234951295
53.45068999997358,6.261456830579675
53.452359999973574,6.262734426208169
53.45402999997357,6.26401202183655
53.45569999997357,6.265289617464987
53.457369999973565,6.266567213093367
53.45903999997356,6.267844808721804
53.46070999997356,6.269122404350242
53.46237999997356,6.270399999978679
53.464049999973554,6.271677595607059
53.46571999997355,6.2729551912354395
53.46738999997355,6.274232786863877
53.469059999973545,6.275510382492314
53.47072999997354,6.276787978120751
53.47239999997354,6.2780655737491315
53.47406999997354,6.279343169377512
53.475739999973534,6.280620765005949
53.47740999997353,6.281898360634386
53.47907999997353,6.2831759562628235
53.480749999973526,6.284453551891204
53.48241999997352,6.285731147519641
53.48408999997352,6.2870087431480215
53.48575999997352,6.288286338776459
53.487429999973514,6.289563934404839
53.48909999997351,6.290841530033276
53.49076999997351,6.292119125661657
53.492439999973506,6.293396721290151
53.4941099999735,6.294876832638408
53.4957799999735,6.29636449115992
53.4974499999735,6.297852149681432
53.499119999973495,6.2993398082028875
53.50078999997349,6.3008274667243995
53.50245999997349,6.302315125245855
53.504129999973486,6.3038027837674235
53.50579999997348,6.305290442288879
53.50746999997348,6.306746933797626
53.50913999997348,6.30802452942612
53.510809999973475,6.309302125054501
53.51247999997347,6.310579720682938
53.51414999997347,6.311857316311318
53.515819999973466,6.3131349119397555
53.51748999997346,6.314412507568136
53.51915999997346,6.315690103196516
53.52082999997346,6.3169676988249535
53.522499999973455,6.318245294453334
53.52416999997345,6.319522890081828
53.52583999997345,6.320800485710208
53.52750999997345,6.3220780813386455
53.529179999973444,6.323355676967026
53.53084999997344,6.324633272595463
53.53251999997344,6.3259108682239
53.534189999973435,6.3271884638523375
53.53585999997343,6.328466059480718
53.53752999997343,6.329743655109155
53.53919999997343,6.331021250737535
53.540869999973424,6.3322988463660295
53.54253999997342,6.33357644199441
53.54420999997342,6.33485403762279
53.545879999973415,6.336131633251227
53.54754999997341,6.337409228879608
53.54921999997341,6.338686824508102
53.55088999997341,6.339964420136482
53.552559999973404,6.341284503532279
53.5542299999734,6.342772162053791
53.5558999999734,6.344259820575246
53.557569999973396,6.345747479096758
53.55923999997339,6.347235137618213
53.56090999997339,6.348722796139782
53.56257999997339,6.350210454661237
53.564249999973384,6.351698113182749
53.56591999997338,6.353185771704204
53.56758999997338,6.354592228272452
53.569259999973376,6.355869823900832
53.57092999997337,6.357147419529269
53.57259999997337,6.358425015157707
53.57426999997337,6.359702610786144
53.575939999973365,6.360980206414524
53.57760999997336,6.362257802042961
53.57927999997336,6.363535397671342
53.580949999973356,6.364812993299779
53.58261999997335,6.366090588928216
53.58428999997335,6.367368184556597
53.58595999997335,6.368645780185034
53.587629999973345,6.369923375813414
53.58929999997334,6.3712009714417945
53.59096999997334,6.372478567070232
53.592639999973336,6.373756162698612
53.59430999997333,6.375033758327049
53.59597999997333,6.3763113539554865
53.59764999997333,6.377677698706918
53.599319999973325,6.379165357228487
53.60098999997332,6.380653015749942
53.60265999997332,6.382140674271454
53.60432999997332,6.3836283327929095
53.605999999973314,6.3851159913144215
53.60766999997331,6.3866036498359335
53.60933999997331,6.388091308357389
53.611009999973305,6.3895789668789575
53.6126799999733,6.390939162091456
53.6143499999733,6.392216757719893
53.6160199999733,6.393494353348274
53.617689999973294,6.394771948976711
53.61935999997329,6.396049544605148
53.62102999997329,6.397327140233585
53.622699999973285,6.398604735861966
53.62436999997328,6.399882331490403
53.62603999997328,6.401159927118783
53.62770999997328,6.4024375227472206
53.629379999973274,6.403715118375658
53.63104999997327,6.404992714004095
53.63271999997327,6.406270309632475
53.634389999973266,6.407547905260856
53.63605999997326,6.408825500889293
53.63772999997326,6.410103096517673
53.63939999997326,6.4113806921461105
53.641069999973254,6.412658287774491
53.64273999997325,6.413935883402871
53.64440999997325,6.415213479031365
53.646079999973246,6.416491074659746
53.64774999997324,6.417768670288183
53.64941999997324,6.419046265916563
53.65108999997324,6.4203238615450005
53.652759999973235,6.421601457173438
53.65442999997323,6.422879052801875
53.65609999997323,6.424156648430255
53.657769999973226,6.425573028122358
53.65943999997322,6.427060686643813
53.66110999997322,6.428548345165382
53.66277999997322,6.430036003686837
53.664449999973215,6.431523662208349
53.66611999997321,6.433011320729804
53.66778999997321,6.434498979251316
53.669459999973206,6.435986637772771
53.6711299999732,6.437474296294283
53.6727999999732,6.438784456566225
53.6744699999732,6.440062052194605
53.676139999973195,6.441339647823099
53.67780999997319,6.44261724345148
53.67947999997319,6.44389483907986
53.68114999997319,6.445172434708297
53.682819999973184,6.446450030336678
53.68448999997318,6.447727625965172
53.68615999997318,6.449005221593552
53.687829999973175,6.450282817221932
53.68949999997317,6.45156041285037
53.69116999997317,6.45283800847875
53.69283999997317,6.454115604107244
53.694509999973164,6.455393199735624
53.69617999997316,6.456670795364062
53.69784999997316,6.457948390992442
53.699519999973155,6.459225986620879
53.70118999997315,6.460503582249316
53.70285999997315,6.461781177877754
53.70452999997315,6.463058773506134
53.706199999973144,6.464336369134571
53.70786999997314,6.465613964762952
53.70953999997314,6.466891560391389
53.711209999973136,6.468169156019769
53.71287999997313,6.469446751648206
53.71454999997313,6.470724347276587
53.71621999997313,6.472001942905024
53.717889999973124,6.4734683575376835
53.71955999997312,6.4749560160591955
53.72122999997312,6.4764436745807075
53.722899999973116,6.477931333102163
53.72456999997311,6.479418991623675
53.72623999997311,6.480906650145187
53.72790999997311,6.482394308666642
53.729579999973105,6.483881967188154
53.7312499999731,6.485352155412556
53.7329199999731,6.48662975104105
53.734589999973096,6.487907346669431
53.73625999997309,6.489184942297868
53.73792999997309,6.490462537926248
53.73959999997309,6.491740133554686
53.741269999973085,6.493017729183066
53.74293999997308,6.494295324811503
53.74460999997308,6.4955729204398835
53.746279999973076,6.496850516068321
53.74794999997307,6.498128111696758
53.74961999997307,6.499405707325138
53.75128999997307,6.5006833029535755
53.752959999973065,6.501960898581956
53.75462999997306,6.503238494210393
53.75629999997306,6.50451608983883
53.75796999997306,6.505793685467211
53.759639999973054,6.507071281095648
53.76130999997305,6.508348876724028
53.76297999997305,6.5096264723524655
53.764649999973045,6.510904067980903
53.76631999997304,6.51218166360934
53.76798999997304,6.51345925923772
53.76965999997304,6.514736854866101
53.771329999973034,6.516014450494538
53.77299999997303,6.517292046122975
53.77466999997303,6.518569641751412
53.776339999973025,6.519876028431554
53.77800999997302,6.521363686953009
53.77967999997302,6.522851345474521
53.78134999997302,6.524339003996033
53.783019999973014,6.525826662517545
53.78468999997301,6.527314321039
53.78635999997301,6.528801979560512
53.788029999973006,6.5302896380819675
53.789699999973,6.531777296603536
53.791369999973,6.533197449887325
53.793039999973,6.534475045515762
53.794709999972994,6.535752641144143
53.79637999997299,6.537030236772637
53.79804999997299,6.538307832401017
53.799719999972986,6.539585428029454
53.80138999997298,6.540863023657835
53.80305999997298,6.542140619286215
53.80472999997298,6.543418214914709
53.806399999972975,6.5446958105430895
53.80806999997297,6.545973406171527
53.80973999997297,6.547251001799907
53.811409999972966,6.548528597428287
53.81307999997296,6.549806193056725
53.81474999997296,6.551083788685105
53.81641999997296,6.552361384313542
53.818089999972955,6.553638979941923
53.81975999997295,6.554916575570417
53.82142999997295,6.55626922360625
53.823099999972946,6.557756882127762
53.82476999997294,6.5592445406492175
53.82643999997294,6.560732199170786
53.82810999997294,6.5622198576922415
53.829779999972935,6.5637075162137535
53.83144999997293,6.565195174735209
53.83311999997293,6.5666828332567775
53.83478999997293,6.568170491778233
53.836459999972924,6.569544383706443
53.83812999997292,6.5708219793348235
53.83979999997292,6.572099574963204
53.841469999972915,6.573377170591641
53.84313999997291,6.574654766220078
53.84480999997291,6.5759323618485155
53.84647999997291,6.577209957476896
53.848149999972904,6.578487553105276
53.8498199999729,6.579765148733713
53.8514899999729,6.581042744362094
53.853159999972895,6.582320339990588
53.85482999997289,6.583597935618968
53.85649999997289,6.584875531247349
53.85816999997289,6.586153126875786
53.859839999972884,6.587430722504166
53.86150999997288,6.588708318132603
53.86317999997288,6.589985913760984
53.864849999972876,6.591263509389421
53.86651999997287,6.592541105017801
53.86818999997287,6.593818700646295
53.86985999997287,6.595096296274676
53.871529999972864,6.596373891903113
53.87319999997286,6.597651487531493
53.87486999997286,6.5989290831599305
53.876539999972856,6.600206678788368
53.87820999997285,6.601484274416805
53.87987999997285,6.602761870045185
53.88154999997285,6.60416455302169
53.883219999972845,6.605652211543145
53.88488999997284,6.6071398700646
53.88655999997284,6.608627528586112
53.888229999972836,6.610115187107567
53.88989999997283,6.611602845629136
53.89156999997283,6.613090504150591
53.89323999997283,6.614578162672046
53.894909999972825,6.616065821193558
53.89657999997282,6.617389678181098
53.89824999997282,6.618667273809535
53.899919999972816,6.619944869437973
53.90158999997281,6.62122246506641
53.90325999997281,6.62250006069479
53.90492999997281,6.623777656323227
53.906599999972805,6.625055251951608
53.9082699999728,6.626332847580102
53.9099399999728,6.627610443208482
53.9116099999728,6.628888038836919
53.913279999972794,6.6301656344653
53.91494999997279,6.631443230093737
53.91661999997279,6.632720825722174
53.918289999972785,6.633998421350611
53.91995999997278,6.635276016978992
53.92162999997278,6.636553612607372
53.92329999997278,6.637831208235809
53.924969999972774,6.6391088038642465
53.92663999997277,6.640386399492684
53.92830999997277,6.641663995121064
53.929979999972765,6.6429415907494445
53.93164999997276,6.644219186377882
53.93331999997276,6.645496782006262
53.93498999997276,6.646774377634699
53.936659999972754,6.64805197326308
53.93832999997275,6.64932956889146
53.93999999997275,6.650607164519954
53.941669999972746,6.652059882436959
53.94333999997274,6.653547540958471
53.94500999997274,6.655035199479926
53.94667999997274,6.656522858001438
53.948349999972734,6.65801051652295
53.95001999997273,6.659498175044405
53.95168999997273,6.660985833565917
53.953359999972726,6.662473492087429
53.95502999997272,6.6639573770274865
53.95669999997272,6.665234972655924
53.95836999997272,6.666512568284361
53.960039999972714,6.667790163912741
53.96170999997271,6.6690677595411785
53.96337999997271,6.670345355169559
53.965049999972706,6.671622950797996
53.9667199999727,6.672900546426376
53.9683899999727,6.674178142054814
53.9700599999727,6.675455737683194
53.971729999972695,6.676733333311688
53.97339999997269,6.678010928940068
53.97506999997269,6.679288524568449
53.976739999972686,6.680566120196886
53.97840999997268,6.681843715825266
53.98007999997268,6.68312131145376
53.98174999997268,6.684398907082141
53.983419999972675,6.685737634384282
53.98508999997267,6.687185514275313
53.98675999997267,6.688832136308122
53.98842999997267,6.690478758341044
53.990099999972664,6.692125380373909
53.99176999997266,6.693772002406774
53.99343999997266,6.69541862443964
53.995109999972655,6.697065246472505
53.99677999997265,6.69871186850537
53.99844999997265,6.700358490538235
54.00011999997265,6.799904905681785
54.001789999972644,6.798581509455346
54.00345999997264,6.797258113228963
54.00512999997264,6.795934717002524
54.006799999972635,6.794611320776141
54.00846999997263,6.793287924549759
54.01013999997263,6.791964528323319
54.01180999997263,6.79064113209688
54.013479999972624,6.7893177358704975
54.01514999997262,6.788048148166126
54.01681999997262,6.786934814832762
54.018489999972616,6.785821481499454
54.02015999997261,6.784708148166089
54.02182999997261,6.783594814832782
54.02349999997261,6.782481481499417
54.025169999972604,6.781368148166109
54.0268399999726,6.7802548148328015
54.0285099999726,6.77914148149938
54.030179999972596,6.778028148166072
54.03184999997259,6.7769148148327645
54.03351999997259,6.775801481499457
54.03518999997259,6.774688148166092
54.036859999972584,6.773574814832784
54.03852999997258,6.772461481499477
54.04019999997258,6.771348148166169
54.041869999972576,6.770234814832861
54.04353999997257,6.76912148149944
54.04520999997257,6.7679467924743335
54.04687999997257,6.766623396247894
54.048549999972565,6.7653000000215116
54.05021999997256,6.763976603795129
54.05188999997256,6.76265320756869
54.053559999972556,6.76132981134225
54.05522999997255,6.760006415115868
54.05689999997255,6.758683018889485
54.05856999997255,6.757359622663046
54.060239999972545,6.75613629631431
54.06190999997254,6.755022962981002
54.06357999997254,6.753909629647694
54.065249999972536,6.752796296314386
54.066919999972534,6.751682962981022
54.06858999997253,6.750569629647714
54.07025999997253,6.749456296314406
54.071929999972525,6.7483429629810985
54.07359999997252,6.747229629647734
54.07526999997252,6.746116296314369
54.07693999997252,6.7450029629810615
54.078609999972514,6.743889629647697
54.08027999997251,6.742776296314389
54.08194999997251,6.741662962981081
54.083619999972505,6.740549629647717
54.0852899999725,6.739436296314352
54.0869599999725,6.738322962981044
54.0886299999725,6.737209629647737
54.090299999972494,6.736096296314429
54.09196999997249,6.734982962981064
54.09363999997249,6.7338696296477
54.095309999972486,6.732756296314392
54.09697999997248,6.731642962981084
54.09864999997248,6.730529629647776
54.10031999997248,6.729416296314355
54.101989999972474,6.728302962981047
54.10365999997247,6.727189629647739
54.10532999997247,6.725964905682019
54.106999999972466,6.72464150945558
54.10866999997246,6.723318113229141
54.11033999997246,6.721994717002758
54.11200999997246,6.720671320776319
54.113679999972454,6.719347924549936
54.11534999997245,6.718024528323554
54.11701999997245,6.716701132097171
54.118689999972446,6.715377735870675
54.12035999997244,6.7142044444626094
54.12202999997244,6.713091111129302
54.12369999997244,6.711977777795937
54.125369999972435,6.710864444462629
54.12703999997243,6.709751111129265
54.12870999997243,6.708637777795957
54.130379999972426,6.707524444462649
54.13204999997242,6.706411111129285
54.13371999997242,6.705297777795977
54.13538999997242,6.704184444462612
54.137059999972415,6.703071111129304
54.13872999997241,6.701957777795997
54.14039999997241,6.700844444462689
54.142069999972406,6.699731111129381
54.143739999972404,6.6986177777960165
54.1454099999724,6.697504444462652
54.1470799999724,6.696391111129344
54.148749999972395,6.695277777796036
54.15041999997239,6.694164444462672
54.15208999997239,6.693051111129364
54.15375999997239,6.691937777796056
54.155429999972384,6.6908244444627485
54.15709999997238,6.689711111129327
54.15876999997238,6.688597777796019
54.160439999972375,6.6874844444627115
54.16210999997237,6.686371111129347
54.16377999997237,6.685257777796039
54.16544999997237,6.683983018889705
54.167119999972364,6.682659622663266
54.16878999997236,6.681336226436827
54.17045999997236,6.680012830210444
54.172129999972356,6.6786894339840615
54.17379999997235,6.677366037757622
54.17546999997235,6.6760426415312395
54.17713999997235,6.6747192453048
54.178809999972344,6.673395849078361
54.18047999997234,6.672272592610852
54.18214999997234,6.671159259277545
54.183819999972336,6.67004592594418
54.18548999997233,6.668932592610872
54.18715999997233,6.6678192592775645
54.18882999997233,6.666705925944257
54.190499999972324,6.665592592610892
54.19216999997232,6.664479259277584
54.19383999997232,6.663365925944277
54.195509999972316,6.662252592610855
54.19717999997231,6.661139259277547
54.19884999997231,6.66002592594424
54.20051999997231,6.658912592610932
54.202189999972305,6.657799259277567
54.2038599999723,6.656685925944203
54.2055299999723,6.655572592610895
54.207199999972296,6.654459259277587
54.20886999997229,6.653345925944279
54.21053999997229,6.652024905682197
54.21220999997229,6.650701509455814
54.213879999972285,6.649378113229432
54.21554999997228,6.648054717003049
54.21721999997228,6.6467313207766665
54.218889999972276,6.64540792455017
54.220559999972274,6.644084528323788
54.22222999997227,6.642761132097405
54.22389999997227,6.641474074092514
54.225569999972265,6.640360740759206
54.22723999997226,6.639247407425785
54.22890999997226,6.638134074092477
54.23057999997226,6.637020740759169
54.232249999972254,6.6359074074258615
54.23391999997225,6.634794074092497
54.23558999997225,6.633680740759132
54.237259999972245,6.6325674074258245
54.23892999997224,6.631454074092517
54.24059999997224,6.630340740759152
54.24226999997224,6.629227407425844
54.243939999972234,6.62811407409248
54.24560999997223,6.627000740759115
54.24727999997223,6.625887407425807
54.248949999972226,6.6247740740925
54.25061999997222,6.623660740759192
54.25228999997222,6.62254740742577
54.25395999997222,6.621434074092463
54.255629999972214,6.620320740759155
54.25729999997221,6.619207407425847
54.25896999997221,6.618094074092539
54.260639999972206,6.616980740759175
54.2623099999722,6.615867407425867
54.2639799999722,6.614754074092559
54.2656499999722,6.6136407407592515
54.267319999972194,6.61252740742583
54.26898999997219,6.611366415116322
54.27065999997219,6.6100430188899395
54.272329999972186,6.608719622663557
54.27399999997218,6.6073962264371175
54.27566999997218,6.606072830210678
54.27733999997218,6.604749433984296
54.279009999972175,6.603426037757856
54.28067999997217,6.602102641531417
54.28234999997217,6.600779245305034
54.284019999972166,6.5995422222407
54.28568999997216,6.5984288889073355
54.28735999997216,6.597315555574028
54.28902999997216,6.59620222224072
54.290699999972155,6.595088888907412
54.29236999997215,6.593975555574104
54.29403999997215,6.59286222224074
54.295709999972146,6.591748888907432
54.297379999972144,6.590635555574124
54.29904999997214,6.58952222224076
54.30071999997214,6.588408888907452
54.302389999972135,6.587295555574087
54.30405999997213,6.5861822222407795
54.30572999997213,6.585068888907472
54.30739999997213,6.583955555574107
54.309069999972124,6.582842222240799
54.31073999997212,6.581728888907435
54.31240999997212,6.580615555574127
54.314079999972115,6.579502222240819
54.31574999997211,6.578388888907455
54.31741999997211,6.57727555557409
54.31908999997211,6.576162222240782
54.320759999972104,6.5750488889074745
54.3224299999721,6.573935555574167
54.3240999999721,6.572822222240745
54.325769999972096,6.5717088889074375
54.32743999997209,6.57059555557413
54.32910999997209,6.569384528323951
54.33077999997209,6.568061132097569
54.332449999972084,6.566737735871186
54.33411999997208,6.5654143396448035
54.33578999997208,6.564090943418364
54.337459999972076,6.5627675471919815
54.33912999997207,6.561444150965542
54.34079999997207,6.56012075473916
54.34246999997207,6.558797358512777
54.344139999972064,6.557610370389
54.34580999997206,6.556497037055692
54.34747999997206,6.5553837037223275
54.349149999972056,6.55427037038902
54.35081999997205,6.553157037055655
54.35248999997205,6.552043703722347
54.35415999997205,6.55093037038904
54.355829999972045,6.549817037055675
54.35749999997204,6.54870370372231
54.35916999997204,6.547590370389003
54.360839999972036,6.546477037055695
54.36250999997203,6.54536370372233
54.36417999997203,6.5442503703890225
54.36584999997203,6.543137037055715
54.367519999972025,6.542023703722407
54.36918999997202,6.5409103703889855
54.37085999997202,6.539797037055678
54.372529999972016,6.53868370372237
54.374199999972014,6.537570370389062
54.37586999997201,6.536457037055754
54.37753999997201,6.53534370372239
54.379209999972005,6.534230370389082
54.380879999972,6.5331170370557174
54.382549999972,6.53200370372241
54.384219999972,6.530890370389102
54.385889999971994,6.529777037055737
54.38755999997199,6.5286637037224295
54.38922999997199,6.527402641531694
54.390899999971985,6.526079245305311
54.39256999997198,6.524755849078929
54.39423999997198,6.523432452852433
54.39590999997198,6.52210905662605
54.397579999971974,6.5207856603996674
54.39924999997197,6.519462264173285
54.40091999997197,6.518138867946789
54.402589999971966,6.516815471720406
54.40425999997196,6.515678518537243
54.40592999997196,6.514565185203935
54.40759999997196,6.51345185187057
54.409269999971954,6.512338518537263
54.41093999997195,6.511225185203955
54.41260999997195,6.51011185187059
54.414279999971946,6.5089985185372825
54.41594999997194,6.507885185203975
54.41761999997194,6.506771851870667
54.41928999997194,6.5056585185372455
54.420959999971934,6.504545185203938
54.42262999997193,6.50343185187063
54.42429999997193,6.502318518537322
54.425969999971926,6.5012051852040145
54.42763999997192,6.500091851870593
54.42930999997192,6.498978518537285
54.43097999997192,6.4978651852039775
54.432649999971915,6.49675185187067
54.43431999997191,6.495444528324242
54.43598999997191,6.49412113209786
54.437659999971906,6.49279773587142
54.4393299999719,6.491474339645038
54.4409999999719,6.490150943418598
54.4426699999719,6.488827547192216
54.444339999971895,6.487504150965833
54.44600999997189,6.486180754739394
54.44767999997189,6.484880000018848
54.449349999971886,6.48376666668554
54.451019999971884,6.482653333352175
54.45268999997188,6.481540000018811
54.45435999997188,6.480426666685503
54.456029999971875,6.479313333352195
54.45769999997187,6.478200000018887
54.45936999997187,6.477086666685523
54.46103999997187,6.475973333352158
54.462709999971864,6.47486000001885
54.46437999997186,6.4737466666855426
54.46604999997186,6.472633333352235
54.467719999971855,6.47152000001887
54.46938999997185,6.470406666685506
54.47105999997185,6.469293333352198
54.47272999997185,6.46818000001889
54.474399999971844,6.467066666685582
54.47606999997184,6.465953333352218
54.47773999997184,6.464840000018853
54.479409999971836,6.463726666685545
54.48107999997183,6.4626133333522375
54.48274999997183,6.46150000001893
54.48441999997183,6.460386666685565
54.486089999971824,6.459273333352257
54.48775999997182,6.45816000001895
54.48942999997182,6.457046666685642
54.491099999971816,6.45593333335222
54.49276999997181,6.4547860377583675
54.49443999997181,6.453462641531985
54.49610999997181,6.452139245305489
54.497779999971804,6.450815849079106
54.4994499999718,6.4494924528527235
54.5011199999718,6.448169056626341
54.502789999971796,6.446845660399845
54.50445999997179,6.445522264173462
54.50612999997179,6.44419886794708
54.50779999997179,6.4429481481670905
54.509469999971785,6.441834814833783
54.51113999997178,6.440721481500418
54.51280999997178,6.43960814816711
54.514479999971776,6.438494814833803
54.51614999997177,6.437381481500495
54.51781999997177,6.43626814816713
54.51948999997177,6.4351548148338225
54.521159999971765,6.434041481500515
54.52282999997176,6.43292814816715
54.52449999997176,6.4318148148337855
54.526169999971756,6.430701481500478
54.527839999971754,6.42958814816717
54.52950999997175,6.428474814833805
54.53117999997175,6.427361481500441
54.532849999971745,6.426248148167133
54.53451999997174,6.425134814833825
54.53618999997174,6.424021481500461
54.53785999997174,6.422908148167153
54.539529999971734,6.421794814833788
54.54119999997173,6.4206814815004805
54.54286999997173,6.419568148167173
54.544539999971725,6.418454814833808
54.54620999997172,6.4173414815005
54.54787999997172,6.416228148167136
54.54954999997172,6.415114814833828
54.551219999971714,6.41400148150052
54.55288999997171,6.4128041509659965
54.55455999997171,6.411480754739614
54.556229999971706,6.410157358513231
54.5578999999717,6.408833962286792
54.5595699999717,6.4075105660604095
54.5612399999717,6.40618716983397
54.562909999971694,6.4048637736075875
54.56457999997169,6.403540377381205
54.56624999997169,6.402216981154822
54.567919999971686,6.40101629631539
54.56958999997168,6.3999029629820825
54.57125999997168,6.398789629648718
54.57292999997168,6.39767629631541
54.574599999971674,6.3965629629820455
54.57626999997167,6.395449629648738
54.57793999997167,6.39433629631543
54.579609999971666,6.3932229629820085
54.58127999997166,6.392109629648701
54.58294999997166,6.390996296315393
54.58461999997166,6.389882962982085
54.586289999971655,6.388769629648721
54.58795999997165,6.387656296315413
54.58962999997165,6.386542962982105
54.591299999971646,6.385429629648797
54.59296999997164,6.384316296315433
54.59463999997164,6.383202962982068
54.59630999997164,6.38208962964876
54.597979999971635,6.380846037758602
54.59964999997163,6.379522641532219
54.60131999997163,6.37819924530578
54.602989999971626,6.376875849079397
54.604659999971624,6.375552452852958
54.60632999997162,6.374229056626575
54.60799999997162,6.372905660400136
54.609669999971615,6.371582264173696
54.61133999997161,6.370258867947314
54.61300999997161,6.369104444463574
54.61467999997161,6.367991111130266
54.616349999971604,6.366877777796958
54.6180199999716,6.36576444446365
54.6196899999716,6.364651111130229
54.621359999971595,6.363537777796921
54.62302999997159,6.362424444463613
54.62469999997159,6.361311111130306
54.62636999997159,6.360197777796998
54.628039999971584,6.359084444463576
54.62970999997158,6.357971111130269
54.63137999997158,6.356857777796961
54.633049999971576,6.355744444463653
54.63471999997157,6.354631111130345
54.63638999997157,6.353517777796981
54.63805999997157,6.352404444463673
54.639729999971564,6.351291111130365
54.64139999997156,6.350177777797057
54.64306999997156,6.349064444463693
54.644739999971556,6.347951111130328
54.64640999997155,6.34683777779702
54.64807999997155,6.345724444463713
54.64974999997155,6.344611111130405
54.651419999971544,6.343497777796983
54.65308999997154,6.342384444463676
54.65475999997154,6.341271111130368
54.656429999971536,6.34015777779706
54.65809999997153,6.338864150966231
54.65976999997153,6.337540754739848
54.66143999997153,6.336217358513466
54.663109999971525,6.334893962287026
54.66477999997152,6.333570566060644
54.66644999997152,6.332247169834261
54.668119999971516,6.330923773607822
54.66978999997151,6.329600377381382
54.67145999997151,6.328285925945238
54.67312999997151,6.32717259261193
54.674799999971505,6.326059259278566
54.6764699999715,6.324945925945258
54.6781399999715,6.323832592611893
54.679809999971496,6.3227192592785855
54.681479999971494,6.321605925945278
54.68314999997149,6.320492592611913
54.68481999997149,6.3193792592785485
54.686489999971485,6.318265925945241
54.68815999997148,6.317152592611933
54.68982999997148,6.316039259278625
54.69149999997148,6.314925925945204
54.693169999971474,6.313812592611896
54.69483999997147,6.312699259278588
54.69650999997147,6.311585925945224
54.698179999971465,6.310472592611916
54.69984999997146,6.309359259278551
54.70151999997146,6.3082459259452435
54.70318999997146,6.307132592611879
54.704859999971454,6.306019259278571
54.70652999997145,6.304905925945263
54.70819999997145,6.303792592611956
54.709869999971446,6.302679259278648
54.71153999997144,6.301565925945283
54.71320999997144,6.300452592611975
54.71487999997144,6.299339259278611
54.716549999971434,6.298205660400413
54.71821999997143,6.2968822641739735
54.71988999997143,6.295558867947534
54.721559999971426,6.2942354717211515
54.72322999997142,6.292912075494712
54.72489999997142,6.2915886792683295
54.72656999997142,6.290265283041947
54.728239999971414,6.288941886815508
54.72990999997141,6.287618490589068
54.73157999997141,6.286354074093481
54.733249999971406,6.285240740760173
54.7349199999714,6.2841274074268085
54.7365899999714,6.283014074093501
54.7382599999714,6.281900740760193
54.739929999971395,6.280787407426885
54.74159999997139,6.279674074093521
54.74326999997139,6.278560740760213
54.744939999971386,6.277447407426905
54.74660999997138,6.276334074093484
54.74827999997138,6.275220740760176
54.74994999997138,6.274107407426868
54.751619999971375,6.27299407409356
54.75328999997137,6.271880740760196
54.75495999997137,6.270767407426831
54.756629999971366,6.269654074093523
54.75829999997136,6.268540740760216
54.75996999997136,6.267427407426908
54.76163999997136,6.266314074093543
54.763309999971355,6.265200740760179
54.76497999997135,6.264087407426871
54.76664999997135,6.262974074093563
54.76831999997135,6.2618607407601985
54.769989999971344,6.260747407426891
54.77165999997134,6.259634074093526
54.77332999997134,6.258520740760218
54.774999999971335,6.257407407426854
54.77666999997133,6.256223773608042
54.77833999997133,6.2549003773816025
54.78000999997133,6.253576981155163
54.781679999971324,6.252253584928781
54.78334999997132,6.250930188702398
54.78501999997132,6.2496067924760155
54.786689999971316,6.248283396249576
54.78835999997131,6.246960000023137
54.79002999997131,6.245636603796754
54.79169999997131,6.244422222241781
54.793369999971304,6.243308888908473
54.7950399999713,6.2421955555750515
54.7967099999713,6.241082222241744
54.798379999971296,6.239968888908436
54.80004999997129,6.238855555575128
54.80171999997129,6.23774222224182
54.80338999997129,6.236628888908399
54.805059999971284,6.235515555575091
54.80672999997128,6.234402222241783
54.80839999997128,6.233288888908476
54.810069999971276,6.232175555575168
54.81173999997127,6.231062222241803
54.81340999997127,6.2299488889084955
54.81507999997127,6.228835555575188
54.816749999971265,6.227722222241823
54.81841999997126,6.2266088889084585
54.82008999997126,6.225495555575151
54.821759999971256,6.224265660400647
54.82342999997125,6.222942264174264
54.82509999997125,6.221618867947768
54.82676999997125,6.220295471721386
54.828439999971245,6.218972075495003
54.83010999997124,6.217648679268564
54.83177999997124,6.216325283042124
54.833449999971236,6.215001886815742
54.83511999997123,6.213678490589359
54.83678999997123,6.212510370389964
54.83845999997123,6.211397037056656
54.840129999971225,6.2102837037233485
54.84179999997122,6.209170370390041
54.84346999997122,6.208057037056676
54.84513999997122,6.2069437037233115
54.846809999971214,6.205830370390004
54.84847999997121,6.204717037056696
54.85014999997121,6.203603703723388
54.851819999971205,6.202490370389967
54.8534899999712,6.201377037056659
54.8551599999712,6.200263703723351
54.8568299999712,6.1991503703900435
54.858499999971194,6.198037037056679
54.86016999997119,6.196923703723371
54.86183999997119,6.195810370390063
54.863509999971185,6.194697037056699
54.86517999997118,6.193583703723391
54.86684999997118,6.192470370390026
54.86851999997118,6.191357037056719
54.870189999971174,6.190243703723354
54.87185999997117,6.189130370390046
54.87352999997117,6.1880170370567384
54.875199999971166,6.186903703723374
54.87686999997116,6.185790370390066
54.87853999997116,6.1846770370567015
54.88020999997116,6.183563703723394
54.881879999971154,6.182283773608276
54.88354999997115,6.1809603773818935
54.88521999997115,6.179636981155511
54.886889999971146,6.178313584929072
54.88855999997114,6.176990188702632
54.89022999997114,6.17566679247625
54.89189999997114,6.174343396249867
54.893569999971135,6.1730200000234845
54.89523999997113,6.171696603797045
54.89690999997113,6.170578518538321
54.898579999971126,6.169465185204956
54.90024999997112,6.168351851871648
54.90191999997112,6.167238518538284
54.90358999997112,6.166125185204976
54.905259999971115,6.165011851871668
54.90692999997111,6.1638985185383035
54.90859999997111,6.162785185204939
54.910269999971106,6.161671851871631
54.9119399999711,6.160558518538323
54.9136099999711,6.159445185204959
54.9152799999711,6.158331851871594
54.916949999971095,6.157218518538286
54.91861999997109,6.156105185204979
54.92028999997109,6.154991851871614
54.92195999997109,6.153878518538306
54.923629999971084,6.152765185204942
54.92529999997108,6.151651851871634
54.92696999997108,6.150538518538326
54.928639999971075,6.1494251852049615
54.93030999997107,6.148311851871654
54.93197999997107,6.147198518538346
54.93364999997107,6.146085185205038
54.935319999971064,6.144971851871674
54.93698999997106,6.143858518538366
54.93865999997106,6.142745185205001
54.940329999971055,6.141625283042401
54.94199999997105,6.140301886815962
54.94366999997105,6.1389784905895795
54.94533999997105,6.13765509436314
54.947009999971044,6.136331698136701
54.94867999997104,6.135008301910318
54.95034999997104,6.1336849056839355
54.952019999971036,6.132361509457496
54.95368999997103,6.131038113231057
54.95535999997103,6.1297600000198145
54.95702999997103,6.128646666686507
54.958699999971024,6.127533333353199
54.96036999997102,6.126420000019891
54.96203999997102,6.125306666686527
54.963709999971016,6.124193333353219
54.96537999997101,6.123080000019911
54.96704999997101,6.121966666686603
54.96871999997101,6.1208533333532955
54.970389999971005,6.119740000019874
54.972059999971,6.118626666686566
54.973729999971,6.1175133333532585
54.975399999970996,6.116400000019951
54.97706999997099,6.115286666686643
54.97873999997099,6.1141733333532216
54.98040999997099,6.113060000019914
54.982079999970985,6.111946666686606
54.98374999997098,6.110833333353298
54.98541999997098,6.10966716983495
54.987089999970976,6.10834377360851
54.98875999997097,6.107020377382128
54.99042999997097,6.105696981155745
54.99209999997097,6.104373584929306
54.993769999970965,6.103050188702866
54.99543999997096,6.101726792476484
54.99710999997096,6.100403396250044
54.99877999997096,6.099080000023605
55.000449999970954,5.999647826110277
55.00211999997095,5.998340869588503
55.00378999997095,5.9970339130668435
55.005459999970945,5.99572695654507
55.00712999997094,5.994420000023297
55.00879999997094,5.99311304350158
55.01046999997094,5.991806086979807
55.012139999970934,5.990499130458147
55.01380999997093,5.989192173936374
55.01547999997093,5.987885217414657
55.017149999970925,5.986578260892884
55.01881999997092,5.985271304371224
55.02048999997092,5.983964347849451
55.02215999997092,5.9826573913276775
55.023829999970914,5.981350434805961
55.02549999997091,5.980043478284244
55.02716999997091,5.978736521762471
55.028839999970906,5.9774295652407545
55.0305099999709,5.976122608719038
55.0321799999709,5.9748156521973215
55.0338499999709,5.973508695675548
55.035519999970894,5.972201739153775
55.03718999997089,5.970894782632115
55.03885999997089,5.969587826110342
55.040529999970886,5.968280869588568
55.04219999997088,5.966973913066852
55.04386999997088,5.965666956545078
55.04553999997088,5.964360000023419
55.047209999970875,5.963053043501645
55.04887999997087,5.961746086979929
55.05054999997087,5.960439130458155
55.052219999970866,5.959132173936439
55.05388999997086,5.957825217414722
55.05555999997086,5.956518260893006
55.05722999997086,5.9552113043712325
55.058899999970855,5.953904347849459
55.06056999997085,5.952597391327743
55.06223999997085,5.951290434806026
55.063909999970846,5.9499834782843095
55.06557999997084,5.948676521762536
55.06724999997084,5.94736956524082
55.06891999997084,5.946062608719103
55.070589999970835,5.9447556521973866
55.07225999997083,5.943448695675613
55.07392999997083,5.942141739153897
55.07559999997083,5.94083478263218
55.077269999970824,5.939482857168514
55.07893999997082,5.938051428597078
55.08060999997082,5.936620000025698
55.082279999970815,5.935188571454262
55.08394999997081,5.9337571428828255
55.08561999997081,5.932325714311389
55.08728999997081,5.930894285739953
55.088959999970804,5.929462857168517
55.0906299999708,5.92803142859708
55.0922999999708,5.926600000025644
55.093969999970795,5.925168571454208
55.09563999997079,5.923737142882828
55.09730999997079,5.922395072487234
55.09897999997079,5.9210881159654605
55.100649999970784,5.919781159443744
55.10231999997078,5.918474202922027
55.10398999997078,5.917167246400311
55.105659999970776,5.9158602898785375
55.10732999997077,5.914553333356821
55.10899999997077,5.9132463768351045
55.11066999997077,5.911939420313388
55.112339999970764,5.9106324637916146
55.11400999997076,5.909325507269898
55.11567999997076,5.9080185507481815
55.117349999970756,5.906711594226408
55.11901999997075,5.905404637704692
55.12068999997075,5.904097681182975
55.12235999997075,5.902790724661202
55.124029999970745,5.901483768139485
55.12569999997074,5.900176811617712
55.12736999997074,5.898869855095938
55.129039999970736,5.897562898574279
55.13070999997073,5.896255942052505
55.13237999997073,5.894948985530789
55.13404999997073,5.8936420290090155
55.135719999970725,5.892335072487242
55.13738999997072,5.891028115965582
55.13905999997072,5.889721159443809
55.140729999970716,5.8884142029220925
55.14239999997071,5.887107246400319
55.14406999997071,5.885800289878603
55.14573999997071,5.884493333356886
55.147409999970705,5.883186376835113
55.1490799999707,5.881879420313396
55.1507499999707,5.880572463791623
55.1524199999707,5.879265507269963
55.154089999970694,5.877922857168642
55.15575999997069,5.876491428597205
55.15742999997069,5.875060000025769
55.159099999970685,5.87362857145439
55.16076999997068,5.872197142882953
55.16243999997068,5.870765714311517
55.16410999997068,5.869334285740138
55.165779999970674,5.8679028571686445
55.16744999997067,5.866471428597208
55.16911999997067,5.865040000025772
55.170789999970665,5.863608571454392
55.17245999997066,5.862177142882956
55.17412999997066,5.860825797125074
55.17579999997066,5.8595188406033
55.177469999970654,5.858211884081527
55.17913999997065,5.856904927559867
55.18080999997065,5.855597971038094
55.182479999970646,5.854291014516377
55.18414999997064,5.852984057994604
55.18581999997064,5.851677101472887
55.18748999997064,5.850370144951171
55.189159999970634,5.8490631884293975
55.19082999997063,5.847756231907624
55.19249999997063,5.8464492753859645
55.194169999970626,5.845142318864191
55.19583999997062,5.843835362342475
55.19750999997062,5.842528405820758
55.19917999997062,5.8412214492990415
55.200849999970615,5.839914492777268
55.20251999997061,5.838607536255495
55.20418999997061,5.837300579733835
55.205859999970606,5.835993623212062
55.2075299999706,5.834686666690345
55.2091999999706,5.833379710168572
55.2108699999706,5.832072753646855
55.212539999970595,5.830765797125139
55.21420999997059,5.829458840603365
55.21587999997059,5.828151884081649
55.217549999970586,5.8268449275598755
55.21921999997058,5.825537971038159
55.22088999997058,5.824231014516442
55.22255999997058,5.822924057994669
55.224229999970575,5.8216171014729525
55.22589999997057,5.820310144951179
55.22756999997057,5.819003188429406
55.22923999997057,5.817696231907746
55.230909999970564,5.816389275385973
55.23257999997056,5.815082318864256
55.23424999997056,5.813775362342483
55.235919999970555,5.812468405820766
55.23758999997055,5.81116144929905
55.23925999997055,5.809854492777276
55.24092999997055,5.80854753625556
55.242599999970544,5.807240579733843
55.24426999997054,5.805933623212127
55.24593999997054,5.804626666690353
55.247609999970535,5.803319710168694
55.24927999997053,5.80201275364692
55.25094999997053,5.80061428574021
55.25261999997053,5.799182857168773
55.254289999970524,5.797751428597394
55.25595999997052,5.796320000025958
55.25762999997052,5.794888571454521
55.259299999970516,5.793457142883085
55.26096999997051,5.792025714311649
55.26263999997051,5.790594285740269
55.26430999997051,5.789162857168833
55.265979999970504,5.787731428597397
55.2676499999705,5.78630000002596
55.2693199999705,5.784880000023804
55.270989999970496,5.783573043502031
55.27265999997049,5.782266086980258
55.27432999997049,5.780959130458541
55.27599999997049,5.7796521739368245
55.277669999970485,5.778345217415051
55.27933999997048,5.777038260893335
55.28100999997048,5.775731304371618
55.282679999970476,5.7744243478499016
55.28434999997047,5.773117391328128
55.28601999997047,5.771810434806355
55.28768999997047,5.770503478284695
55.289359999970465,5.769196521762922
55.29102999997046,5.767889565241148
55.29269999997046,5.766582608719432
55.294369999970456,5.7652756521976585
55.29603999997045,5.763968695675999
55.29770999997045,5.762661739154225
55.29937999997045,5.761354782632509
55.301049999970445,5.7600478261107355
55.30271999997044,5.758740869589019
55.30438999997044,5.7574339130673025
55.30605999997044,5.756126956545586
55.307729999970434,5.7548200000238126
55.30939999997043,5.753513043502039
55.31106999997043,5.752206086980323
55.312739999970425,5.750899130458606
55.31440999997042,5.749592173936833
55.31607999997042,5.748285217415116
55.31774999997042,5.746978260893343
55.319419999970414,5.745671304371683
55.32108999997041,5.74436434784991
55.32275999997041,5.743057391328136
55.324429999970405,5.74175043480642
55.3260999999704,5.740443478284703
55.3277699999704,5.7390542857403375
55.3294399999704,5.737622857168901
55.331109999970394,5.736191428597522
55.33277999997039,5.734760000026085
55.33444999997039,5.733328571454649
55.336119999970386,5.731897142883213
55.33778999997038,5.730465714311833
55.33945999997038,5.729034285740397
55.34112999997038,5.727602857168961
55.342799999970374,5.7261714285975245
55.34446999997037,5.724740000026031
55.34613999997037,5.7233107246615305
55.347809999970366,5.722003768139814
55.34947999997036,5.720696811618041
55.35114999997036,5.719389855096324
55.35281999997036,5.7180828985746075
55.354489999970355,5.716775942052891
55.35615999997035,5.715468985531118
55.35782999997035,5.714162029009401
55.359499999970346,5.7128550724876845
55.36116999997034,5.711548115965968
55.36283999997034,5.710241159444195
55.36450999997034,5.708934202922478
55.366179999970335,5.707627246400762
55.36784999997033,5.706320289878988
55.36951999997033,5.705013333357272
55.371189999970326,5.703706376835555
55.37285999997032,5.702399420313782
55.37452999997032,5.701092463792065
55.37619999997032,5.699785507270292
55.377869999970315,5.6984785507485185
55.37953999997031,5.697171594226859
55.38120999997031,5.695864637705085
55.38287999997031,5.694557681183369
55.384549999970304,5.6932507246615955
55.3862199999703,5.691943768139822
55.3878899999703,5.6906368116181625
55.389559999970295,5.689329855096389
55.39122999997029,5.688022898574673
55.39289999997029,5.686715942052899
55.39456999997029,5.685408985531183
55.396239999970284,5.684102029009466
55.39790999997028,5.682795072487693
55.39957999997028,5.681488115965976
55.401249999970275,5.680181159444203
55.40291999997027,5.678874202922543
55.40458999997027,5.677494285740465
55.40625999997027,5.676062857169029
55.407929999970264,5.674631428597593
55.40959999997026,5.673200000026213
55.41126999997026,5.671768571454777
55.412939999970256,5.670337142883341
55.41460999997025,5.668905714311961
55.41627999997025,5.667474285740525
55.41794999997025,5.666042857169032
55.419619999970244,5.6646114285975955
55.42128999997024,5.663180000026216
55.42295999997024,5.66174857145478
55.424629999970236,5.660434492777597
55.42629999997023,5.6591275362558235
55.42796999997023,5.657820579734107
55.42963999997023,5.6565136232123905
55.431309999970225,5.655206666690674
55.43297999997022,5.653899710168901
55.43464999997022,5.652592753647184
55.436319999970216,5.6512857971254675
55.43798999997021,5.649978840603694
55.43965999997021,5.648671884081978
55.44132999997021,5.647364927560204
55.442999999970205,5.646057971038545
55.4446699999702,5.644751014516771
55.4463399999702,5.643444057995055
55.448009999970196,5.642137101473338
55.44967999997019,5.640830144951622
55.45134999997019,5.639523188429848
55.45301999997019,5.638216231908075
55.454689999970185,5.636909275386415
55.45635999997018,5.635602318864642
55.45802999997018,5.634295362342925
55.45969999997018,5.632988405821152
55.461369999970174,5.631681449299435
55.46303999997017,5.630374492777719
55.46470999997017,5.6290675362559455
55.466379999970165,5.627760579734229
55.46804999997016,5.626453623212456
55.46971999997016,5.625146666690739
55.47138999997016,5.6238397101690225
55.473059999970154,5.622532753647249
55.47472999997015,5.621225797125533
55.47639999997015,5.619918840603759
55.478069999970145,5.618611884081986
55.47973999997014,5.617304927560326
55.48140999997014,5.615997971038553
55.48307999997014,5.614691014516836
55.484749999970134,5.613384057995063
55.48641999997013,5.612077101473403
55.48808999997013,5.61077014495163
55.489759999970126,5.6094631884298565
55.49142999997012,5.60815623190814
55.49309999997012,5.606849275386423
55.49476999997012,5.605542318864707
55.496439999970114,5.6042353623429335
55.49810999997011,5.602928405821274
55.49977999997011,5.601617142883526
55.501449999970106,5.60018571431209
55.5031199999701,5.598754285740654
55.5047899999701,5.597322857169274
55.5064599999701,5.595891428597838
55.508129999970095,5.594460000026345
55.50979999997009,5.593028571454909
55.51146999997009,5.591597142883472
55.513139999970086,5.590165714312093
55.51480999997008,5.588734285740657
55.51647999997008,5.58730285716922
55.51814999997008,5.585871428597784
55.519819999970075,5.5844886956763276
55.52148999997007,5.583181739154554
55.52315999997007,5.581874782632838
55.524829999970066,5.580567826111064
55.52649999997006,5.579260869589348
55.52816999997006,5.577953913067631
55.52983999997006,5.576646956545858
55.531509999970055,5.575340000024198
55.53317999997005,5.574033043502425
55.53484999997005,5.572726086980708
55.53651999997005,5.571419130458935
55.538189999970044,5.570112173937275
55.53985999997004,5.568805217415502
55.54152999997004,5.567498260893785
55.543199999970035,5.566191304372012
55.54486999997003,5.5648843478502386
55.54653999997003,5.563577391328579
55.54820999997003,5.5622704348068055
55.549879999970024,5.560963478285089
55.55154999997002,5.559656521763316
55.55321999997002,5.558349565241599
55.554889999970015,5.5570426087198825
55.55655999997001,5.555735652198166
55.55822999997001,5.554428695676393
55.55989999997001,5.553121739154619
55.561569999970004,5.551814782632903
55.56323999997,5.550507826111186
55.56490999997,5.549200869589413
55.566579999969996,5.547893913067696
55.56824999996999,5.546586956545923
55.56991999996999,5.545280000024263
55.57158999996999,5.54397304350249
55.573259999969984,5.5426660869807165
55.57492999996998,5.541359130459
55.57659999996998,5.540052173937283
55.578269999969976,5.538625714312218
55.57993999996997,5.537194285740782
55.58160999996997,5.535762857169402
55.58327999996997,5.534331428597966
55.584949999969965,5.532900000026473
55.58661999996996,5.5314685714550365
55.58828999996996,5.530037142883657
55.589959999969956,5.528605714312221
55.59162999996995,5.527174285740784
55.59329999996995,5.525742857169348
55.59496999996995,5.524311428597912
55.596639999969945,5.5229194203141105
55.59830999996994,5.521612463792394
55.59997999996994,5.520305507270621
55.601649999969936,5.518998550748904
55.60331999996993,5.517691594227188
55.60498999996993,5.516384637705414
55.60665999996993,5.515077681183698
55.608329999969925,5.513770724661924
55.60999999996992,5.512463768140208
55.61166999996992,5.511156811618491
55.61333999996992,5.509849855096718
55.615009999969914,5.508542898575001
55.61667999996991,5.507235942053285
55.61834999996991,5.505928985531511
55.620019999969905,5.504622029009795
55.6216899999699,5.503315072488078
55.6233599999699,5.502008115966362
55.6250299999699,5.5007011594445885
55.626699999969894,5.499394202922872
55.62836999996989,5.498087246401099
55.63003999996989,5.496780289879439
55.631709999969885,5.4954733333576655
55.63337999996988,5.494166376835892
55.63504999996988,5.492859420314176
55.63671999996988,5.491552463792402
55.638389999969874,5.490245507270743
55.64005999996987,5.488938550748969
55.64172999996987,5.487631594227253
55.643399999969866,5.486324637705479
55.64506999996986,5.485017681183763
55.64673999996986,5.483710724662046
55.64840999996986,5.48240376814033
55.650079999969854,5.481096811618556
55.65174999996985,5.479789855096783
55.65341999996985,5.478482898575123
55.655089999969846,5.477065714312346
55.65675999996984,5.4756342857409095
55.65842999996984,5.47420285716953
55.66009999996984,5.472771428598094
55.661769999969835,5.471340000026657
55.66343999996983,5.469908571455164
55.66510999996983,5.468477142883785
55.666779999969826,5.4670457143123485
55.66844999996982,5.465614285740912
55.67011999996982,5.464182857169476
55.67178999996982,5.4627514285980965
55.673459999969815,5.4613501449518935
55.67512999996981,5.460043188430177
55.67679999996981,5.458736231908404
55.678469999969806,5.457429275386687
55.6801399999698,5.456122318864971
55.6818099999698,5.454815362343254
55.6834799999698,5.453508405821481
55.685149999969795,5.452201449299764
55.68681999996979,5.450894492778048
55.68848999996979,5.449587536256274
55.69015999996979,5.448280579734558
55.691829999969784,5.446973623212841
55.69349999996978,5.445666666691125
55.69516999996978,5.444359710169351
55.696839999969775,5.443052753647578
55.69850999996977,5.441745797125918
55.70017999996977,5.440438840604145
55.70184999996977,5.439131884082428
55.703519999969764,5.437824927560655
55.70518999996976,5.436517971038938
55.70685999996976,5.435211014517222
55.708529999969755,5.4339040579954485
55.71019999996975,5.432597101473675
55.71186999996975,5.431290144951959
55.71353999996975,5.429983188430242
55.715209999969744,5.4286762319085256
55.71687999996974,5.427369275386752
55.71854999996974,5.426062318865036
55.720219999969736,5.424755362343262
55.72188999996973,5.423448405821546
55.72355999996973,5.422141449299829
55.72522999996973,5.420834492778056
55.726899999969724,5.419527536256339
55.72856999996972,5.418220579734566
55.73023999996972,5.416913623212906
55.731909999969716,5.415606666691133
55.73357999996971,5.414299710169416
55.73524999996971,5.412992753647643
55.73691999996971,5.411685797125983
55.738589999969705,5.41037884060421
55.7402599999697,5.4090718840824366
55.7419299999697,5.407764927560777
55.743599999969696,5.4064579710390035
55.74526999996969,5.405151014517287
55.74693999996969,5.403844057995514
55.74860999996969,5.402537101473854
55.750279999969685,5.401188571455407
55.75194999996968,5.399757142883971
55.75361999996968,5.398325714312534
55.755289999969676,5.396894285741098
55.75695999996967,5.395462857169662
55.75862999996967,5.394031428598225
55.76029999996967,5.392600000026789
55.761969999969665,5.391168571455353
55.76363999996966,5.389737142883973
55.76530999996966,5.388305714312537
55.76697999996966,5.386874285741101
55.768649999969654,5.385442857169608
55.77031999996965,5.384097391328908
55.77198999996965,5.382790434807134
55.773659999969645,5.381483478285418
55.77532999996964,5.380176521763701
55.77699999996964,5.378869565241928
55.77866999996964,5.377562608720211
55.780339999969634,5.376255652198438
55.78200999996963,5.374948695676778
55.78367999996963,5.373641739155005
55.785349999969625,5.372334782633288
55.78701999996962,5.371027826111515
55.78868999996962,5.369720869589855
55.79035999996962,5.368413913068082
55.792029999969614,5.3671069565463085
55.79369999996961,5.365800000024592
55.79536999996961,5.364493043502819
55.797039999969606,5.363186086981102
55.7987099999696,5.361879130459386
55.8003799999696,5.360572173937612
55.8020499999696,5.359265217415896
55.803719999969594,5.357958260894122
55.80538999996959,5.356651304372406
55.80705999996959,5.355344347850689
55.808729999969586,5.354037391328916
55.81039999996958,5.3527304348071425
55.81206999996958,5.351423478285426
55.81373999996958,5.350116521763709
55.815409999969575,5.348809565241993
55.81707999996957,5.3475026087202195
55.81874999996957,5.346195652198503
55.820419999969566,5.3448886956767865
55.82208999996956,5.34358173915507
55.82375999996956,5.342274782633297
55.82542999996956,5.340967826111637
55.827099999969555,5.339628571455478
55.82876999996955,5.338197142884042
55.83043999996955,5.336765714312605
55.832109999969546,5.335334285741226
55.83377999996954,5.3339028571697895
55.83544999996954,5.332471428598353
55.83711999996954,5.331040000026917
55.838789999969535,5.3296085714555375
55.84045999996953,5.328177142884101
55.84212999996953,5.326745714312665
55.84379999996953,5.325314285741229
55.845469999969524,5.323882857169792
55.84713999996952,5.322528115966691
55.84880999996952,5.321221159444974
55.850479999969515,5.319914202923201
55.85214999996951,5.318607246401484
55.85381999996951,5.317300289879768
55.85548999996951,5.315993333357994
55.857159999969504,5.314686376836278
55.8588299999695,5.313379420314561
55.8604999999695,5.312072463792788
55.862169999969495,5.310765507271071
55.86383999996949,5.309458550749298
55.86550999996949,5.308151594227581
55.86717999996949,5.306844637705865
55.868849999969484,5.3055376811840915
55.87051999996948,5.304230724662375
55.87218999996948,5.3029237681406585
55.873859999969476,5.301616811618942
55.87552999996947,5.300309855097169
55.87719999996947,5.299002898575452
55.87886999996947,5.297695942053679
55.880539999969464,5.296388985532019
55.88220999996946,5.295082029010246
55.88387999996946,5.293775072488472
55.885549999969456,5.292468115966756
55.88721999996945,5.291161159444982
55.88888999996945,5.289854202923323
55.89055999996945,5.288547246401549
55.892229999969445,5.287240289879776
55.89389999996944,5.285933333358059
55.89556999996944,5.284626376836286
55.897239999969436,5.2833194203145695
55.89890999996943,5.282012463792853
55.90057999996943,5.28070550727108
55.90224999996943,5.279398550749306
55.903919999969425,5.278068571455606
55.90558999996942,5.276637142884169
55.90725999996942,5.275205714312733
55.908929999969416,5.273774285741354
55.91059999996941,5.272342857169917
55.91226999996941,5.270911428598481
55.91393999996941,5.269480000027045
55.915609999969405,5.268048571455665
55.9172799999694,5.266617142884229
55.9189499999694,5.265185714312793
55.9206199999694,5.263754285741356
55.922289999969394,5.26232285716992
55.92395999996939,5.260958840604474
55.92562999996939,5.259651884082757
55.927299999969385,5.258344927560984
55.92896999996938,5.257037971039267
55.93063999996938,5.255731014517551
55.93230999996938,5.254424057995834
55.933979999969374,5.253117101474061
55.93564999996937,5.251810144952344
55.93731999996937,5.250503188430628
55.938989999969365,5.249196231908854
55.94065999996936,5.247889275387138
55.94232999996936,5.246582318865421
55.94399999996936,5.245275362343705
55.945669999969354,5.243968405821931
55.94733999996935,5.242661449300158
55.94900999996935,5.241354492778498
55.950679999969346,5.240047536256725
55.95234999996934,5.238740579735008
55.95401999996934,5.237433623213235
55.95568999996934,5.2361266666915185
55.957359999969334,5.234819710169802
55.95902999996933,5.233512753648029
55.96069999996933,5.232205797126255
55.962369999969326,5.230898840604539
55.96403999996932,5.229591884082822
55.96570999996932,5.228284927561106
55.96737999996932,5.226977971039332
55.969049999969315,5.225671014517616
55.97071999996931,5.224364057995842
55.97238999996931,5.223057101474126
55.974059999969306,5.221750144952409
55.9757299999693,5.220443188430636
55.9773999999693,5.219136231908919
55.9790699999693,5.217829275387146
55.980739999969295,5.216522318865486
55.98240999996929,5.215215362343713
55.98407999996929,5.21390840582194
55.985749999969286,5.212601449300223
55.98741999996928,5.2112944927785065
55.98908999996928,5.20998753625679
55.99075999996928,5.208680579735017
55.992429999969275,5.2073736232133
55.99409999996927,5.206066666691584
55.99576999996927,5.20475971016981
55.99743999996927,5.203452753648037
55.999109999969264,5.202145797126377
56.00077999996926,5.29962517164023
56.00244999996926,5.29882265447776
56.004119999969255,5.298020137315234
56.00578999996925,5.297217620152821
56.00745999996925,5.296415102990295
56.00912999996925,5.295612585827882
56.010799999969244,5.294810068665356
56.01246999996924,5.294007551502887
56.01413999996924,5.293205034340474
56.015809999969235,5.292402517177948
56.01747999996923,5.291600000015535
56.01914999996923,5.290797482853009
56.02081999996923,5.289994965690596
56.022489999969224,5.289107622829363
56.02415999996922,5.288202371558896
56.02582999996922,5.2872971202884855
56.027499999969216,5.286391869017962
56.02916999996921,5.285486617747495
56.03083999996921,5.284581366477084
56.03250999996921,5.2836761152065606
56.034179999969204,5.2827708639360935
56.0358499999692,5.281865612665683
56.0375199999692,5.2809603613951595
56.039189999969196,5.280055110124692
56.04085999996919,5.279149858854225
56.04252999996919,5.278246453104771
56.04419999996919,5.2774439359422445
56.045869999969185,5.276641418779832
56.04753999996918,5.275838901617362
56.04920999996918,5.275036384454836
56.050879999969176,5.274233867292423
56.05254999996917,5.273431350129897
56.05421999996917,5.272628832967484
56.05588999996917,5.271826315804958
56.057559999969165,5.271023798642545
56.05922999996916,5.270221281480019
56.06089999996916,5.26941876431755
56.062569999969156,5.26861624715508
56.06423999996915,5.267775042366395
56.06590999996915,5.266869791095928
56.06757999996915,5.265964539825404
56.069249999969145,5.265059288554994
56.07091999996914,5.26415403728447
56.07258999996914,5.263248786014003
56.07425999996914,5.262343534743536
56.075929999969134,5.261438283473069
56.07759999996913,5.2606025974176305
56.07926999996913,5.259821818196883
56.080939999969125,5.259041038976079
56.08260999996912,5.258260259755332
56.08427999996912,5.257479480534585
56.08594999996912,5.256757142870299
56.087619999969114,5.256079097757549
56.08928999996911,5.255401052644743
56.09095999996911,5.254723007531993
56.092629999969105,5.2540449624191865
56.0942999999691,5.253366917306494
56.0959699999691,5.252688872193687
56.0976399999691,5.251896872631846
56.099309999969094,5.251094355469377
56.10097999996909,5.250291838306907
56.10264999996909,5.249489321144495
56.104319999969086,5.248686803981968
56.10598999996908,5.247884286819499
56.10765999996908,5.246986485995251
56.10932999996908,5.246081234724784
56.110999999969074,5.245175983454317
56.11266999996907,5.24427073218385
56.11433999996907,5.243365480913326
56.116009999969066,5.242460229642916
56.11767999996906,5.241554978372449
56.11934999996906,5.240649727101982
56.12101999996906,5.239744475831515
56.122689999969054,5.238839224561104
56.12435999996905,5.2379339732905805
56.12602999996905,5.2370287220201135
56.127699999969046,5.2361234707496465
56.12936999996904,5.235218219479179
56.13103999996904,5.234312968208769
56.13270999996904,5.233407716938245
56.134379999969035,5.232502465667778
56.13604999996903,5.231597214397368
56.13771999996903,5.230691963126844
56.139389999969026,5.229786711856377
56.14105999996902,5.22888146058591
56.14272999996902,5.227976209315443
56.14439999996902,5.227070958044976
56.146069999969015,5.226165706774509
56.14773999996901,5.225260455503985
56.14940999996901,5.224387261647905
56.15107999996901,5.223584744485379
56.152749999969004,5.222782227322966
56.154419999969,5.222040000013237
56.156089999969,5.2213619549004875
56.157759999968995,5.220683909787681
56.15942999996899,5.220005864674874
56.16109999996899,5.219327819562125
56.16276999996899,5.218649774449318
56.164439999968984,5.217971729336568
56.16610999996898,5.217293684223762
56.16777999996898,5.216615639111012
56.169449999968975,5.215937593998206
56.17111999996897,5.215190649365809
56.17278999996897,5.214409870145005
56.17445999996897,5.213524411837568
56.176129999968964,5.212619160567101
56.17779999996896,5.211713909296577
56.17946999996896,5.210808658026167
56.181139999968956,5.2099034067557
56.18280999996895,5.208998155485176
56.18447999996895,5.208092904214766
56.18614999996895,5.207187652944299
56.187819999968944,5.206282401673832
56.18948999996894,5.205377150403365
56.19115999996894,5.204471899132841
56.192829999968936,5.203655301312324
56.19449999996893,5.202852784149854
56.19616999996893,5.202050266987328
56.19783999996893,5.2012477498249154
56.199509999968924,5.200445232662389
56.20117999996892,5.1996427154999765
56.20284999996892,5.19884019833745
56.204519999968916,5.1980376811750375
56.20618999996891,5.197235164012511
56.20785999996891,5.196432646850042
56.20952999996891,5.195630129687629
56.211199999968905,5.194827612525103
56.2128699999689,5.194002333915535
56.2145399999689,5.193097082645011
56.216209999968896,5.1921918313746005
56.21787999996889,5.1912865801041335
56.21954999996889,5.19038132883361
56.22121999996889,5.189476077563199
56.222889999968885,5.188570826292732
56.22455999996888,5.187665575022265
56.22622999996888,5.186760323751798
56.227899999968876,5.185855072481331
56.229569999968874,5.184949821210864
56.23123999996887,5.184044569940397
56.23290999996887,5.18313931866993
56.234579999968865,5.182234067399463
56.23624999996886,5.181328816128996
56.23791999996886,5.180423564858529
56.23958999996886,5.179518313588005
56.241259999968854,5.178613062317595
56.24292999996885,5.177707811047128
56.24459999996885,5.176802559776661
56.246269999968845,5.175897308506194
56.24793999996884,5.17499205723567
56.24960999996884,5.17408680596526
56.25127999996884,5.173297662352866
56.252949999968834,5.172516883132062
56.25461999996883,5.171736103911314
56.25628999996883,5.171017593998215
56.257959999968826,5.170339548885465
56.25962999996882,5.169661503772659
56.26129999996882,5.168983458659852
56.26296999996882,5.1683054135471025
56.264639999968814,5.167627368434296
56.26630999996881,5.166949323321546
56.26797999996881,5.16627127820874
56.269649999968806,5.165557208253574
56.2713199999688,5.1647546910911615
56.2729899999688,5.163952173928635
56.2746599999688,5.1631496567662225
56.276329999968794,5.162347139603753
56.27799999996879,5.161445511028262
56.27966999996879,5.160540259757852
56.281339999968786,5.159635008487385
56.28300999996878,5.158729757216861
56.28467999996878,5.157824505946451
56.28634999996878,5.156919254675984
56.288019999968775,5.156014003405517
56.28968999996877,5.15510875213505
56.29135999996877,5.154203500864526
56.293029999968766,5.1532982495941155
56.29469999996876,5.152392998323592
56.29636999996876,5.151487747053125
56.29803999996876,5.150598627017928
56.299709999968755,5.149796109855458
56.30137999996875,5.148993592692989
56.30304999996875,5.148191075530519
56.304719999968746,5.14738855836805
56.306389999968744,5.1465860412055235
56.30805999996874,5.145783524043111
56.30972999996874,5.144981006880585
56.311399999968735,5.144178489718172
56.31306999996873,5.1433759725557024
56.31473999996873,5.142573455393233
56.31640999996873,5.1417709382307635
56.318079999968724,5.140968421068294
56.31974999996872,5.140112930565294
56.32141999996872,5.139207679294884
56.323089999968715,5.138302428024417
56.32475999996871,5.137397176753893
56.32642999996871,5.136491925483483
56.32809999996871,5.135693506508744
56.329769999968704,5.134912727287997
56.3314399999687,5.13413194806725
56.3331099999687,5.133351168846502
56.334779999968696,5.132570389625698
56.33644999996869,5.131789610404951
56.33811999996869,5.131008831184147
56.33978999996869,5.130228051963343
56.341459999968684,5.1294472727425955
56.34312999996868,5.128666493521791
56.34479999996868,5.127885714300987
56.346469999968676,5.127078185600169
56.34813999996867,5.126172934329702
56.34980999996867,5.125267683059235
56.35147999996867,5.124362431788768
56.353149999968664,5.123457180518301
56.35481999996866,5.122551929247834
56.35648999996866,5.121646677977367
56.358159999968656,5.120741426706843
56.35982999996865,5.119836175436433
56.36149999996865,5.118930924165909
56.36316999996865,5.118118154096521
56.364839999968645,5.117315636934052
56.36650999996864,5.116513119771582
56.36817999996864,5.11571060260917
56.369849999968636,5.114908085446643
56.37151999996863,5.114105568284174
56.37318999996863,5.113303051121761
56.37485999996863,5.112500533959235
56.376529999968625,5.111698016796822
56.37819999996862,5.110895499634296
56.37986999996862,5.110092982471826
56.381539999968616,5.109290465309414
56.383209999968614,5.108461358948546
56.38487999996861,5.1075561076781355
56.38654999996861,5.106650856407612
56.388219999968605,5.105745605137201
56.3898899999686,5.104840353866734
56.3915599999686,5.1039351025962105
56.3932299999686,5.1030298513258
56.394899999968594,5.1021246000552765
56.39656999996859,5.101219348784809
56.39823999996859,5.100314097514342
56.399909999968585,5.099408846243875
56.40157999996858,5.0985035949733515
56.40324999996858,5.097598343702941
56.40491999996858,5.096836992494559
56.406589999968574,5.096158947381753
56.40825999996857,5.095480902268946
56.40992999996857,5.094802857156196
56.411599999968566,5.09412481204339
56.41326999996856,5.093446766930697
56.41493999996856,5.09276872181789
56.41660999996856,5.092090676705084
56.418279999968554,5.091412631592334
56.41994999996855,5.0907345864795275
56.42161999996855,5.090056541366778
56.423289999968546,5.089361022136245
56.42495999996854,5.088558504973832
56.42662999996854,5.087672802577515
56.42829999996854,5.086767551306991
56.429969999968534,5.085862300036524
56.43163999996853,5.084957048766057
56.43330999996853,5.08405179749559
56.434979999968526,5.083146546225123
56.43664999996852,5.082241294954656
56.43831999996852,5.081336043684189
56.43998999996852,5.080430792413722
56.441659999968515,5.079525541143255
56.44332999996851,5.078620289872788
56.44499999996851,5.077715038602321
56.446669999968506,5.076809787331854
56.4483399999685,5.075904536061387
56.4500099999685,5.07499928479092
56.4516799999685,5.074094033520453
56.453349999968495,5.073188782249929
56.45501999996849,5.072283530979519
56.45668999996849,5.071378279708995
56.458359999968486,5.070473028438528
56.460029999968484,5.069567777168118
56.46169999996848,5.068662525897594
56.46336999996848,5.067757274627127
56.465039999968475,5.06685202335666
56.46670999996847,5.065946772086193
56.46837999996847,5.065061479802182
56.47004999996847,5.0642589626397125
56.471719999968464,5.063456445477243
56.47338999996846,5.062653928314774
56.47505999996846,5.061851411152304
56.476729999968455,5.061048893989835
56.47839999996845,5.060246376827365
56.48006999996845,5.059443859664896
56.48173999996845,5.058641342502426
56.483409999968444,5.057838825339957
56.48507999996844,5.057036308177487
56.48674999996844,5.056233791015018
56.488419999968436,5.055431273852548
56.49008999996843,5.054571955598362
56.49175999996843,5.053666704327895
56.49342999996843,5.052761453057428
56.495099999968424,5.051856201786961
56.49676999996842,5.050950950516494
56.49843999996842,5.050045699246027
56.500109999968416,5.04916935066467
56.50177999996841,5.048388571443866
56.50344999996841,5.047607792223118
56.50511999996841,5.046827013002371
56.506789999968404,5.046046233781624
56.5084599999684,5.04526545456082
56.5101299999684,5.044484675340016
56.511799999968396,5.043780451141231
56.51346999996839,5.043102406028424
56.51513999996839,5.042424360915675
56.51680999996839,5.041746315802925
56.518479999968385,5.041068270690118
56.52014999996838,5.040316933654253
56.52181999996838,5.039514416491784
56.523489999968376,5.038711899329314
56.52515999996837,5.037909382166845
56.52682999996837,5.037106865004375
56.52849999996837,5.036304347841906
56.530169999968365,5.0355018306793795
56.53183999996836,5.034688650497742
56.53350999996836,5.033783399227275
56.535179999968356,5.032878147956751
56.536849999968354,5.031972896686341
56.53851999996835,5.031067645415817
56.54018999996835,5.030162394145407
56.541859999968345,5.029257142874883
56.54352999996834,5.028351891604473
56.54519999996834,5.027446640333949
56.54686999996834,5.026541389063539
56.548539999968334,5.025636137793015
56.55020999996833,5.024730886522548
56.55187999996833,5.0238256352521375
56.553549999968325,5.022920383981614
56.55521999996832,5.0220151327112035
56.55688999996832,5.02110988144068
56.55855999996832,5.020204630170213
56.560229999968314,5.0192993788997455
56.56189999996831,5.0183941276292785
56.56356999996831,5.0174888763588115
56.565239999968306,5.016583625088344
56.5669099999683,5.015678373817877
56.5685799999683,5.014773122547467
56.5702499999683,5.013867871276943
56.571919999968294,5.012962620006476
56.57358999996829,5.012057368736066
56.57525999996829,5.0112022883453164
56.576929999968286,5.010419398509725
56.57859999996828,5.009741353396919
56.58026999996828,5.009063308284169
56.58193999996828,5.008385263171363
56.583609999968274,5.007707218058556
56.58527999996827,5.007029172945806
56.58694999996827,5.006351127833
56.588619999968266,5.00567308272025
56.59028999996826,5.0049950376074435
56.59195999996826,5.004316992494637
56.59362999996826,5.003638947381887
56.595299999968255,5.002960902269081
56.59696999996825,5.002131827610469
56.59863999996825,5.001226576340059
56.600309999968246,5.000321325069592
56.60197999996824,4.999416073799068
56.60364999996824,4.998510822528658
56.60531999996824,4.997605571258191
56.606989999968235,4.996700319987667
56.60865999996823,4.995795068717257
56.61032999996823,4.994889817446733
56.611999999968226,4.993984566176323
56.613669999968224,4.993079314905856
56.61533999996822,4.992174063635332
56.61700999996822,4.991272845172261
56.618679999968215,4.990470328009735
56.62034999996821,4.989667810847266
56.62201999996821,4.988865293684853
56.62368999996821,4.988062776522327
56.625359999968204,4.987260259359914
56.6270299999682,4.986457742197388
56.6286999999682,4.985655225034918
56.630369999968195,4.984852707872449
56.63203999996819,4.984050190709979
56.63370999996819,4.98324767354751
56.63537999996819,4.98244515638504
56.637049999968184,4.981642639222571
56.63871999996818,4.980799247147502
56.64038999996818,4.979893995877035
56.642059999968176,4.978988744606568
56.64372999996817,4.978083493336101
56.64539999996817,4.977178242065634
56.64706999996817,4.976272990795167
56.648739999968164,4.9753677395247
56.65040999996816,4.9744624882542325
56.65207999996816,4.9735572369837655
56.653749999968156,4.972662337677775
56.65541999996815,4.971881558456971
56.65708999996815,4.971100779236224
56.65875999996815,4.97032000001542
56.660429999968144,4.969539220794729
56.66209999996814,4.968758441573925
56.66376999996814,4.967977662353121
56.665439999968136,4.967196883132374
56.66710999996813,4.96641610391157
56.66877999996813,4.9656353246908225
56.67044999996813,4.964854545470018
56.672119999968125,4.964073766249271
56.67378999996812,4.963238245830041
56.67545999996812,4.962332994559574
56.677129999968116,4.961427743289107
56.67879999996811,4.96052249201864
56.68046999996811,4.959617240748173
56.68213999996811,4.958792372250798
56.683809999968105,4.957989855088385
56.6854799999681,4.957187337925859
56.6871499999681,4.956384820763446
56.688819999968096,4.95558230360092
56.690489999968094,4.9547797864385075
56.69215999996809,4.953977269275981
56.69382999996809,4.953174752113512
56.695499999968085,4.952372234951099
56.69716999996808,4.951569717788573
56.69883999996808,4.95076720062616
56.70050999996808,4.949964683463691
56.702179999968074,4.949147675530753
56.70384999996807,4.948242424260343
56.70551999996807,4.947337172989876
56.707189999968065,4.946431921719352
56.70885999996806,4.945526670448942
56.71052999996806,4.944621419178418
56.71219999996806,4.943716167908008
56.713869999968054,4.942810916637541
56.71553999996805,4.941905665367017
56.71720999996805,4.941000414096607
56.718879999968046,4.940095162826083
56.72054999996804,4.939189911555616
56.72221999996804,4.938284660285149
56.72388999996804,4.937413653715396
56.725559999968034,4.9366111365528695
56.72722999996803,4.935808619390457
56.72889999996803,4.935006102227987
56.730569999968026,4.934203585065461
56.73223999996802,4.933401067903048
56.73390999996802,4.932598550740522
56.73557999996802,4.9317960335781095
56.737249999968014,4.930993516415583
56.73891999996801,4.930190999253114
56.74058999996801,4.929388482090644
56.742259999968006,4.928585964928175
56.743929999968,4.927783447765705
56.745599999968,4.9269098437973184
56.747269999968,4.926004592526851
56.748939999967995,4.9250993412563275
56.75060999996799,4.924260259755783
56.75227999996799,4.923479480534979
56.753949999967986,4.922698701314232
56.75561999996798,4.921917922093428
56.75728999996798,4.921137142872681
56.75895999996798,4.920356363651877
56.760629999967975,4.9195755844310725
56.76229999996797,4.918794805210325
56.76396999996797,4.918014025989578
56.765639999967966,4.917233246768831
56.767309999967964,4.916452467548027
56.76897999996796,4.915671688327279
56.77064999996796,4.91478035010266
56.772319999967955,4.913875098832193
56.77398999996795,4.912969847561726
56.77565999996795,4.912064596291259
56.77732999996795,4.911159345020735
56.778999999967944,4.910254093750325
56.78066999996794,4.909348842479801
56.78233999996794,4.908443591209334
56.784009999967935,4.907538339938924
56.78567999996793,4.9066330886684
56.78734999996793,4.905735697956459
56.78901999996793,4.904933180793989
56.790689999967924,4.90413066363152
56.79235999996792,4.9033281464689935
56.79402999996792,4.902525629306581
56.795699999967916,4.901723112144111
56.79736999996791,4.900920594981642
56.79903999996791,4.900118077819172
56.80070999996791,4.89931556065676
56.802379999967904,4.898513043494233
56.8040499999679,4.897710526331764
56.8057199999679,4.896908009169351
56.807389999967896,4.896105492006825
56.80905999996789,4.895258272180627
56.81072999996789,4.894353020910103
56.81239999996789,4.8934477696396925
56.814069999967884,4.892542518369169
56.81573999996788,4.891637267098702
56.81740999996788,4.890732015828291
56.819079999967876,4.8898267645577675
56.82074999996787,4.8889215132873005
56.82241999996787,4.8880162620168335
56.82408999996787,4.8871110107463664
56.825759999967865,4.886205759475843
56.82742999996786,4.885357402612954
56.82909999996786,4.8845766233921495
56.830769999967856,4.883860300765434
56.83243999996785,4.883182255652628
56.83410999996785,4.882504210539878
56.83577999996785,4.881826165427071
56.837449999967845,4.881148120314322
56.83911999996784,4.880470075201515
56.84078999996784,4.8797920300887085
56.842459999967836,4.879113984975959
56.844129999967834,4.878435939863152
56.84579999996783,4.877757894750403
56.84746999996783,4.876978565996126
56.849139999967825,4.876176048833656
56.85080999996782,4.875373531671244
56.85247999996782,4.8744697158094255
56.85414999996782,4.873564464538958
56.855819999967814,4.872659213268548
56.85748999996781,4.871753961998024
56.85915999996781,4.870848710727614
56.860829999967805,4.86994345945709
56.8624999999678,4.86903820818668
56.8641699999678,4.868132956916213
56.8658399999678,4.867227705645689
56.867509999967794,4.866322454375279
56.86917999996779,4.865417203104755
56.87084999996779,4.864511951834345
56.872519999967786,4.863606700563878
56.87418999996778,4.862701449293411
56.87585999996778,4.861796198022944
56.87752999996778,4.86089094675242
56.879199999967774,4.85998569548201
56.88086999996777,4.859080444211486
56.88253999996777,4.858175192941019
56.884209999967766,4.857269941670552
56.88587999996776,4.856364690400085
56.88754999996776,4.855459439129618
56.88921999996776,4.854554187859151
56.890889999967754,4.853648936588684
56.89255999996775,4.8527436853182735
56.89422999996775,4.851876506499593
56.895899999967746,4.851073989337181
56.89756999996774,4.850271472174654
56.89923999996774,4.849468955012242
56.90090999996774,4.848666437849772
56.902579999967735,4.847863920687246
56.90424999996773,4.8471090225700095
56.90591999996773,4.846430977457203
56.907589999967726,4.845752932344453
56.90925999996772,4.845074887231647
56.91092999996772,4.844396842118954
56.91259999996772,4.843718797006147
56.914269999967715,4.843040751893341
56.91593999996771,4.842287792223431
56.91760999996771,4.841507013002683
56.919279999967706,4.840726233781879
56.9209499999677,4.839945454561075
56.9226199999677,4.839164675340328
56.9242899999677,4.838291887840342
56.925959999967695,4.8373866365698746
56.92762999996769,4.836481385299464
56.92929999996769,4.8355761340289405
56.93096999996769,4.83467088275853
56.932639999967684,4.833765631488006
56.93430999996768,4.832860380217539
56.93597999996768,4.831955128947072
56.937649999967675,4.831144546164012
56.93931999996767,4.830342029001486
56.94098999996767,4.829539511839073
56.94265999996767,4.828736994676547
56.944329999967664,4.827934477514134
56.94599999996766,4.8271319603516645
56.94766999996766,4.826329443189195
56.949339999967656,4.8255269260267255
56.95100999996765,4.824724408864256
56.95267999996765,4.8239218917017865
56.95434999996765,4.823119374539317
56.956019999967644,4.822316857376904
56.95768999996764,4.821485563729709
56.95935999996764,4.820580312459242
56.961029999967636,4.819675061188775
56.96269999996763,4.818769809918308
56.96436999996763,4.817864558647898
56.96603999996763,4.816959307377374
56.967709999967624,4.816054056106964
56.96937999996762,4.81514880483644
56.97104999996762,4.814243553565973
56.972719999967616,4.813338302295506
56.97438999996761,4.812433051025039
56.97605999996761,4.811527799754572
56.97772999996761,4.810622548484105
56.979399999967605,4.80976582762861
56.9810699999676,4.80896331046614
56.9827399999676,4.808160793303671
56.984409999967596,4.807358276141144
56.98607999996759,4.806555758978732
56.98774999996759,4.805753241816262
56.98941999996759,4.804950724653736
56.991089999967585,4.804148207491323
56.99275999996758,4.803345690328854
56.99442999996758,4.8025431731663275
56.996099999967576,4.801740656003915
56.99776999996757,4.8009381388413885
56.99943999996757,4.800135621678919
57.00110999996757,4.800000000000466
57.002779999967565,4.800000000000409
57.00444999996756,4.800000000000409
57.00611999996756,4.800000000000409
57.00778999996756,4.800000000000409
57.009459999967554,4.800000000000352
57.01112999996755,4.800000000000409
57.01279999996755,4.800000000000409
57.014469999967545,4.800000000000352
57.01613999996754,4.800000000000409
57.01780999996754,4.800000000000352
57.01947999996754,4.800000000000352
57.021149999967534,4.800000000000352
57.02281999996753,4.800000000000352
57.02448999996753,4.800000000000352
57.026159999967525,4.800000000000409
57.02782999996752,4.800000000000352
57.02949999996752,4.800000000000409
57.03116999996752,4.800000000000409
57.032839999967514,4.800000000000352
57.03450999996751,4.800000000000409
57.03617999996751,4.800000000000352
57.037849999967506,4.800000000000409
57.0395199999675,4.800000000000409
57.0411899999675,4.800000000000409
57.0428599999675,4.800000000000409
57.044529999967494,4.800000000000409
57.04619999996749,4.800000000000409
57.04786999996749,4.800000000000409
57.049539999967486,4.800000000000466
57.05120999996748,4.800000000000409
57.05287999996748,4.800000000000409
57.05454999996748,4.800000000000409
57.056219999967475,4.800000000000409
57.05788999996747,4.800000000000466
57.05955999996747,4.800000000000409
57.061229999967466,4.800000000000409
57.06289999996746,4.800000000000409
57.06456999996746,4.800000000000409
57.06623999996746,4.800000000000409
57.067909999967455,4.800000000000409
57.06957999996745,4.800000000000409
57.07124999996745,4.800000000000409
57.072919999967446,4.800000000000409
57.07458999996744,4.800000000000409
57.07625999996744,4.800000000000409
57.07792999996744,4.800000000000409
57.079599999967435,4.800000000000409
57.08126999996743,4.800000000000409
57.08293999996743,4.800000000000409
57.08460999996743,4.800000000000409
57.086279999967424,4.800000000000466
57.08794999996742,4.800000000000409
57.08961999996742,4.800000000000409
57.091289999967415,4.800000000000409
57.09295999996741,4.800000000000409
57.09462999996741,4.800000000000466
57.09629999996741,4.800000000000409
57.097969999967404,4.800000000000409
57.0996399999674,4.800000000000409
57.1013099999674,4.800000000000409
57.102979999967395,4.800000000000409
57.10464999996739,4.800000000000409
57.10631999996739,4.800000000000409
57.10798999996739,4.800000000000352
57.109659999967384,4.800000000000409
57.11132999996738,4.800000000000409
57.11299999996738,4.800000000000409
57.114669999967376,4.800000000000409
57.11633999996737,4.800000000000352
57.11800999996737,4.800000000000409
57.11967999996737,4.800000000000352
57.121349999967364,4.800000000000352
57.12301999996736,4.800000000000409
57.12468999996736,4.800000000000352
57.126359999967356,4.800000000000352
57.12802999996735,4.800000000000352
57.12969999996735,4.800000000000352
57.13136999996735,4.800000000000409
57.133039999967345,4.800000000000352
57.13470999996734,4.800000000000409
57.13637999996734,4.800000000000352
57.138049999967336,4.800000000000352
57.13971999996733,4.800000000000409
57.14138999996733,4.800000000000352
57.14305999996733,4.800000000000409
57.144729999967325,4.800000000000409
57.14639999996732,4.800000000000409
57.14806999996732,4.800000000000409
57.149739999967316,4.800000000000409
57.15140999996731,4.800000000000409
57.15307999996731,4.800000000000409
57.15474999996731,4.800000000000409
57.156419999967305,4.800000000000409
57.1580899999673,4.800000000000409
57.1597599999673,4.800000000000466
57.1614299999673,4.800000000000409
57.163099999967294,4.800000000000409
57.16476999996729,4.800000000000409
57.16643999996729,4.800000000000409
57.168109999967285,4.800000000000466
57.16977999996728,4.800000000000409
57.17144999996728,4.800000000000409
57.17311999996728,4.800000000000409
57.174789999967274,4.800000000000409
57.17645999996727,4.800000000000409
57.17812999996727,4.800000000000409
57.179799999967265,4.800000000000409
57.18146999996726,4.800000000000409
57.18313999996726,4.800000000000409
57.18480999996726,4.800000000000409
57.186479999967254,4.800000000000409
57.18814999996725,4.800000000000409
57.18981999996725,4.800000000000409
57.191489999967246,4.800000000000409
57.19315999996724,4.800000000000409
57.19482999996724,4.800000000000409
57.19649999996724,4.800000000000466
57.198169999967234,4.800000000000409
57.19983999996723,4.800000000000409
57.20150999996723,4.800000000000409
57.203179999967226,4.800000000000409
57.20484999996722,4.800000000000466
57.20651999996722,4.800000000000409
57.20818999996722,4.800000000000409
57.209859999967215,4.800000000000409
57.21152999996721,4.800000000000409
57.21319999996721,4.800000000000409
57.214869999967206,4.800000000000409
57.2165399999672,4.800000000000409
57.2182099999672,4.800000000000409
57.2198799999672,4.800000000000409
57.221549999967195,4.800000000000352
57.22321999996719,4.800000000000409
57.22488999996719,4.800000000000352
57.226559999967186,4.800000000000352
57.22822999996718,4.800000000000409
57.22989999996718,4.800000000000352
57.23156999996718,4.800000000000352
57.233239999967175,4.800000000000352
57.23490999996717,4.800000000000352
57.23657999996717,4.800000000000352
57.23824999996717,4.800000000000352
57.239919999967164,4.800000000000409
57.24158999996716,4.800000000000352
57.24325999996716,4.800000000000352
57.244929999967155,4.800000000000409
57.24659999996715,4.800000000000352
57.24826999996715,4.800000000000409
57.24993999996715,4.800000000000409
57.251609999967144,4.800000000000409
57.25327999996714,4.800000000000409
57.25494999996714,4.800000000000409
57.256619999967135,4.800000000000409
57.25828999996713,4.800000000000409
57.25995999996713,4.800000000000409
57.26162999996713,4.800000000000409
57.263299999967124,4.800000000000409
57.26496999996712,4.800000000000409
57.26663999996712,4.800000000000409
57.268309999967116,4.800000000000409
57.26997999996711,4.800000000000466
57.27164999996711,4.800000000000409
57.27331999996711,4.800000000000409
57.274989999967104,4.800000000000409
57.2766599999671,4.800000000000409
57.2783299999671,4.800000000000409
57.279999999967096,4.800000000000409
57.28166999996709,4.800000000000409
57.28333999996709,4.800000000000409
57.28500999996709,4.800000000000409
57.286679999967085,4.800000000000409
57.28834999996708,4.800000000000409
57.29001999996708,4.800000000000409
57.291689999967076,4.800000000000409
57.29335999996707,4.800000000000466
57.29502999996707,4.800000000000409
57.29669999996707,4.800000000000409
57.298369999967065,4.800000000000409
57.30003999996706,4.800000000000409
57.30170999996706,4.800000000000409
57.303379999967056,4.800000000000409
57.30504999996705,4.800000000000409
57.30671999996705,4.800000000000466
57.30838999996705,4.800000000000409
57.310059999967045,4.800000000000409
57.31172999996704,4.800000000000409
57.31339999996704,4.800000000000409
57.31506999996704,4.800000000000409
57.316739999967034,4.800000000000409
57.31840999996703,4.800000000000409
57.32007999996703,4.800000000000409
57.321749999967025,4.800000000000409
57.32341999996702,4.800000000000409
57.32508999996702,4.800000000000409
57.32675999996702,4.800000000000352
57.328429999967014,4.800000000000409
57.33009999996701,4.800000000000352
57.33176999996701,4.800000000000352
57.333439999967005,4.800000000000409
57.335109999967,4.800000000000352
57.336779999967,4.800000000000409
57.338449999967,4.800000000000352
57.340119999966994,4.800000000000352
57.34178999996699,4.800000000000352
57.34345999996699,4.800000000000352
57.345129999966986,4.800000000000409
57.34679999996698,4.800000000000352
57.34846999996698,4.800000000000352
57.35013999996698,4.800000000000409
57.351809999966974,4.800000000000352
57.35347999996697,4.800000000000409
57.35514999996697,4.800000000000352
57.356819999966966,4.800000000000409
57.35848999996696,4.800000000000409
57.36015999996696,4.800000000000409
57.36182999996696,4.800000000000409
57.363499999966955,4.800000000000409
57.36516999996695,4.800000000000409
57.36683999996695,4.800000000000409
57.368509999966946,4.800000000000409
57.37017999996694,4.800000000000409
57.37184999996694,4.800000000000409
57.37351999996694,4.800000000000409
57.375189999966935,4.800000000000409
57.37685999996693,4.800000000000409
57.37852999996693,4.800000000000409
57.380199999966926,4.800000000000466
57.38186999996692,4.800000000000409
57.38353999996692,4.800000000000409
57.38520999996692,4.800000000000409
57.386879999966915,4.800000000000409
57.38854999996691,4.800000000000409
57.39021999996691,4.800000000000409
57.39188999996691,4.800000000000409
57.393559999966904,4.800000000000409
57.3952299999669,4.800000000000409
57.3968999999669,4.800000000000409
57.398569999966895,4.800000000000409
57.40023999996689,4.800000000000409
57.40190999996689,4.800000000000409
57.40357999996689,4.800000000000409
57.405249999966884,4.800000000000409
57.40691999996688,4.800000000000409
57.40858999996688,4.800000000000409
57.410259999966875,4.800000000000409
57.41192999996687,4.800000000000409
57.41359999996687,4.800000000000409
57.41526999996687,4.800000000000409
57.416939999966864,4.800000000000466
57.41860999996686,4.800000000000409
57.42027999996686,4.800000000000409
57.421949999966856,4.800000000000409
57.42361999996685,4.800000000000409
57.42528999996685,4.800000000000409
57.42695999996685,4.800000000000409
57.428629999966844,4.800000000000409
57.43029999996684,4.800000000000409
57.43196999996684,4.800000000000352
57.433639999966836,4.800000000000409
57.43530999996683,4.800000000000352
57.43697999996683,4.800000000000409
57.43864999996683,4.800000000000352
57.440319999966825,4.800000000000352
57.44198999996682,4.800000000000409
57.44365999996682,4.800000000000352
57.445329999966816,4.800000000000352
57.44699999996681,4.800000000000352
57.44866999996681,4.800000000000352
57.45033999996681,4.800000000000409
57.452009999966805,4.800000000000352
57.4536799999668,4.800000000000352
57.4553499999668,4.800000000000352
57.457019999966796,4.800000000000352
57.45868999996679,4.800000000000409
57.46035999996679,4.800000000000352
57.46202999996679,4.800000000000409
57.463699999966785,4.800000000000409
57.46536999996678,4.800000000000409
57.46703999996678,4.800000000000409
57.46870999996678,4.800000000000409
57.470379999966774,4.800000000000466
57.47204999996677,4.800000000000409
57.47371999996677,4.800000000000409
57.475389999966765,4.800000000000409
57.47705999996676,4.800000000000409
57.47872999996676,4.800000000000409
57.48039999996676,4.800000000000409
57.482069999966754,4.800000000000409
57.48373999996675,4.800000000000409
57.48540999996675,4.800000000000409
57.487079999966745,4.800000000000409
57.48874999996674,4.800000000000409
57.49041999996674,4.800000000000409
57.49208999996674,4.800000000000409
57.493759999966734,4.800000000000409
57.49542999996673,4.800000000000409
57.49709999996673,4.800000000000409
57.498769999966726,4.800000000000409
57.50043999996672,4.800000000000409
57.50210999996672,4.800000000000409
57.50377999996672,4.800000000000409
57.505449999966714,4.800000000000409
57.50711999996671,4.800000000000409
57.50878999996671,4.800000000000409
57.510459999966706,4.800000000000409
57.5121299999667,4.800000000000409
57.5137999999667,4.800000000000409
57.5154699999667,4.800000000000409
57.517139999966695,4.800000000000409
57.51880999996669,4.800000000000409
57.52047999996669,4.800000000000409
57.522149999966686,4.800000000000409
57.52381999996668,4.800000000000409
57.52548999996668,4.800000000000409
57.52715999996668,4.800000000000466
57.528829999966675,4.800000000000409
57.53049999996667,4.800000000000409
57.53216999996667,4.800000000000409
57.533839999966666,4.800000000000409
57.53550999996666,4.800000000000409
57.53717999996666,4.800000000000409
57.53884999996666,4.800000000000409
57.540519999966655,4.800000000000352
57.54218999996665,4.800000000000409
57.54385999996665,4.800000000000352
57.54552999996665,4.800000000000352
57.547199999966644,4.800000000000409
57.54886999996664,4.800000000000352
57.55053999996664,4.800000000000352
57.552209999966635,4.800000000000352
57.55387999996663,4.800000000000352
57.55554999996663,4.800000000000409
57.55721999996663,4.800000000000352
57.558889999966624,4.800000000000352
57.56055999996662,4.800000000000352
57.56222999996662,4.800000000000352
57.563899999966615,4.800000000000409
57.56556999996661,4.800000000000352
57.56723999996661,4.800000000000409
57.56890999996661,4.800000000000409
57.570579999966604,4.800000000000409
57.5722499999666,4.800000000000409
57.5739199999666,4.800000000000409
57.575589999966596,4.800000000000409
57.57725999996659,4.800000000000409
57.57892999996659,4.800000000000409
57.58059999996659,4.800000000000466
57.582269999966584,4.800000000000409
57.58393999996658,4.800000000000409
57.58560999996658,4.800000000000409
57.587279999966576,4.800000000000409
57.58894999996657,4.800000000000409
57.59061999996657,4.800000000000409
57.59228999996657,4.800000000000409
57.593959999966565,4.800000000000409
57.59562999996656,4.800000000000409
57.59729999996656,4.800000000000409
57.598969999966556,4.800000000000409
57.60063999996655,4.800000000000409
57.60230999996655,4.800000000000409
57.60397999996655,4.800000000000409
57.605649999966545,4.800000000000409
57.60731999996654,4.800000000000409
57.60898999996654,4.800000000000409
57.610659999966536,4.800000000000409
57.61232999996653,4.800000000000409
57.61399999996653,4.800000000000409
57.61566999996653,4.800000000000409
57.617339999966525,4.800000000000466
57.61900999996652,4.800000000000409
57.62067999996652,4.800000000000409
57.62234999996652,4.800000000000409
57.624019999966514,4.800000000000409
57.62568999996651,4.800000000000409
57.62735999996651,4.800000000000409
57.629029999966505,4.800000000000409
57.6306999999665,4.800000000000409
57.6323699999665,4.800000000000409
57.6340399999665,4.800000000000409
57.635709999966494,4.800000000000409
57.63737999996649,4.800000000000466
57.63904999996649,4.800000000000409
57.640719999966485,4.800000000000409
57.64238999996648,4.800000000000409
57.64405999996648,4.800000000000409
57.64572999996648,4.800000000000352
57.647399999966474,4.800000000000409
57.64906999996647,4.800000000000352
57.65073999996647,4.800000000000352
57.652409999966466,4.800000000000409
57.65407999996646,4.800000000000352
57.65574999996646,4.800000000000352
57.65741999996646,4.800000000000352
57.659089999966454,4.800000000000352
57.66075999996645,4.800000000000352
57.66242999996645,4.800000000000352
57.664099999966446,4.800000000000409
57.66576999996644,4.800000000000352
57.66743999996644,4.800000000000352
57.66910999996644,4.800000000000409
57.670779999966435,4.800000000000352
57.67244999996643,4.800000000000409
57.67411999996643,4.800000000000409
57.675789999966426,4.800000000000409
57.67745999996642,4.800000000000409
57.67912999996642,4.800000000000352
57.68079999996642,4.800000000000409
57.682469999966415,4.800000000000466
57.68413999996641,4.800000000000409
57.68580999996641,4.800000000000409
57.687479999966406,4.800000000000409
57.6891499999664,4.800000000000409
57.6908199999664,4.800000000000466
57.6924899999664,4.800000000000409
57.694159999966395,4.800000000000409
57.69582999996639,4.800000000000409
57.69749999996639,4.800000000000409
57.69916999996639,4.800000000000409
57.700839999966384,4.800000000000409
57.70250999996638,4.800000000000409
57.70417999996638,4.800000000000409
57.705849999966375,4.800000000000409
57.70751999996637,4.800000000000409
57.70918999996637,4.800000000000409
57.71085999996637,4.800000000000409
57.712529999966364,4.800000000000409
57.71419999996636,4.800000000000409
57.71586999996636,4.800000000000409
57.717539999966355,4.800000000000409
57.71920999996635,4.800000000000409
57.72087999996635,4.800000000000409
57.72254999996635,4.800000000000409
57.724219999966344,4.800000000000409
57.72588999996634,4.800000000000409
57.72755999996634,4.800000000000466
57.729229999966336,4.800000000000409
57.73089999996633,4.800000000000409
57.73256999996633,4.800000000000409
57.73423999996633,4.800000000000409
57.735909999966324,4.800000000000409
57.73757999996632,4.800000000000409
57.73924999996632,4.800000000000466
57.740919999966316,4.800000000000409
57.74258999996631,4.800000000000409
57.74425999996631,4.800000000000409
57.74592999996631,4.800000000000409
57.747599999966305,4.800000000000409
57.7492699999663,4.800000000000409
57.7509399999663,4.800000000000352
57.752609999966296,4.800000000000409
57.75427999996629,4.800000000000352
57.75594999996629,4.800000000000352
57.75761999996629,4.800000000000409
57.759289999966285,4.800000000000352
57.76095999996628,4.800000000000409
57.76262999996628,4.800000000000352
57.764299999966276,4.800000000000352
57.76596999996627,4.800000000000352
57.76763999996627,4.800000000000352
57.76930999996627,4.800000000000409
57.770979999966265,4.800000000000352
57.77264999996626,4.800000000000352
57.77431999996626,4.800000000000409
57.77598999996626,4.800000000000352
57.777659999966254,4.800000000000409
57.77932999996625,4.800000000000352
57.78099999996625,4.800000000000409
57.782669999966245,4.800000000000409
57.78433999996624,4.800000000000352
57.78600999996624,4.800000000000409
57.78767999996624,4.800000000000409
57.789349999966234,4.800000000000409
57.79101999996623,4.800000000000409
57.79268999996623,4.800000000000466
57.794359999966225,4.800000000000409
57.79602999996622,4.800000000000409
57.79769999996622,4.800000000000409
57.79936999996622,4.800000000000409
57.801039999966214,4.800000000000466
57.80270999996621,4.800000000000409
57.80437999996621,4.800000000000409
57.806049999966206,4.800000000000409
57.8077199999662,4.800000000000409
57.8093899999662,4.800000000000409
57.8110599999662,4.800000000000409
57.812729999966194,4.800000000000409
57.81439999996619,4.800000000000409
57.81606999996619,4.800000000000409
57.817739999966186,4.800000000000466
57.81940999996618,4.800000000000409
57.82107999996618,4.800000000000409
57.82274999996618,4.800000000000409
57.824419999966175,4.800000000000409
57.82608999996617,4.800000000000409
57.82775999996617,4.800000000000409
57.829429999966166,4.800000000000409
57.83109999996616,4.800000000000409
57.83276999996616,4.800000000000409
57.83443999996616,4.800000000000409
57.836109999966155,4.800000000000409
57.83777999996615,4.800000000000409
57.83944999996615,4.800000000000409
57.841119999966146,4.800000000000409
57.84278999996614,4.800000000000409
57.84445999996614,4.800000000000409
57.84612999996614,4.800000000000409
57.847799999966135,4.800000000000409
57.84946999996613,4.800000000000466
57.85113999996613,4.800000000000409
57.85280999996613,4.800000000000409
57.854479999966124,4.800000000000409
57.85614999996612,4.800000000000352
57.85781999996612,4.800000000000409
57.859489999966115,4.800000000000352
57.86115999996611,4.800000000000409
57.86282999996611,4.800000000000409
57.86449999996611,4.800000000000352
57.866169999966104,4.800000000000409
57.8678399999661,4.800000000000352
57.8695099999661,4.800000000000352
57.871179999966095,4.800000000000352
57.87284999996609,4.800000000000352
57.87451999996609,4.800000000000409
57.87618999996609,4.800000000000352
57.877859999966084,4.800000000000352
57.87952999996608,4.800000000000352
57.88119999996608,4.800000000000352
57.882869999966076,4.800000000000409
57.88453999996607,4.800000000000352
57.88620999996607,4.800000000000409
57.88787999996607,4.800000000000409
57.889549999966064,4.800000000000409
57.89121999996606,4.800000000000409
57.89288999996606,4.800000000000409
57.894559999966056,4.800000000000409
57.89622999996605,4.800000000000409
57.89789999996605,4.800000000000409
57.89956999996605,4.800000000000409
57.901239999966045,4.800000000000409
57.90290999996604,4.800000000000466
57.90457999996604,4.800000000000409
57.906249999966036,4.800000000000409
57.90791999996603,4.800000000000409
57.90958999996603,4.800000000000409
57.91125999996603,4.800000000000409
57.912929999966025,4.800000000000409
57.91459999996602,4.800000000000409
57.91626999996602,4.800000000000409
57.917939999966016,4.800000000000409
57.91960999996601,4.800000000000409
57.92127999996601,4.800000000000409
57.92294999996601,4.800000000000409
57.924619999966005,4.800000000000409
57.926289999966,4.800000000000409
57.927959999966,4.800000000000409
57.929629999966,4.800000000000409
57.931299999965994,4.800000000000409
57.93296999996599,4.800000000000409
57.93463999996599,4.800000000000409
57.936309999965985,4.800000000000409
57.93797999996598,4.800000000000409
57.93964999996598,4.800000000000466
57.94131999996598,4.800000000000409
57.942989999965974,4.800000000000409
57.94465999996597,4.800000000000409
57.94632999996597,4.800000000000409
57.947999999965965,4.800000000000409
57.94966999996596,4.800000000000409
57.95133999996596,4.800000000000409
57.95300999996596,4.800000000000409
57.954679999965954,4.800000000000409
57.95634999996595,4.800000000000409
57.95801999996595,4.800000000000409
57.959689999965946,4.800000000000409
57.96135999996594,4.800000000000409
57.96302999996594,4.800000000000409
57.96469999996594,4.800000000000352
57.966369999965934,4.800000000000409
57.96803999996593,4.800000000000409
57.96970999996593,4.800000000000352
57.971379999965926,4.800000000000409
57.97304999996592,4.800000000000352
57.97471999996592,4.800000000000352
57.97638999996592,4.800000000000352
57.978059999965915,4.800000000000352
57.97972999996591,4.800000000000352
57.98139999996591,4.800000000000352
57.983069999965906,4.800000000000352
57.9847399999659,4.800000000000409
57.9864099999659,4.800000000000352
57.9880799999659,4.800000000000352
57.989749999965895,4.800000000000409
57.99141999996589,4.800000000000352
57.99308999996589,4.800000000000409
57.994759999965886,4.800000000000409
57.99642999996588,4.800000000000409
57.99809999996588,4.800000000000409
57.99976999996588,4.800000000030707
58.001439999965875,4.800378947359889
58.00310999996587,4.800818421044028
58.00477999996587,4.8012578947282805
58.00644999996587,4.801697368412476
58.008119999965864,4.802136842096672
58.00978999996586,4.802576315780925
58.01145999996586,4.803015789465121
58.013129999965855,4.803455263149317
58.01479999996585,4.803894736833513
58.01646999996585,4.804334210517766
58.01813999996585,4.804773684201905
58.019809999965844,4.805213157886158
58.02147999996584,4.805675324664662
58.02314999996584,4.806217532456799
58.024819999965835,4.806759740249049
58.02648999996583,4.807301948041186
58.02815999996583,4.807844155833436
58.02982999996583,4.8083863636256865
58.031499999965824,4.808928571417823
58.03316999996582,4.8094707792100735
58.03483999996582,4.810012987002267
58.036509999965816,4.8105551947944605
58.03817999996581,4.811097402586654
58.03984999996581,4.8116396103788475
58.04151999996581,4.812181818171098
58.043189999965804,4.8126815789387365
58.0448599999658,4.813121052622932
58.0465299999658,4.813560526307128
58.048199999965796,4.813999999991324
58.04986999996579,4.814439473675577
58.05153999996579,4.814878947359716
58.05320999996579,4.815318421043969
58.054879999965785,4.815757894728108
58.05654999996578,4.816197368412361
58.05821999996578,4.816636842096557
58.059889999965776,4.817076315780753
58.06155999996577,4.817515789465006
58.06322999996577,4.817955263149145
58.06489999996577,4.818474025963212
58.066569999965765,4.819016233755406
58.06823999996576,4.819558441547599
58.06990999996576,4.8201006493398495
58.071579999965756,4.820642857132043
58.07324999996575,4.8211850649242365
58.07491999996575,4.821727272716487
58.07658999996575,4.8222694805086235
58.078259999965745,4.822811688300874
58.07992999996574,4.823353896093124
58.08159999996574,4.823896103885261
58.08326999996574,4.824438311677511
58.084939999965734,4.824980519469705
58.08660999996573,4.825423684201837
58.08827999996573,4.825863157886033
58.089949999965725,4.826302631570286
58.09161999996572,4.826742105254425
58.09328999996572,4.827181578938678
58.09495999996572,4.827621052622817
58.096629999965714,4.82806052630707
58.09829999996571,4.8284999999913225
58.09996999996571,4.828939473675462
58.101639999965705,4.829378947359714
58.1033099999657,4.8298184210438535
58.1049799999657,4.830257894728106
58.1066499999657,4.830730519469682
58.108319999965694,4.831272727261876
58.10998999996569,4.831814935054069
58.11165999996569,4.832357142846263
58.113329999965686,4.832899350638513
58.11499999996568,4.83344155843065
58.11666999996568,4.8339837662229
58.11833999996568,4.834525974015094
58.120009999965674,4.835068181807287
58.12167999996567,4.8356103895995375
58.12334999996567,4.836152597391674
58.125019999965666,4.8366948051839245
58.12668999996566,4.837237012976175
58.12835999996566,4.8377792207683115
58.13002999996566,4.838321428560562
58.131699999965655,4.8388636363526984
58.13336999996565,4.839405844144949
58.13503999996565,4.839948051937199
58.136709999965646,4.840490259729336
58.13837999996564,4.841032467521586
58.14004999996564,4.84157467531378
58.14171999996564,4.842116883105973
58.143389999965635,4.842659090898167
58.14505999996563,4.84320129869036
58.14672999996563,4.84374350648261
58.148399999965626,4.844285714274747
58.15006999996562,4.844755263149068
58.15173999996562,4.845194736833264
58.15340999996562,4.84563421051746
58.155079999965615,4.846073684201713
58.15674999996561,4.846513157885852
58.15841999996561,4.846952631570105
58.16008999996561,4.8473921052543005
58.161759999965604,4.8478315789384965
58.1634299999656,4.848271052622749
58.1650999999656,4.848710526306888
58.166769999965595,4.849149999991141
58.16843999996559,4.84958947367528
58.17010999996559,4.850035714274725
58.17177999996559,4.850577922066918
58.173449999965584,4.851120129859112
58.17511999996558,4.851662337651362
58.17678999996558,4.852204545443556
58.178459999965575,4.852746753235749
58.18012999996557,4.8532889610279994
58.18179999996557,4.853831168820193
58.18346999996557,4.854373376612386
58.185139999965564,4.85491558440458
58.18680999996556,4.855457792196773
58.18847999996556,4.855999999989024
58.190149999965556,4.856542207781217
58.19181999996555,4.857057894727973
58.19348999996555,4.857497368412169
58.19515999996555,4.8579368420964215
58.196829999965544,4.8583763157806175
58.19849999996554,4.858815789464813
58.20016999996554,4.859255263149009
58.201839999965536,4.859694736833205
58.20350999996553,4.860134210517458
58.20517999996553,4.860573684201597
58.20684999996553,4.86101315788585
58.208519999965525,4.861452631570046
58.21018999996552,4.861892105254242
58.21185999996552,4.862331578938438
58.213529999965516,4.8628344155733885
58.21519999996551,4.863376623365525
58.21686999996551,4.8639188311577755
58.21853999996551,4.864461038950026
58.220209999965505,4.8650032467421624
58.2218799999655,4.865545454534413
58.2235499999655,4.866087662326549
58.225219999965496,4.8666298701188
58.22688999996549,4.86717207791105
58.22855999996549,4.867714285703187
58.23022999996549,4.868256493495437
58.231899999965485,4.868798701287687
58.23356999996548,4.869340909079824
58.23523999996548,4.869883116872074
58.23690999996548,4.870425324664211
58.238579999965474,4.870967532456461
58.24024999996547,4.871509740248712
58.24191999996547,4.872051948040848
58.243589999965465,4.872594155833099
58.24525999996546,4.873136363625235
58.24692999996546,4.873678571417486
58.24859999996546,4.874220779209622
58.250269999965454,4.874762987001873
58.25193999996545,4.875305194794066
58.25360999996545,4.87584740258626
58.255279999965445,4.876389473675204
58.25694999996544,4.8768289473593995
58.25861999996544,4.8772684210435955
58.26028999996544,4.877707894727791
58.261959999965434,4.878147368412044
58.26362999996543,4.87858684209624
58.26529999996543,4.879026315780436
58.266969999965426,4.879465789464632
58.26863999996542,4.879905263148885
58.27030999996542,4.880344736833081
58.27197999996542,4.880784210517277
58.273649999965414,4.881223684201473
58.27531999996541,4.881663157885669
58.27698999996541,4.882139610378431
58.278659999965406,4.882681818170624
58.2803299999654,4.883224025962875
58.2819999999654,4.883766233755068
58.2836699999654,4.884308441547262
58.285339999965394,4.884850649339455
58.28700999996539,4.885392857131706
58.28867999996539,4.885935064923899
58.290349999965386,4.886477272716093
58.29201999996538,4.887019480508286
58.29368999996538,4.887561688300536
58.29535999996538,4.88810389609273
58.297029999965375,4.888646103884923
58.29869999996537,4.889131578938361
58.30036999996537,4.889571052622557
58.302039999965366,4.890010526306753
58.30370999996536,4.890449999990949
58.30537999996536,4.890889473675145
58.30704999996536,4.891328947359398
58.308719999965355,4.891768421043537
58.31038999996535,4.89220789472779
58.31205999996535,4.892647368411929
58.31372999996535,4.8930868420961815
58.315399999965344,4.8935263157803774
58.31706999996534,4.893965789464573
58.31873999996534,4.894405263148826
58.320409999965335,4.894938311677038
58.32207999996533,4.895480519469288
58.32374999996533,4.896022727261482
58.32541999996533,4.896564935053675
58.327089999965324,4.897107142845925
58.32875999996532,4.897649350638062
58.33042999996532,4.898191558430312
58.332099999965315,4.898733766222563
58.33376999996531,4.899275974014699
58.33543999996531,4.89981818180695
58.33710999996531,4.9003603895992
58.338779999965304,4.900902597391337
58.3404499999653,4.901444805183587
58.3421199999653,4.901987012975724
58.343789999965296,4.902529220767974
58.34545999996529,4.903071428560224
58.34712999996529,4.903613636352361
58.34879999996529,4.904155844144611
58.350469999965284,4.904698051936748
58.35213999996528,4.905240259728998
58.35380999996528,4.905782467521135
58.355479999965276,4.906324675313385
58.35714999996527,4.906866883105522
58.35881999996527,4.907409090897772
58.36048999996527,4.907951298690023
58.362159999965264,4.908463157885535
58.36382999996526,4.908902631569788
58.36549999996526,4.909342105253927
58.367169999965256,4.90978157893818
58.36883999996525,4.910221052622376
58.37050999996525,4.910660526306572
58.37217999996525,4.9110999999908245
58.373849999965245,4.91153947367502
58.37551999996524,4.911978947359216
58.37718999996524,4.912418421043412
58.378859999965236,4.912857894727608
58.38052999996523,4.913297368411861
58.38219999996523,4.913736842096057
58.38386999996523,4.914243506482137
58.385539999965225,4.9147857142743305
58.38720999996522,4.915327922066581
58.38887999996522,4.915870129858774
58.390549999965216,4.916412337650968
58.392219999965214,4.916954545443218
58.39388999996521,4.917496753235412
58.39555999996521,4.918038961027605
58.397229999965205,4.918581168819799
58.3988999999652,4.919123376612049
58.4005699999652,4.9196655844042425
58.4022399999652,4.920207792196436
58.403909999965194,4.9207499999886295
58.40557999996519,4.921205263148636
58.40724999996519,4.921644736832889
58.408919999965185,4.922084210517085
58.41058999996518,4.9225236842012805
58.41225999996518,4.922963157885533
58.41392999996518,4.923402631569672
58.415599999965174,4.923842105253925
58.41726999996517,4.924281578938121
58.41893999996517,4.924721052622317
58.420609999965166,4.925160526306513
58.42227999996516,4.925599999990709
58.42394999996516,4.926039473674962
58.42561999996516,4.92649999998855
58.427289999965154,4.927042207780801
58.42895999996515,4.927584415572994
58.43062999996515,4.928126623365188
58.432299999965146,4.928668831157438
58.43396999996514,4.929211038949575
58.43563999996514,4.929753246741825
58.43730999996514,4.930295454534075
58.438979999965134,4.930837662326212
58.44064999996513,4.931379870118462
58.44231999996513,4.931922077910713
58.443989999965126,4.932464285702849
58.44565999996512,4.9330064934951
58.44732999996512,4.933548701287236
58.44899999996512,4.934090909079487
58.450669999965115,4.93463311687168
58.45233999996511,4.935175324663874
58.45400999996511,4.935717532456067
58.455679999965106,4.936259740248261
58.4573499999651,4.936801948040454
58.4590199999651,4.937344155832648
58.4606899999651,4.937886363624898
58.462359999965095,4.938428571417035
58.46402999996509,4.938970779209285
58.46569999996509,4.939512987001535
58.467369999965086,4.940055194793672
58.469039999965084,4.9405368420959235
58.47070999996508,4.940976315780063
58.47237999996508,4.941415789464315
58.474049999965075,4.941855263148568
58.47571999996507,4.942294736832707
58.47738999996507,4.94273421051696
58.47905999996507,4.943173684201156
58.480729999965064,4.943613157885352
58.48239999996506,4.944052631569605
58.48406999996506,4.944492105253801
58.485739999965055,4.944931578937997
58.48740999996505,4.945371052622193
58.48907999996505,4.9458105263063885
58.49074999996505,4.946347402585843
58.492419999965044,4.9468896103780935
58.49408999996504,4.947431818170287
58.49575999996504,4.9479740259624805
58.497429999965036,4.948516233754731
58.49909999996503,4.949058441546924
58.50076999996503,4.949600649339118
58.50243999996503,4.950142857131311
58.504109999965024,4.950685064923562
58.50577999996502,4.951227272715698
58.50744999996502,4.951769480507949
58.509119999965016,4.952311688300142
58.51078999996501,4.952839473674828
58.51245999996501,4.953278947359024
58.51412999996501,4.95371842104322
58.515799999965004,4.954157894727416
58.517469999965,4.954597368411612
58.519139999965,4.955036842095865
58.520809999964996,4.955476315780061
58.52247999996499,4.955915789464257
58.52414999996499,4.956355263148453
58.52581999996499,4.956794736832649
58.527489999964985,4.957234210516901
58.52915999996498,4.957673684201097
58.53082999996498,4.958113157885293
58.532499999964976,4.958603896092313
58.53416999996497,4.959146103884507
58.53583999996497,4.9596883116767
58.53750999996497,4.960230519468951
58.539179999964965,4.960772727261087
58.54084999996496,4.961314935053338
58.54251999996496,4.961857142845588
58.544189999964956,4.962399350637725
58.545859999964954,4.962941558429975
58.54752999996495,4.963483766222112
58.54919999996495,4.964025974014362
58.550869999964945,4.9645681818065555
58.55253999996494,4.965110389598749
58.55420999996494,4.965652597390999
58.55587999996494,4.966194805183193
58.557549999964934,4.966737012975386
58.55921999996493,4.96727922076758
58.56088999996493,4.967821428559773
58.562559999964925,4.968363636351967
58.56422999996492,4.96890584414416
58.56589999996492,4.969448051936411
58.56756999996492,4.969990259728547
58.569239999964914,4.970532467520798
58.57090999996491,4.971074675313048
58.57257999996491,4.971616883105185
58.574249999964906,4.972159090897435
58.5759199999649,4.972610526306255
58.5775899999649,4.973049999990451
58.5792599999649,4.973489473674704
58.580929999964894,4.973928947358843
58.58259999996489,4.974368421043096
58.58426999996489,4.974807894727348
58.585939999964886,4.9752473684114875
58.58760999996488,4.97568684209574
58.58927999996488,4.976126315779936
58.59094999996488,4.976565789464132
58.592619999964874,4.977005263148385
58.59428999996487,4.977444736832524
58.59595999996487,4.977909090897356
58.597629999964866,4.978451298689606
58.59929999996486,4.9789935064818
58.60096999996486,4.979535714273993
58.60263999996486,4.9800779220662434
58.604309999964855,4.980620129858437
58.60597999996485,4.98116233765063
58.60764999996485,4.981704545442824
58.609319999964846,4.982246753235017
58.61098999996484,4.982788961027211
58.61265999996484,4.983331168819461
58.61432999996484,4.983873376611598
58.615999999964835,4.984415584403848
58.61766999996483,4.984913157885103
58.61933999996483,4.985352631569356
58.621009999964826,4.9857921052536085
58.622679999964824,4.986231578937748
58.62434999996482,4.986671052622
58.62601999996482,4.987110526306196
58.627689999964815,4.987549999990392
58.62935999996481,4.987989473674645
58.63102999996481,4.988428947358784
58.63269999996481,4.988868421043037
58.634369999964804,4.989307894727233
58.6360399999648,4.989747368411429
58.6377099999648,4.990186842095625
58.639379999964795,4.9907077921960195
58.64104999996479,4.991249999988213
58.64271999996479,4.991792207780463
58.64438999996479,4.9923344155726
58.646059999964784,4.99287662336485
58.64772999996478,4.993418831156987
58.64939999996478,4.993961038949237
58.651069999964776,4.994503246741488
58.65273999996477,4.995045454533624
58.65440999996477,4.995587662325875
58.65607999996477,4.996129870118068
58.657749999964764,4.996672077910262
58.65941999996476,4.997214285702455
58.66108999996476,4.997756493494649
58.662759999964756,4.998298701286899
58.66442999996475,4.998840909079092
58.66609999996475,4.999383116871286
58.66776999996475,4.999925324663479
58.669439999964744,5.000467532455673
58.67110999996474,5.001009740247923
58.67277999996474,5.00155194804006
58.674449999964736,5.00209415583231
58.67611999996473,5.0026363636245605
58.67778999996473,5.003178571416697
58.67945999996473,5.0037207792089475
58.681129999964725,5.004244736832447
58.68279999996472,5.004684210516643
58.68446999996472,5.005123684200839
58.686139999964716,5.005563157885035
58.68780999996471,5.006002631569231
58.68947999996471,5.006442105253484
58.69114999996471,5.006881578937623
58.692819999964705,5.007321052621876
58.6944899999647,5.007760526306129
58.6961599999647,5.008199999990268
58.697829999964696,5.008639473674521
58.699499999964694,5.00907894735866
58.70116999996469,5.0095184210429125
58.70283999996469,5.010012987001119
58.704509999964685,5.010555194793312
58.70617999996468,5.011097402585506
58.70784999996468,5.011639610377699
58.70951999996468,5.012181818169893
58.711189999964674,5.012724025962086
58.71285999996467,5.0132662337543366
58.71452999996467,5.013808441546473
58.716199999964665,5.0143506493387235
58.71786999996466,5.014892857130974
58.71953999996466,5.0154350649231105
58.72120999996466,5.015977272715361
58.722879999964654,5.016519480507554
58.72454999996465,5.016986842095491
58.72621999996465,5.017426315779744
58.727889999964646,5.017865789463883
58.72955999996464,5.018305263148136
58.73122999996464,5.018744736832389
58.73289999996464,5.019184210516528
58.734569999964634,5.019623684200781
58.73623999996463,5.02006315788492
58.73790999996463,5.0205026315691725
58.739579999964626,5.020942105253425
58.74124999996462,5.021381578937564
58.74291999996462,5.021821052621817
58.74458999996462,5.022269480507475
58.746259999964614,5.022811688299726
58.74792999996461,5.023353896091919
58.74959999996461,5.023896103884113
58.751269999964606,5.024438311676363
58.7529399999646,5.0249805194684996
58.7546099999646,5.02552272726075
58.7562799999646,5.026064935052943
58.757949999964595,5.026607142845137
58.75961999996459,5.02714935063733
58.76128999996459,5.027691558429581
58.762959999964586,5.028233766221774
58.76462999996458,5.028775974013968
58.76629999996458,5.029318181806161
58.76796999996458,5.0298603895984115
58.769639999964575,5.030402597390605
58.77130999996457,5.0309448051827985
58.77297999996457,5.031487012974992
58.774649999964566,5.0320292207671855
58.776319999964564,5.032571428559436
58.77798999996456,5.0331136363515725
58.77965999996456,5.033655844143823
58.781329999964555,5.034198051936073
58.78299999996455,5.03474025972821
58.78466999996455,5.03528246752046
58.78633999996455,5.035824675312654
58.788009999964544,5.036318421042779
58.78967999996454,5.036757894726975
58.79134999996454,5.037197368411171
58.793019999964535,5.037636842095424
58.79468999996453,5.03807631577962
58.79635999996453,5.0385157894638155
58.79802999996453,5.0389552631480115
58.799699999964524,5.039394736832264
58.80136999996452,5.039834210516403
58.80303999996452,5.040273684200656
58.804709999964516,5.040713157884852
58.80637999996451,5.041152631569048
58.80804999996451,5.041592105253244
58.80971999996451,5.042116883104768
58.811389999964504,5.042659090897018
58.8130599999645,5.043201298689212
58.8147299999645,5.043743506481405
58.816399999964496,5.044285714273599
58.81806999996449,5.044827922065849
58.81973999996449,5.045370129857986
58.82140999996449,5.045912337650236
58.823079999964484,5.0464545454424865
58.82474999996448,5.046996753234623
58.82641999996448,5.0475389610268735
58.828089999964476,5.04808116881901
58.82975999996447,5.048621052621684
58.83142999996447,5.04906052630588
58.83309999996447,5.049499999990076
58.834769999964465,5.0499394736742715
58.83643999996446,5.050378947358524
58.83810999996446,5.050818421042663
58.839779999964456,5.051257894726916
58.84144999996445,5.051697368411112
58.84311999996445,5.052136842095308
58.84478999996445,5.052576315779561
58.846459999964445,5.0530157894637
58.84812999996444,5.053455263147953
58.84979999996444,5.053894736832149
58.851469999964436,5.054373376611238
58.853139999964434,5.054915584403375
58.85480999996443,5.055457792195625
58.85647999996443,5.055999999987819
58.858149999964425,5.056542207780012
58.85981999996442,5.0570844155722625
58.86148999996442,5.057626623364456
58.86315999996442,5.0581688311566495
58.864829999964414,5.058711038948843
58.86649999996441,5.059253246741093
58.86816999996441,5.059795454533287
58.869839999964405,5.06033766232548
58.8715099999644,5.060879870117674
58.8731799999644,5.061422077909924
58.8748499999644,5.061964285702118
58.876519999964394,5.062506493494311
58.87818999996439,5.063048701286505
58.87985999996439,5.063590909078698
58.881529999964386,5.0641331168709485
58.88319999996438,5.064675324663085
58.88486999996438,5.0652175324553355
58.88653999996438,5.065759740247586
58.888209999964374,5.0663019480397224
58.88987999996437,5.066844155831973
58.89154999996437,5.067386363624166
58.893219999964366,5.06792857141636
58.89488999996436,5.068392105253167
58.89655999996436,5.068831578937306
58.89822999996436,5.069271052621559
58.899899999964354,5.069710526305755
58.90156999996435,5.070149999989951
58.90323999996435,5.070589473674204
58.904909999964346,5.071028947358343
58.90657999996434,5.071468421042596
58.90824999996434,5.071907894726792
58.90991999996434,5.072347368410988
58.911589999964335,5.072786842095184
58.91325999996433,5.0732263157793795
58.91492999996433,5.073678571416281
58.916599999964326,5.074220779208474
58.91826999996432,5.0747629870007245
58.91993999996432,5.075305194792861
58.92160999996432,5.0758474025851115
58.923279999964315,5.076389610377362
58.92494999996431,5.0769318181694985
58.92661999996431,5.077474025961749
58.928289999964306,5.078016233753942
58.929959999964304,5.078558441546136
58.9316299999643,5.079100649338386
58.9332999999643,5.079642857130523
58.934969999964295,5.080185064922773
58.93663999996429,5.080694736832015
58.93830999996429,5.081134210516211
58.93997999996429,5.081573684200464
58.941649999964284,5.08201315788466
58.94331999996428,5.082452631568856
58.94498999996428,5.082892105253052
58.946659999964275,5.083331578937248
58.94832999996427,5.083771052621444
58.94999999996427,5.08421052630564
58.95166999996427,5.084649999989892
58.953339999964264,5.0850894736740315
58.95500999996426,5.085528947358284
58.95667999996426,5.08596842104248
58.958349999964256,5.0864772727148875
58.96001999996425,5.087019480507138
58.96168999996425,5.087561688299331
58.96335999996425,5.088103896091525
58.965029999964244,5.088646103883775
58.96669999996424,5.089188311675969
58.96836999996424,5.089730519468162
58.970039999964236,5.090272727260356
58.97170999996423,5.090814935052549
58.97337999996423,5.0913571428447995
58.97504999996423,5.091899350636993
58.976719999964224,5.092441558429186
58.97838999996422,5.092983766221437
58.98005999996422,5.093436842095116
58.981729999964216,5.093876315779312
58.98339999996421,5.094315789463565
58.98506999996421,5.094755263147704
58.98673999996421,5.095194736831957
58.988409999964205,5.0956342105161525
58.9900799999642,5.0960736842003485
58.9917499999642,5.096513157884601
58.993419999964196,5.09695263156874
58.99508999996419,5.097392105252993
58.99675999996419,5.097831578937246
58.99842999996419,5.098271052621385
59.000099999964185,4.999852941228596
59.00176999996418,4.997397058875663
59.00343999996418,4.99494117652273
59.005109999964176,4.992485294169796
59.006779999964174,4.990029411816863
59.00844999996417,4.98757352946393
59.01011999996417,4.985117647110997
59.011789999964165,4.982661764758063
59.01345999996416,4.98020588240513
59.01512999996416,4.97775000005214
59.01679999996416,4.9752941176992636
59.018469999964154,4.97283823534633
59.02013999996415,4.970382352993397
59.02180999996415,4.967926470640464
59.023479999964145,4.965470588287474
59.02514999996414,4.963014705934597
59.02681999996414,4.960558823581607
59.02848999996414,4.958097572869008
59.030159999964134,4.955584466072878
59.03182999996413,4.953071359276748
59.03349999996413,4.9505582524806755
59.035169999964126,4.948045145684546
59.03683999996412,4.945532038888416
59.03850999996412,4.943018932092343
59.04017999996412,4.9405058252962135
59.041849999964114,4.937992718500141
59.04351999996411,4.935479611704011
59.04518999996411,4.932966504907881
59.046859999964106,4.9304533981117515
59.0485299999641,4.927940291315622
59.0501999999641,4.925427184519549
59.0518699999641,4.922914077723419
59.053539999964094,4.920400970927346
59.05520999996409,4.917887864131217
59.05687999996409,4.915374757335144
59.058549999964086,4.912861650539014
59.06021999996408,4.910348543742884
59.06188999996408,4.907835436946812
59.06355999996408,4.905322330150682
59.065229999964075,4.902809223354609
59.06689999996407,4.900296116558479
59.06856999996407,4.897783009762293
59.070239999964066,4.89526990296622
59.07190999996406,4.89275679617009
59.07357999996406,4.8902436893739605
59.07524999996406,4.887730582577888
59.076919999964055,4.885217475781758
59.07858999996405,4.882704368985685
59.08025999996405,4.880191262189555
59.081929999964046,4.877678155393426
59.08359999996404,4.875165048597353
59.08526999996404,4.872651941801166
59.08693999996404,4.8701388350050365
59.088609999964035,4.867625728208964
59.09027999996403,4.865112621412834
59.09194999996403,4.862599514616704
59.09361999996403,4.860086407820631
59.095289999964024,4.857573301024502
59.09695999996402,4.855060194228429
59.09862999996402,4.852547087432299
59.100299999964015,4.850033980636169
59.10196999996401,4.8475208738400966
59.10363999996401,4.845007767043967
59.10530999996401,4.842494660247894
59.106979999964004,4.839981553451764
59.108649999964,4.837468446655691
59.110319999964,4.834955339859562
59.111989999963996,4.832442233063432
59.11365999996399,4.829929126267359
59.11532999996399,4.8274160194712294
59.11699999996399,4.824902912675157
59.118669999963984,4.822389805879027
59.12033999996398,4.819876699082954
59.12200999996398,4.8173635922867675
59.123679999963976,4.814850485490638
59.12534999996397,4.812337378694565
59.12701999996397,4.809824271898435
59.12868999996397,4.8073111651023055
59.130359999963964,4.804798058306233
59.13202999996396,4.802284951510103
59.13369999996396,4.79977184471403
59.135369999963956,4.7972587379179
59.13703999996395,4.794745631121771
59.13870999996395,4.792232524325698
59.14037999996395,4.789719417529568
59.142049999963945,4.787206310733438
59.14371999996394,4.7846932039373655
59.14538999996394,4.782180097141236
59.147059999963936,4.779666990345163
59.14872999996393,4.777153883549033
59.15039999996393,4.7746407767529035
59.15206999996393,4.772127669956774
59.153739999963925,4.769614563160701
59.15540999996392,4.767101456364571
59.15707999996392,4.764588349568442
59.158749999963916,4.762075242772369
59.16041999996391,4.759562135976239
59.16208999996391,4.757049029180166
59.16375999996391,4.754535922384036
59.165429999963905,4.752022815587907
59.1670999999639,4.749509708791777
59.1687699999639,4.746996601995647
59.1704399999639,4.7444834951995745
59.172109999963894,4.741970388403445
59.17377999996389,4.739457281607315
59.17544999996389,4.736944174811242
59.177119999963885,4.7344310680151125
59.17878999996388,4.731917961218983
59.18045999996388,4.72940485442291
59.18212999996388,4.72689174762678
59.183799999963874,4.7243786408306505
59.18546999996387,4.721865534034578
59.18713999996387,4.719352427238448
59.188809999963865,4.716839320442375
59.19047999996386,4.714326213646245
59.19214999996386,4.711813106850116
59.19381999996386,4.709300000054043
59.195489999963854,4.706786893257856
59.19715999996385,4.704273786461727
59.19882999996385,4.701760679665654
59.200499999963846,4.699264705935093
59.20216999996384,4.6968088235822165
59.20383999996384,4.694352941229226
59.20550999996384,4.691897058876293
59.207179999963834,4.68944117652336
59.20884999996383,4.686985294170427
59.21051999996383,4.68452941181755
59.212189999963826,4.68207352946456
59.21385999996382,4.679617647111684
59.21552999996382,4.677161764758694
59.21719999996382,4.674705882405817
59.218869999963815,4.672250000052827
59.22053999996381,4.669794117699894
59.22220999996381,4.667338235346961
59.223879999963806,4.664882352994027
59.2255499999638,4.662426470641094
59.2272199999638,4.659970588288161
59.2288899999638,4.65749563112206
59.230559999963795,4.6549825243259875
59.23222999996379,4.652469417529801
59.23389999996379,4.649956310733671
59.235569999963786,4.647443203937598
59.23723999996378,4.644930097141469
59.23890999996378,4.642416990345396
59.24057999996378,4.639903883549266
59.242249999963775,4.637390776753136
59.24391999996377,4.6348776699570635
59.24558999996377,4.632364563160934
59.24725999996377,4.629851456364861
59.248929999963764,4.627338349568731
59.25059999996376,4.624825242772658
59.25226999996376,4.622312135976529
59.253939999963755,4.619799029180399
59.25560999996375,4.617285922384326
59.25727999996375,4.614772815588196
59.25894999996375,4.6122597087921235
59.260619999963744,4.609746601995994
59.26228999996374,4.607233495199921
59.26395999996374,4.604720388403791
59.265629999963735,4.602207281607662
59.26729999996373,4.599694174811589
59.26896999996373,4.597181068015402
59.27063999996373,4.5946679612192725
59.272309999963724,4.5921548544232
59.27397999996372,4.58964174762707
59.27564999996372,4.587128640830997
59.277319999963716,4.584615534034867
59.27898999996371,4.582102427238738
59.28065999996371,4.579589320442665
59.28232999996371,4.577076213646535
59.283999999963704,4.574563106850405
59.2856699999637,4.5720500000543325
59.2873399999637,4.569536893258203
59.289009999963696,4.567023786462073
59.29067999996369,4.564510679666
59.29234999996369,4.5619975728698705
59.29401999996369,4.559484466073798
59.295689999963685,4.556971359277611
59.29735999996368,4.554458252481481
59.29902999996368,4.5519451456854085
59.300699999963676,4.549432038889279
59.30236999996367,4.546918932093149
59.30403999996367,4.544405825297076
59.30570999996367,4.541892718500947
59.307379999963665,4.539379611704874
59.30904999996366,4.536866504908744
59.31071999996366,4.534353398112614
59.312389999963656,4.531840291316485
59.31405999996365,4.529327184520412
59.31572999996365,4.526814077724282
59.31739999996365,4.524300970928209
59.319069999963645,4.5217878641320794
59.32073999996364,4.51927475733595
59.32240999996364,4.516761650539877
59.32407999996364,4.514248543743747
59.325749999963634,4.5117354369476175
59.32741999996363,4.509222330151545
59.32908999996363,4.506709223355415
59.330759999963625,4.504196116559342
59.33242999996362,4.501683009763212
59.33409999996362,4.499169902967083
59.33576999996362,4.49665679617101
59.337439999963614,4.49414368937488
59.33910999996361,4.49163058257875
59.34077999996361,4.4891174757826775
59.342449999963605,4.486604368986548
59.3441199999636,4.484091262190418
59.3457899999636,4.481578155394288
59.3474599999636,4.4790650485982155
59.349129999963594,4.476551941802086
59.35079999996359,4.474038835005956
59.35246999996359,4.471525728209883
59.354139999963586,4.4690126214137535
59.35580999996358,4.466499514617681
59.35747999996358,4.463986407821551
59.35914999996358,4.461473301025478
59.360819999963574,4.458960194229292
59.36248999996357,4.456447087433162
59.36415999996357,4.453933980637089
59.365829999963566,4.451420873840959
59.36749999996356,4.448907767044886
59.36916999996356,4.446394660248757
59.37083999996356,4.443881553452627
59.372509999963555,4.441368446656554
59.37417999996355,4.4388553398604245
59.37584999996355,4.436342233064295
59.377519999963546,4.433829126268222
59.37918999996354,4.431316019472092
59.38085999996354,4.4288029126759625
59.38252999996354,4.426289805879833
59.384199999963535,4.423776699083703
59.38586999996353,4.42126359228763
59.38753999996353,4.4187504854915005
59.389209999963526,4.416237378695371
59.39087999996352,4.413724271899298
59.39254999996352,4.411211165103168
59.39421999996352,4.4086980583070385
59.395889999963515,4.406184951510966
59.39755999996351,4.403671844714836
59.39922999996351,4.401158737918763
59.40089999996351,4.398676470641647
59.402569999963504,4.396220588288713
59.4042399999635,4.39376470593578
59.4059099999635,4.391308823582847
59.407579999963495,4.3888529412299135
59.40924999996349,4.38639705887698
59.41091999996349,4.383941176524047
59.41258999996349,4.381485294171114
59.414259999963484,4.3790294118181805
59.41592999996348,4.376573529465247
59.41759999996348,4.374117647112314
59.419269999963475,4.371661764759381
59.42093999996347,4.3692058824064475
59.42260999996347,4.366750000053514
59.42427999996347,4.364294117700581
59.425949999963464,4.361838235347648
59.42761999996346,4.359382352994714
59.42928999996346,4.35689368937517
59.430959999963456,4.35438058257904
59.43262999996345,4.351867475782967
59.43429999996345,4.3493543689868375
59.43596999996345,4.346841262190765
59.437639999963444,4.344328155394635
59.43930999996344,4.341815048598505
59.44097999996344,4.3393019418023755
59.442649999963436,4.336788835006246
59.44431999996343,4.334275728210173
59.44598999996343,4.331762621414043
59.44765999996343,4.3292495146179135
59.449329999963425,4.326736407821841
59.45099999996342,4.324223301025711
59.45266999996342,4.321710194229638
59.454339999963416,4.319197087433508
59.45600999996341,4.316683980637379
59.45767999996341,4.314170873841249
59.45934999996341,4.311657767045176
59.461019999963405,4.309144660249046
59.4626899999634,4.306631553452917
59.4643599999634,4.304118446656844
59.466029999963396,4.301605339860714
59.46769999996339,4.299092233064584
59.46936999996339,4.296579126268512
59.47103999996339,4.294066019472382
59.472709999963385,4.291552912676309
59.47437999996338,4.289039805880179
59.47604999996338,4.28652669908405
59.47771999996338,4.284013592287977
59.479389999963374,4.281500485491847
59.48105999996337,4.278987378695717
59.48272999996337,4.2764742718996445
59.484399999963365,4.273961165103515
59.48606999996336,4.271448058307385
59.48773999996336,4.268934951511312
59.48940999996336,4.266421844715126
59.491079999963354,4.263908737919053
59.49274999996335,4.261395631122923
59.49441999996335,4.258882524326793
59.496089999963345,4.2563694175307205
59.49775999996334,4.253856310734591
59.49942999996334,4.251343203938461
59.50109999996334,4.248830097142388
59.502769999963334,4.2463169903462585
59.50443999996333,4.243803883550186
59.50610999996333,4.241290776753999
59.507779999963326,4.238777669957926
59.50944999996332,4.236264563161797
59.51111999996332,4.233751456365667
59.51278999996332,4.231238349569594
59.514459999963314,4.228725242773464
59.51612999996331,4.226212135977391
59.51779999996331,4.223699029181262
59.519469999963306,4.221185922385189
59.5211399999633,4.218672815589059
59.5228099999633,4.2161597087929295
59.5244799999633,4.213646601996857
59.526149999963295,4.211133495200727
59.52781999996329,4.208620388404654
59.52948999996329,4.2061072816084675
59.531159999963286,4.203594174812338
59.53282999996328,4.201081068016265
59.53449999996328,4.198567961220135
59.53616999996328,4.1960548544240055
59.537839999963275,4.193541747627933
59.53950999996327,4.191028640831803
59.54117999996327,4.18851553403573
59.542849999963266,4.1860024272396
59.54451999996326,4.183489320443471
59.54618999996326,4.180976213647398
59.54785999996326,4.178463106851268
59.549529999963255,4.175950000055195
59.55119999996325,4.1734368932590655
59.55286999996325,4.170923786462993
59.55453999996325,4.168410679666863
59.556209999963244,4.16589757287079
59.55787999996324,4.16338446607466
59.55954999996324,4.160871359278531
59.561219999963235,4.158358252482458
59.56288999996323,4.155845145686328
59.56455999996323,4.153332038890255
59.56622999996323,4.150818932094126
59.567899999963224,4.148305825297939
59.56956999996322,4.145792718501866
59.57123999996322,4.143279611705736
59.572909999963215,4.140766504909607
59.57457999996321,4.138253398113534
59.57624999996321,4.135740291317404
59.57791999996321,4.133227184521331
59.579589999963204,4.130714077725202
59.5812599999632,4.128200970929072
59.5829299999632,4.125687864132999
59.584599999963196,4.123174757336869
59.58626999996319,4.120661650540683
59.58793999996319,4.11814854374461
59.58960999996319,4.11563543694848
59.591279999963184,4.1131223301523505
59.59294999996318,4.110609223356278
59.59461999996318,4.108096116560148
59.596289999963176,4.105583009764075
59.59795999996317,4.103069902967945
59.59962999996317,4.100556796171816
59.60129999996317,4.0980882353482
59.602969999963165,4.09563235299521
59.60463999996316,4.093176470642334
59.60630999996316,4.090720588289344
59.607979999963156,4.08826470593641
59.60964999996315,4.085808823583477
59.61131999996315,4.083352941230544
59.61298999996315,4.080897058877667
59.614659999963145,4.078441176524677
59.61632999996314,4.075985294171801
59.61799999996314,4.073529411818811
59.619669999963136,4.071073529465934
59.62133999996313,4.068617647113001
59.62300999996313,4.066161764760011
59.62467999996313,4.063705882407135
59.626349999963125,4.0612500000541445
59.62801999996312,4.058794117701211
59.62968999996312,4.056291747628279
59.63135999996312,4.0537786408321494
59.633029999963114,4.051265534036077
59.63469999996311,4.04875242723989
59.63636999996311,4.04623932044376
59.638039999963105,4.0437262136476875
59.6397099999631,4.041213106851558
59.6413799999631,4.038700000055428
59.6430499999631,4.036186893259355
59.644719999963094,4.0336737864632255
59.64638999996309,4.031160679667153
59.64805999996309,4.028647572871023
59.649729999963085,4.02613446607495
59.65139999996308,4.0236213592787635
59.65306999996308,4.021108252482691
59.65473999996308,4.018595145686561
59.656409999963074,4.016082038890431
59.65807999996307,4.013568932094358
59.65974999996307,4.011055825298229
59.661419999963066,4.008542718502156
59.66308999996306,4.006029611706026
59.66475999996306,4.003516504909896
59.66642999996306,4.0010033981138236
59.668099999963054,3.998490291317694
59.66976999996305,3.995977184521621
59.67143999996305,3.9934640777254913
59.673109999963046,3.9909509709293616
59.67477999996304,3.9884378641332887
59.67644999996304,3.985924757337159
59.67811999996304,3.9834116505409725
59.679789999963035,3.9808985437448996
59.68145999996303,3.97838543694877
59.68312999996303,3.97587233015264
59.684799999963026,3.9733592233565673
59.68646999996302,3.9708461165604376
59.68813999996302,3.9683330097643648
59.68980999996302,3.965819902968235
59.691479999963015,3.9633067961721054
59.69314999996301,3.9607936893760325
59.69481999996301,3.958280582579903
59.696489999963006,3.955767475783773
59.698159999963,3.9532543689877
59.699829999963,3.9507412621915705
59.701499999963,3.9482281553954977
59.703169999962995,3.945715048599368
59.70483999996299,3.9432019418032382
59.70650999996299,3.9406888350071654
59.70817999996299,3.9381757282110357
59.709849999962984,3.935662621414963
59.71151999996298,3.933149514618833
59.71318999996298,3.9306364078227602
59.714859999962975,3.9281233010265737
59.71652999996297,3.925610194230501
59.71819999996297,3.923097087434371
59.71986999996297,3.9205839806382414
59.721539999962964,3.9180708738421686
59.72320999996296,3.915557767046039
59.72487999996296,3.913044660249966
59.726549999962955,3.9105315534538363
59.72821999996295,3.9080184466577066
59.72988999996295,3.9055053398616337
59.73155999996295,3.902992233065447
59.733229999962944,3.9004791262693175
59.73489999996294,3.8979660194732446
59.73656999996294,3.895452912677115
59.738239999962936,3.892939805881042
59.73990999996293,3.8904266990849123
59.74157999996293,3.8879135922887826
59.74324999996293,3.8854004854927098
59.744919999962924,3.88288737869658
59.74658999996292,3.880374271900507
59.74825999996292,3.8778611651043775
59.749929999962916,3.8753480583083046
59.75159999996291,3.872834951512175
59.75326999996291,3.8703218447159884
59.75493999996291,3.8678087379199155
59.756609999962905,3.865295631123786
59.7582799999629,3.862782524327713
59.7599499999629,3.8602694175315833
59.761619999962896,3.8577563107355104
59.76328999996289,3.8552432039393807
59.76495999996289,3.852730097143251
59.76662999996289,3.850216990347178
59.768299999962885,3.8477038835510484
59.76996999996288,3.8451907767549187
59.77163999996288,3.842677669958846
59.773309999962876,3.840164563162716
59.77497999996287,3.8376514563666433
59.77664999996287,3.8351383495705136
59.77831999996287,3.832625242774384
59.779989999962865,3.830112135978254
59.78165999996286,3.8275990291821245
59.78332999996286,3.8250859223859948
59.78499999996286,3.822572815589922
59.786669999962854,3.820059708793792
59.78833999996285,3.8175466019976625
59.79000999996285,3.8150334952015896
59.791679999962845,3.81252038840546
59.79334999996284,3.810007281609387
59.79501999996284,3.8074941748132574
59.79668999996284,3.804981068017071
59.798359999962834,3.802467961220998
59.80002999996283,3.7999558824076303
59.80169999996283,3.79750000005464
59.803369999962825,3.7950441177017638
59.80503999996282,3.7925882353487737
59.80670999996282,3.7901323529958972
59.80837999996282,3.787676470642964
59.810049999962814,3.7852205882900307
59.81171999996281,3.7827647059370975
59.81338999996281,3.780308823584164
59.815059999962806,3.777852941231231
59.8167299999628,3.775397058878241
59.8183999999628,3.7729411765253644
59.8200699999628,3.770485294172431
59.821739999962794,3.768029411819498
59.82340999996279,3.7655735294665647
59.82507999996279,3.7631176471135745
59.826749999962786,3.760661764760698
59.82841999996278,3.7582029126774046
59.83008999996278,3.7556898058813317
59.83175999996278,3.753176699085202
59.833429999962775,3.7506635922890723
59.83509999996277,3.7481504854929995
59.83676999996277,3.7456373786968697
59.838439999962766,3.74312427190074
59.84010999996276,3.740611165104667
59.84177999996276,3.7380980583085375
59.84344999996276,3.7355849515124646
59.845119999962755,3.733071844716335
59.84678999996275,3.730558737920262
59.84845999996275,3.7280456311241323
59.850129999962746,3.7255325243280026
59.85179999996274,3.7230194175319298
59.85346999996274,3.7205063107358
59.85513999996274,3.717993203939727
59.856809999962735,3.7154800971435975
59.85847999996273,3.7129669903475246
59.86014999996273,3.710453883551338
59.86181999996273,3.7079407767552084
59.863489999962724,3.7054276699591355
59.86515999996272,3.702914563163006
59.86682999996272,3.700401456366933
59.868499999962715,3.6978883495708033
59.87016999996271,3.6953752427746736
59.87183999996271,3.6928621359786007
59.87350999996271,3.690349029182471
59.875179999962704,3.6878359223863413
59.8768499999627,3.6853228155902116
59.8785199999627,3.682809708794082
59.880189999962695,3.680296601997952
59.88185999996269,3.6777834952018793
59.88352999996269,3.6752703884057496
59.88519999996269,3.6727572816096767
59.886869999962684,3.670244174813547
59.88853999996268,3.6677310680174173
59.89020999996268,3.6652179612213445
59.891879999962676,3.6627048544252148
59.89354999996267,3.660191747629085
59.89521999996267,3.657678640833012
59.89688999996267,3.6551655340368825
59.898559999962664,3.6526524272408096
59.90022999996266,3.65013932044468
59.90189999996266,3.6476262136484934
59.903569999962656,3.6451131068524205
59.90523999996265,3.642600000056291
59.90690999996265,3.640086893260218
59.90857999996265,3.6375737864640882
59.910249999962645,3.6350606796680154
59.91191999996264,3.6325475728718857
59.91358999996264,3.630034466075756
59.915259999962636,3.627521359279683
59.91692999996263,3.6250082524835534
59.91859999996263,3.6224951456874805
59.92026999996263,3.619982038891351
59.921939999962625,3.617468932095278
59.92360999996262,3.6149558252991483
59.92527999996262,3.6124427185029617
59.926949999962616,3.609929611706889
59.92861999996261,3.607416504910759
59.93028999996261,3.6049033981146295
59.93195999996261,3.6023902913185566
59.933629999962605,3.599877184522427
59.9352999999626,3.597364077726354
59.9369699999626,3.5948509709302243
59.9386399999626,3.5923378641340946
59.940309999962594,3.5898247573380218
59.94197999996259,3.587311650541835
59.94364999996259,3.5847985437457623
59.945319999962585,3.5822854369496326
59.94698999996258,3.579772330153503
59.94865999996258,3.57725922335743
59.95032999996258,3.5747461165613004
59.951999999962574,3.5722330097652275
59.95366999996257,3.569719902969098
59.95533999996257,3.567206796173025
59.957009999962565,3.5646936893768952
59.95867999996256,3.5621805825808224
59.96034999996256,3.5596674757846927
59.96201999996256,3.557154368988563
59.963689999962554,3.55464126219249
59.96535999996255,3.5521281553963604
59.96702999996255,3.5496150486002307
59.968699999962546,3.547101941804158
59.97036999996254,3.544588835008028
59.97203999996254,3.5420757282119553
59.97370999996254,3.5395626214158256
59.975379999962534,3.537049514619696
59.97704999996253,3.534536407823566
59.97871999996253,3.5320233010274364
59.980389999962526,3.5295101942313067
59.98205999996252,3.526997087435234
59.98372999996252,3.524483980639104
59.98539999996252,3.5219708738429745
59.987069999962515,3.5194577670469016
59.98873999996251,3.516944660250772
59.99040999996251,3.514431553454699
59.992079999962506,3.5119184466585693
59.9937499999625,3.5094053398624396
59.9954199999625,3.5068922330663668
59.9970899999625,3.504379126270237
59.998759999962495,3.5018660194741074
60.00042999996249,3.4994320462424753
60.00209999996249,3.4972262721536254
60.003769999962486,3.495020498064889
60.00543999996248,3.492814723976096
60.00710999996248,3.49060894988736
60.00877999996248,3.4884031757985667
60.010449999962475,3.4861974017098305
60.01211999996247,3.4839916276210374
60.01378999996247,3.481785853532301
60.01545999996247,3.479580079443508
60.017129999962464,3.477374305354772
60.01879999996246,3.475168531265922
60.02046999996246,3.4729627571771857
60.022139999962455,3.4707569830883926
60.02380999996245,3.4685512089996564
60.02547999996245,3.4663454349108633
60.02714999996245,3.464139660822127
60.028819999962444,3.4619505629170817
60.03048999996244,3.459802013271485
60.03215999996244,3.4576534636258884
60.033829999962435,3.455504913980235
60.03549999996243,3.4533563643346383
60.03716999996243,3.4512078146890417
60.03883999996243,3.449059265043445
60.040509999962424,3.4469107153978484
60.04217999996242,3.444762165752252
60.04384999996242,3.442613616106655
60.045519999962416,3.440461804453548
60.04718999996241,3.4382907649081744
60.04885999996241,3.4361197253628575
60.05052999996241,3.4339486858174837
60.052199999962404,3.4317776462721667
60.0538699999624,3.429606606726793
60.0555399999624,3.427435567181476
60.057209999962396,3.4252645276361022
60.05887999996239,3.4230934880907853
60.06054999996239,3.4209224485454115
60.06221999996239,3.4187514090000946
60.063889999962385,3.4165803694547208
60.06555999996238,3.414409329909404
60.06722999996238,3.41223829036403
60.068899999962376,3.410067250818713
60.07056999996237,3.407896211273396
60.07223999996237,3.4057251717280224
60.07390999996237,3.4035541321827054
60.075579999962365,3.4013830926373316
60.07724999996236,3.3992120530920147
60.07891999996236,3.397041013546641
60.080589999962356,3.394869974001324
60.08225999996235,3.39269893445595
60.08392999996235,3.390527894910633
60.08559999996235,3.3883568553653163
60.087269999962345,3.3861858158199993
60.08893999996234,3.3840147762746255
60.09060999996234,3.3818437367293086
60.09227999996234,3.3796921794518653
60.093949999962334,3.3775436298062687
60.09561999996233,3.375395080160672
60.09728999996233,3.3732465305150754
60.098959999962325,3.3710979808694788
60.10062999996232,3.368949431223882
60.10229999996232,3.3668008815782855
60.10396999996232,3.364652331932689
60.105639999962314,3.3625037822870354
60.10730999996231,3.3603552326414388
60.10897999996231,3.358206682995842
60.110649999962305,3.3560581333502455
60.1123199999623,3.353909583704649
60.1139899999623,3.3517610340590522
60.1156599999623,3.3496124844134556
60.117329999962294,3.347463934767859
60.11899999996229,3.3453153851222623
60.12066999996229,3.3431668354767226
60.122339999962286,3.341018285831069
60.12400999996228,3.3388697361854724
60.12567999996228,3.336721186539876
60.12734999996228,3.334572636894279
60.129019999962274,3.3324240872486826
60.13068999996227,3.330275537603086
60.13235999996227,3.3281269879574893
60.134029999962266,3.3259784383118927
60.13569999996226,3.323829888666296
60.13736999996226,3.321664385557142
60.13903999996226,3.319493346011825
60.140709999962255,3.317322306466451
60.14237999996225,3.3151512669211343
60.14404999996225,3.3129802273757605
60.145719999962246,3.3108091878304435
60.14738999996224,3.3086381482850697
60.14905999996224,3.3064671087398096
60.15072999996224,3.304296069194436
60.152399999962235,3.302125029649119
60.15406999996223,3.299953990103745
60.15573999996223,3.297782950558428
60.157409999962226,3.2956119110130544
60.15907999996222,3.2934408714677375
60.16074999996222,3.2912698319223637
60.16241999996222,3.2890987923770467
60.164089999962215,3.286927752831673
60.16575999996221,3.284756713286413
60.16742999996221,3.282585673741039
60.16909999996221,3.280414634195722
60.170769999962204,3.2782435946503483
60.1724399999622,3.2760725551050314
60.1741099999622,3.2739015155596576
60.175779999962195,3.2717304760143406
60.17744999996219,3.269559436468967
60.17911999996219,3.26738839692365
60.18078999996219,3.265217357378276
60.182459999962184,3.263046317832959
60.18412999996218,3.2608752782875854
60.18579999996218,3.2587042387422684
60.187469999962175,3.2565331991968947
60.18913999996217,3.2543621596515777
60.19080999996217,3.252191120106204
60.19247999996217,3.250020080560887
60.194149999962164,3.24784904101557
60.19581999996216,3.245678001470253
60.19748999996216,3.2435069619248793
60.199159999962156,3.2413359223795624
60.20082999996215,3.239136441944538
60.20249999996215,3.2369081779560815
60.20416999996215,3.2346799139675113
60.205839999962144,3.2324516499790548
60.20750999996214,3.2302233859904845
60.20917999996214,3.227995122001971
60.210849999962136,3.2257668580134577
60.21251999996213,3.2235385940249444
60.21418999996213,3.221310330036431
60.21585999996213,3.2190820660479176
60.217529999962125,3.216853802059404
60.21919999996212,3.214625538070891
60.22086999996212,3.2123972740823774
60.222539999962116,3.210169010093864
60.22420999996211,3.2079407461053506
60.22587999996211,3.2057124821168372
60.22754999996211,3.2034886323130536
60.229219999962105,3.2013132408614524
60.2308899999621,3.1991646912159126
60.2325599999621,3.197016141570316
60.234229999962096,3.1948675919247194
60.23589999996209,3.192719042279066
60.23756999996209,3.1905704926334693
60.23923999996209,3.1884219429878726
60.240909999962085,3.186273393342276
60.24257999996208,3.1841248436966794
60.24424999996208,3.1819762940510827
60.24591999996208,3.179827744405486
60.247589999962074,3.1776791947598895
60.24925999996207,3.175530645114293
60.25092999996207,3.1733820954686394
60.252599999962065,3.1712335458230427
60.25426999996206,3.169084996177446
60.25593999996206,3.1669364465318495
60.25760999996206,3.164787896886253
60.259279999962054,3.162639347240656
60.26094999996205,3.1604907975950596
60.26261999996205,3.158342247949463
60.264289999962045,3.1561936983038663
60.26595999996204,3.154045148658213
60.26762999996204,3.151896599012673
60.26929999996204,3.1497480493670764
60.270969999962034,3.14759949972148
60.27263999996203,3.1454490646955833
60.27430999996203,3.1432780251502095
60.275979999962026,3.1411069856048925
60.27764999996202,3.1389359460595188
60.27931999996202,3.136764906514202
60.28098999996202,3.134593866968828
60.282659999962014,3.132422827423511
60.28432999996201,3.1302517878781373
60.28599999996201,3.1280807483328203
60.287669999962006,3.1259097087874466
60.289339999962,3.1237386692421296
60.291009999962,3.121567629696756
60.292679999962,3.119396590151439
60.294349999961995,3.117225550606122
60.29601999996199,3.115054511060805
60.29768999996199,3.112883471515431
60.299359999961986,3.1107124319701143
60.30102999996198,3.1085413924247405
60.30269999996198,3.1063703528794235
60.30436999996198,3.1041993133340497
60.306039999961975,3.102028273788733
60.30770999996197,3.099857234243359
60.30937999996197,3.097686194698042
60.311049999961966,3.095515155152725
60.31271999996196,3.093344115607408
60.31438999996196,3.0911730760620344
60.31605999996196,3.0890020365167175
60.317729999961955,3.0868309969713437
60.31939999996195,3.0846599574260267
60.32106999996195,3.082488917880653
60.32273999996195,3.080317878335336
60.324409999961944,3.078146838789962
60.32607999996194,3.0759757992445884
60.32774999996194,3.0738047596992715
60.329419999961935,3.0716337201538977
60.33108999996193,3.0694626806085807
60.33275999996193,3.067291641063207
60.33442999996193,3.06512060151789
60.336099999961924,3.062949561972516
60.33776999996192,3.0607785224271993
60.33943999996192,3.0586074828818255
60.341109999961915,3.0564364433365085
60.34277999996191,3.0542654037911916
60.34444999996191,3.052094364245818
60.34611999996191,3.049923324700501
60.347789999961904,3.047752285155127
60.3494599999619,3.04558124560981
60.3511299999619,3.0434102060644364
60.352799999961896,3.0412391665191194
60.35446999996189,3.0390681269737456
60.35613999996189,3.0368970874284287
60.35780999996189,3.034726047883055
60.359479999961884,3.032555008337795
60.36114999996188,3.030383968792421
60.36281999996188,3.028212929247047
60.364489999961876,3.0260537257029796
60.36615999996187,3.023905176057383
60.36782999996187,3.0217566264117863
60.36949999996187,3.0196080767661897
60.371169999961865,3.017459527120593
60.37283999996186,3.0153109774749964
60.37450999996186,3.0131624278294
60.376179999961856,3.011013878183803
60.37784999996185,3.0088653285382065
60.37951999996185,3.00671677889261
60.38118999996185,3.00456822924707
60.382859999961845,3.0024196796014735
60.38452999996184,3.000271129955877
60.38619999996184,2.9981225803102802
60.387869999961836,2.9959740306646268
60.38953999996183,2.99382548101903
60.39120999996183,2.9916769313734335
60.39287999996183,2.989528381727837
60.394549999961825,2.9873798320822402
60.39621999996182,2.9852312824366436
60.39788999996182,2.983082732791047
60.39955999996182,2.9809341831454503
60.401229999961814,2.978743486156816
60.40289999996181,2.9765377120680228
60.40456999996181,2.9743319379792865
60.406239999961805,2.9721261638904934
60.4079099999618,2.9699203898017004
60.4095799999618,2.967705308516088
60.4112499999618,2.9654770445275744
60.412919999961794,2.963248780539061
60.41458999996179,2.961020516550491
60.41625999996179,2.9587922525620343
60.417929999961785,2.956563988573464
60.41959999996178,2.9543357245849506
60.42126999996178,2.9521074605964372
60.42293999996178,2.949879196607924
60.424609999961774,2.9476509326194105
60.42627999996177,2.945422668630897
60.42794999996177,2.9431944046423837
60.429619999961766,2.9410102297445064
60.43128999996176,2.9388391901991326
60.43295999996176,2.9366681506538157
60.43462999996176,2.934497111108442
60.436299999961754,2.932326071563125
60.43796999996175,2.930155032017751
60.43963999996175,2.927983992472491
60.441309999961746,2.9258129529271173
60.44297999996174,2.9236419133818004
60.44464999996174,2.9214708738364266
60.44631999996174,2.9192998342911096
60.447989999961734,2.917128794745736
60.44965999996173,2.914957755200419
60.45132999996173,2.912786715655045
60.452999999961726,2.910615676109728
60.45466999996172,2.9084446365643544
60.45633999996172,2.9062735970190943
60.45800999996172,2.9041025574737205
60.459679999961715,2.9019315179284035
60.46134999996171,2.8997604783830297
60.46301999996171,2.897589438837656
60.464689999961706,2.895418399292339
60.4663599999617,2.8932473597469652
60.4680299999617,2.8910763202016483
60.4696999999617,2.8889052806562745
60.471369999961695,2.8867342411109576
60.47303999996169,2.8845632015655838
60.47470999996169,2.882392162020267
60.47637999996169,2.880221122474893
60.478049999961684,2.878050082929576
60.47971999996168,2.8758790433842023
60.48138999996168,2.8737080038388285
60.483059999961675,2.8715369642935116
60.48472999996167,2.869365924748138
60.48639999996167,2.867194885202821
60.48806999996167,2.865023845657504
60.489739999961664,2.862852806112187
60.49140999996166,2.860681766566813
60.49307999996166,2.8585107270214962
60.494749999961655,2.8563396874761224
60.49641999996165,2.8541686479308055
60.49808999996165,2.8519976083854317
60.49975999996165,2.849826568840058
60.501429999961644,2.8476747871125667
60.50309999996164,2.84552623746697
60.50476999996164,2.8433776878214303
60.506439999961636,2.8412291381758337
60.50810999996163,2.839080588530237
60.50977999996163,2.8369320388846404
60.51144999996163,2.8347834892390438
60.513119999961624,2.8326349395933903
60.51478999996162,2.8304863899477937
60.51645999996162,2.828337840302197
60.518129999961616,2.8261892906566004
60.51979999996161,2.8240407410110038
60.52146999996161,2.821892191365407
60.52313999996161,2.8197436417198105
60.524809999961604,2.817595092074214
60.5264799999616,2.8154465424286172
60.5281499999616,2.8132979927830775
60.529819999961596,2.811149443137481
60.53148999996159,2.809000893491884
60.53315999996159,2.8068523438462876
60.53482999996159,2.804703794200691
60.536499999961585,2.8025552445550375
60.53816999996158,2.800406694909441
60.53983999996158,2.798258145263844
60.541509999961576,2.7961095956182476
60.54317999996157,2.793961045972651
60.54484999996157,2.7918124963270543
60.54651999996157,2.789647217668062
60.548189999961565,2.787476178122688
60.54985999996156,2.785305138577371
60.55152999996156,2.7831340990319973
60.553199999961556,2.7809630594866803
60.554869999961554,2.7787920199413065
60.55653999996155,2.7766209803959896
60.55820999996155,2.774449940850616
60.559879999961545,2.772278901305299
60.56154999996154,2.770107861759925
60.56321999996154,2.767936822214608
60.56488999996154,2.7657657826692343
60.566559999961534,2.7635947431239174
60.56822999996153,2.7614237035786005
60.56989999996153,2.7592526640332267
60.571569999961525,2.7570816244879097
60.57323999996152,2.754910584942536
60.57490999996152,2.752739545397219
60.57657999996152,2.750568505851845
60.578249999961514,2.7483974663065283
60.57991999996151,2.7462264267611545
60.58158999996151,2.7440553872158375
60.583259999961506,2.7418843476704637
60.5849299999615,2.73971330812509
60.5865999999615,2.73754226857983
60.5882699999615,2.735371229034456
60.589939999961494,2.733200189489139
60.59160999996149,2.731039609317804
60.59327999996149,2.7288910596722076
60.594949999961486,2.726742510026611
60.59661999996148,2.7245939603810143
60.59828999996148,2.722445410735361
60.59995999996148,2.720296861089764
60.601629999961474,2.7180924576476855
60.60329999996147,2.7158866835589492
60.60496999996147,2.713680909470156
60.606639999961466,2.711475135381363
60.60830999996146,2.709269361292627
60.60997999996146,2.7070635872038338
60.61164999996146,2.7048578131150975
60.613319999961455,2.7026520390263045
60.61498999996145,2.7004462649375682
60.61665999996145,2.698240490848775
60.618329999961446,2.696034716759982
60.61999999996144,2.693828942671246
60.62166999996144,2.6916231685824528
60.62333999996144,2.6894173944936597
60.625009999961435,2.6872116204048666
60.62667999996143,2.6850058463161304
60.62834999996143,2.682800643328221
60.630019999961426,2.6806520936826246
60.631689999961424,2.678503544037028
60.63335999996142,2.676354994391488
60.63502999996142,2.6742064447458915
60.636699999961415,2.672049964530686
60.63836999996141,2.669878924985369
60.64003999996141,2.667707885439995
60.64170999996141,2.665536845894678
60.643379999961404,2.6633658063493044
60.6450499999614,2.6611947668039875
60.6467199999614,2.6590237272586137
60.648389999961395,2.6568526877132967
60.65005999996139,2.65468164816798
60.65172999996139,2.652510608622663
60.65339999996139,2.650339569077289
60.655069999961384,2.648168529531972
60.65673999996138,2.6459974899865983
60.65840999996138,2.6438264504412814
60.660079999961376,2.6416554108959076
60.66174999996137,2.6394843713505907
60.66341999996137,2.637313331805217
60.66508999996137,2.6351422922599
60.666759999961364,2.632971252714526
60.66842999996136,2.630800213169209
60.67009999996136,2.6286291736238354
60.671769999961356,2.6264581340785185
60.67343999996135,2.6242870945331447
60.67510999996135,2.6221160549878277
60.67677999996135,2.619945015442511
60.678449999961344,2.617773975897194
60.68011999996134,2.61560293635182
60.68178999996134,2.613431896806503
60.683459999961336,2.6112608572611293
60.68512999996133,2.6090898177157555
60.68679999996133,2.6069187781704386
60.68846999996133,2.604747738625065
60.690139999961325,2.602576699079748
60.69180999996132,2.600405659534374
60.69347999996132,2.598234619989057
60.695149999961316,2.5960635804436833
60.69681999996131,2.5938925408983664
60.69848999996131,2.5917215013529926
60.70015999996131,2.5895504618076757
60.701829999961305,2.587379422262302
60.7034999999613,2.585208382716928
60.7051699999613,2.583037343171611
60.706839999961296,2.5808663036262374
60.708509999961294,2.5786952640809204
60.71017999996129,2.5765242245355466
60.71184999996129,2.5743531849902297
60.713519999961285,2.572182145444856
60.71518999996128,2.570011105899596
60.71685999996128,2.567840066354222
60.71852999996128,2.565669026808905
60.720199999961274,2.5634979872635313
60.72186999996127,2.5613269477181575
60.72353999996127,2.5591559081728406
60.725209999961265,2.5569848686274668
60.72687999996126,2.55481382908215
60.72854999996126,2.5526606707273345
60.73021999996126,2.5505121210817947
60.731889999961254,2.548363571436198
60.73355999996125,2.5462150217906014
60.73522999996125,2.544066472145005
60.736899999961246,2.541917922499408
60.73856999996124,2.5397693728538115
60.74023999996124,2.537620823208215
60.74190999996124,2.5354722735626183
60.743579999961234,2.5333237239170217
60.74524999996123,2.531175174271425
60.74691999996123,2.5290266246257715
60.748589999961226,2.526878074980175
60.75025999996122,2.5247295253345783
60.75192999996122,2.5225809756890385
60.75359999996122,2.520432426043442
60.755269999961214,2.5182838763978452
60.75693999996121,2.5161353267522486
60.75860999996121,2.513986777106652
60.760279999961206,2.5118382274610553
60.7619499999612,2.5096896778154587
60.7636199999612,2.507541128169862
60.7652899999612,2.5053925785242654
60.766959999961195,2.503244028878669
60.76862999996119,2.501095479233072
60.77029999996119,2.4989469295874756
60.771969999961186,2.496798379941822
60.77363999996118,2.494634477910097
60.77530999996118,2.49246343836478
60.77697999996118,2.490292398819406
60.778649999961175,2.488121359274089
60.78031999996117,2.4859503197287722
60.78198999996117,2.4837792801834553
60.783659999961166,2.4816082406380815
60.785329999961164,2.4794372010927646
60.78699999996116,2.4772661615473908
60.78866999996116,2.475095122002017
60.790339999961155,2.4729240824567
60.79200999996115,2.4707530429113262
60.79367999996115,2.4685820033660093
60.79534999996115,2.4664109638206924
60.797019999961144,2.4642399242753754
60.79868999996114,2.4620688847300016
60.80035999996114,2.459885509377898
60.802029999961135,2.4576572453893846
60.80369999996113,2.455428981400871
60.80536999996113,2.453200717412301
60.80703999996113,2.4509724534237876
60.808709999961124,2.448744189435274
60.81037999996112,2.4465159254467608
60.81204999996112,2.4442876614582474
60.813719999961116,2.442059397469734
60.81538999996111,2.4398311334812206
60.81705999996111,2.4376028694926504
60.81872999996111,2.435374605504194
60.820399999961104,2.4331463415156236
60.8220699999611,2.430918077527167
60.8237399999611,2.428689813538597
60.825409999961096,2.4264615495500834
60.82707999996109,2.42423328556157
60.82874999996109,2.4220192991274416
60.83041999996109,2.419848259582068
60.832089999961084,2.417677220036751
60.83375999996108,2.415506180491377
60.83542999996108,2.4133351409460033
60.837099999961076,2.4111641014006864
60.83876999996107,2.4089930618553126
60.84043999996107,2.4068220223099956
60.84210999996107,2.404650982764622
60.843779999961065,2.402479943219305
60.84544999996106,2.400308903673931
60.84711999996106,2.398137864128614
60.848789999961056,2.3959668245832404
60.85045999996105,2.3937957850379235
60.85212999996105,2.3916247454925497
60.85379999996105,2.3894537059472327
60.855469999961045,2.387282666401859
60.85713999996104,2.385111626856542
60.85880999996104,2.382940587311168
60.860479999961036,2.380769547765908
60.862149999961034,2.3785985082205343
60.86381999996103,2.376430281782575
60.86548999996103,2.3742817321369785
60.867159999961025,2.372133182491382
60.86882999996102,2.369984632845785
60.87049999996102,2.3678360832001886
60.87216999996102,2.365687533554535
60.873839999961014,2.3635389839089385
60.87550999996101,2.3613904342633987
60.87717999996101,2.359241884617802
60.878849999961005,2.3570933349722054
60.880519999961,2.354944785326609
60.882189999961,2.352796235681012
60.883859999961,2.3506476860354155
60.885529999960994,2.348499136389819
60.88719999996099,2.3463505867442223
60.88886999996099,2.3442020370986256
60.890539999960986,2.342053487453029
60.89220999996098,2.3399049378074324
60.89387999996098,2.3377563881618357
60.89554999996098,2.335607838516239
60.897219999960974,2.3334592888705856
60.89888999996097,2.331310739224989
60.90055999996097,2.329162189579449
60.902229999960966,2.3270136399338526
60.90389999996096,2.324865090288256
60.90556999996096,2.3227165406426593
60.90723999996096,2.3205679909970627
60.908909999960954,2.318419157048538
60.91057999996095,2.3162481175031644
60.91224999996095,2.3140770779578475
60.913919999960946,2.3119060384124737
60.91558999996094,2.3097349988671567
60.91725999996094,2.307563959321783
60.91892999996094,2.305392919776466
60.920599999960935,2.303221880231092
60.92226999996093,2.3010508406857753
60.92393999996093,2.2988798011404015
60.925609999960926,2.2967087615950845
60.92727999996092,2.2945377220497676
60.92894999996092,2.292366682504394
60.93061999996092,2.290195642959077
60.932289999960915,2.288024603413703
60.93395999996091,2.285853563868386
60.93562999996091,2.2836825243230123
60.937299999960906,2.2815114847776954
60.938969999960904,2.2793404452323216
60.9406399999609,2.2771694056870615
60.9423099999609,2.2749983661416877
60.943979999960895,2.272827326596314
60.94564999996089,2.270656287050997
60.94731999996089,2.268485247505623
60.94898999996089,2.2663142079603062
60.950659999960884,2.2641431684149325
60.95232999996088,2.2619721288696155
60.95399999996088,2.2598010893242417
60.955669999960875,2.257630049778925
60.95733999996087,2.255459010233551
60.95900999996087,2.253287970688234
60.96067999996087,2.2511169311428603
60.962349999960864,2.2489458915975433
60.96401999996086,2.2467748520521695
60.96568999996086,2.2446038125068526
60.967359999960856,2.242432772961479
60.96902999996085,2.240261733416162
60.97069999996085,2.238090693870788
60.97236999996085,2.235919654325471
60.974039999960844,2.2337486147800973
60.97570999996084,2.2315775752347804
60.97737999996084,2.2294065356894635
60.979049999960836,2.2272354961440897
60.98071999996083,2.2250644565987727
60.98238999996083,2.222893417053399
60.98405999996083,2.220722377508082
60.985729999960824,2.218551337962708
60.98739999996082,2.2163802984173913
60.98906999996082,2.2142092588720175
60.990739999960816,2.2120382193267005
60.99240999996081,2.2098671797813267
60.99407999996081,2.20769614023601
60.99574999996081,2.205525100690636
60.997419999960805,2.203354061145319
60.9990899999608,2.2011830215999453
61.0007599999608,2.1995374724166936
61.002429999960796,2.198521128858431
61.00409999996079,2.1975047853001115
61.00576999996079,2.196488441741849
61.00743999996079,2.1954720981835294
61.009109999960785,2.1944557546252668
61.01077999996078,2.193439411067004
61.01244999996078,2.1924230675087415
61.014119999960776,2.191406723950479
61.015789999960774,2.1903903803921594
61.01745999996077,2.1893740368338968
61.01912999996077,2.1883576932755773
61.020799999960765,2.1873413497173146
61.02246999996076,2.186325006159052
61.02413999996076,2.1853086626007325
61.02580999996076,2.18429231904247
61.027479999960754,2.1832759754842073
61.02914999996075,2.1822596319259446
61.03081999996075,2.181243288367682
61.032489999960745,2.1802269448093625
61.03415999996074,2.1792106012511
61.03582999996074,2.1781942576927804
61.03749999996074,2.1771779141345178
61.039169999960734,2.1761615705761983
61.04083999996073,2.1751452270179357
61.04250999996073,2.17412888345973
61.044179999960726,2.1731125399014104
61.04584999996072,2.172103902462595
61.04751999996072,2.171110048804053
61.04918999996072,2.1701161951455106
61.050859999960714,2.169122341487025
61.05252999996071,2.168128487828426
61.05419999996071,2.1671346341699405
61.055869999960706,2.1661407805113413
61.0575399999607,2.165146926852856
61.0592099999607,2.1641530731942566
61.0608799999607,2.163159219535771
61.062549999960694,2.162165365877229
61.06421999996069,2.1611715122186865
61.06588999996069,2.160177658560144
61.067559999960686,2.159183804901602
61.06922999996068,2.1581899512430596
61.07089999996068,2.157196097584574
61.07256999996068,2.156202243925975
61.074239999960675,2.1552083902674894
61.07590999996067,2.1542145366088903
61.07757999996067,2.153220682950405
61.079249999960666,2.1522268292918625
61.08091999996066,2.15123297563332
61.08258999996066,2.150239121974778
61.08425999996066,2.1492452683162924
61.085929999960655,2.14825141465775
61.08759999996065,2.1472575609992077
61.08926999996065,2.1462637073406654
61.090939999960646,2.1452684172020327
61.092609999960644,2.14425207364377
61.09427999996064,2.1432357300854505
61.09594999996064,2.142219386527188
61.097619999960635,2.1412030429688684
61.09928999996063,2.1401866994106626
61.10095999996063,2.1391703558524
61.10262999996063,2.1381540122940805
61.104299999960624,2.137137668735818
61.10596999996062,2.1361213251774984
61.10763999996062,2.135104981619236
61.109309999960615,2.134088638060973
61.11097999996061,2.1330722945026537
61.11264999996061,2.132055950944391
61.11431999996061,2.1310396073861853
61.115989999960604,2.1300232638278658
61.1176599999606,2.129006920269603
61.1193299999606,2.1279905767112837
61.120999999960596,2.126974233153021
61.12266999996059,2.1259578895947584
61.12433999996059,2.124941546036439
61.12600999996059,2.1239252024781763
61.127679999960584,2.122908858919857
61.12934999996058,2.121892515361594
61.13101999996058,2.1208761718033884
61.132689999960576,2.119859828245069
61.13435999996057,2.1188434846868063
61.13602999996057,2.117827141128487
61.13769999996057,2.116832195145605
61.139369999960564,2.1158383414871196
61.14103999996056,2.1148444878285204
61.14270999996056,2.113850634170035
61.144379999960556,2.1128567805114926
61.14604999996055,2.1118629268529503
61.14771999996055,2.110869073194408
61.14938999996055,2.1098752195358657
61.151059999960545,2.10888136587738
61.15272999996054,2.107887512218838
61.15439999996054,2.1068936585602955
61.156069999960536,2.105899804901753
61.15773999996053,2.104905951243211
61.15940999996053,2.1039120975846686
61.16107999996053,2.102918243926183
61.162749999960525,2.101924390267584
61.16441999996052,2.1009305366090985
61.16608999996052,2.0999366829504993
61.167759999960516,2.098942829292014
61.169429999960514,2.0979489756334715
61.17109999996051,2.096955121974929
61.17276999996051,2.095961268316387
61.174439999960505,2.0949674146579014
61.1761099999605,2.093973560999302
61.1777799999605,2.0929797073408167
61.1794499999605,2.0919858536822176
61.181119999960494,2.090992000023732
61.18278999996049,2.0899981463651898
61.18445999996049,2.0890042927066474
61.186129999960485,2.088010439048105
61.18779999996048,2.087016585389563
61.18946999996048,2.0860227317310205
61.19113999996048,2.085028878072535
61.192809999960474,2.084035024413936
61.19447999996047,2.0830411707554504
61.19614999996047,2.082047317096851
61.197819999960466,2.0810534634383657
61.19948999996046,2.0800596097797666
61.20115999996046,2.079065756121281
61.20282999996046,2.0780719024627388
61.204499999960454,2.0770780488041964
61.20616999996045,2.076084195145654
61.20783999996045,2.075090341487112
61.209509999960446,2.0740964878285695
61.21117999996044,2.073102634170084
61.21284999996044,2.072108780511485
61.21451999996044,2.0711149268529994
61.216189999960434,2.0701210731944
61.21785999996043,2.0691272195359147
61.21952999996043,2.0681333658773156
61.221199999960426,2.06713951221883
61.22286999996042,2.0661456585602878
61.22453999996042,2.0651518049017454
61.22620999996042,2.064157951243203
61.227879999960415,2.063155239288051
61.22954999996041,2.062138895729788
61.23121999996041,2.0611225521715255
61.232889999960406,2.060106208613206
61.2345599999604,2.0590898650549434
61.2362299999604,2.058073521496624
61.2378999999604,2.0570571779383613
61.239569999960395,2.0560408343800987
61.24123999996039,2.055024490821779
61.24290999996039,2.0540081472635734
61.244579999960386,2.052991803705254
61.24624999996038,2.0519754601469913
61.24791999996038,2.050959116588672
61.24958999996038,2.049942773030409
61.251259999960375,2.0489264294721465
61.25292999996037,2.047910085913827
61.25459999996037,2.0468937423555644
61.25626999996037,2.045877398797245
61.257939999960364,2.0448610552389823
61.25960999996036,2.0438447116807765
61.26127999996036,2.042828368122457
61.262949999960355,2.0418120245641944
61.26461999996035,2.040795681005875
61.26628999996035,2.0397793374476123
61.26795999996035,2.0387629938893497
61.269629999960344,2.03774665033103
61.27129999996034,2.0367303067727676
61.27296999996034,2.035720292706742
61.274639999960336,2.0347264390481428
61.27630999996033,2.0337325853896573
61.27797999996033,2.032738731731058
61.27964999996033,2.0317448780725726
61.281319999960324,2.0307510244140303
61.28298999996032,2.029757170755488
61.28465999996032,2.0287633170969457
61.286329999960316,2.0277694634384034
61.28799999996031,2.026775609779861
61.28966999996031,2.0257817561213756
61.29133999996031,2.0247879024628332
61.293009999960304,2.023794048804291
61.2946799999603,2.0228001951457486
61.2963499999603,2.0218063414872063
61.298019999960296,2.020812487828721
61.29968999996029,2.0198186341701216
61.30135999996029,2.018824780511636
61.30302999996029,2.017830926853094
61.304699999960285,2.0168370731945515
61.30636999996028,2.015843219536009
61.30803999996028,2.014849365877467
61.309709999960276,2.0138555122189246
61.31137999996027,2.012861658560439
61.31304999996027,2.01186780490184
61.31471999996027,2.0108739512433544
61.316389999960265,2.0098800975847553
61.31805999996026,2.00888624392627
61.31972999996026,2.0078923902677275
61.321399999960256,2.006898536609185
61.32306999996025,2.005904682950643
61.32473999996025,2.0049108292921005
61.32640999996025,2.003916975633558
61.328079999960245,2.002923121975016
61.32974999996024,2.0019292683165304
61.33141999996024,2.000935414657988
61.33308999996024,1.9999415609994458
61.334759999960234,1.9989477073409034
61.33642999996023,1.9979538536823611
61.33809999996023,1.9969600000238188
61.339769999960225,1.9959661463653333
61.34143999996022,1.9949722927067342
61.34310999996022,1.9939784390482487
61.34477999996022,1.9929845853896495
61.346449999960214,1.991990731731164
61.34811999996021,1.9909968780726217
61.34978999996021,1.9900030244140794
61.351459999960205,1.989009170755594
61.3531299999602,1.9880153170969947
61.3547999999602,1.9870214634385093
61.3564699999602,1.98602760977991
61.358139999960194,1.9850337561214246
61.35980999996019,1.9840399024628823
61.36147999996019,1.98304604880434
61.363149999960186,1.9820521951457977
61.36481999996018,1.981042061374069
61.36648999996018,1.9800257178158063
61.36815999996018,1.9790093742574868
61.369829999960174,1.9779930306992242
61.37149999996017,1.9769766871409615
61.37316999996017,1.975960343582642
61.374839999960166,1.9749440000243794
61.37650999996016,1.9739276564661168
61.37817999996016,1.9729113129078542
61.37984999996016,1.9718949693495915
61.381519999960155,1.970878625791272
61.38318999996015,1.9698622822330094
61.38485999996015,1.96884593867469
61.386529999960146,1.9678295951164273
61.38819999996014,1.9668132515581647
61.38986999996014,1.9657969079998452
61.39153999996014,1.9647805644415826
61.393209999960135,1.96376422088332
61.39487999996013,1.9627478773250004
61.39654999996013,1.9617315337667378
61.398219999960126,1.9607151902084183
61.39988999996012,1.9596988466502125
61.40155999996012,1.95868250309195
61.40322999996012,1.9576661595336304
61.404899999960115,1.9566498159753678
61.40656999996011,1.9556334724170483
61.40823999996011,1.9546171288587857
61.40990999996011,1.9536145366092796
61.411579999960104,1.9526206829506805
61.4132499999601,1.951626829292195
61.4149199999601,1.9506329756335958
61.416589999960095,1.9496391219751104
61.41825999996009,1.948645268316568
61.41992999996009,1.9476514146580257
61.42159999996009,1.9466575609994834
61.423269999960084,1.945663707340998
61.42493999996008,1.9446698536823988
61.42660999996008,1.9436760000239133
61.428279999960075,1.942682146365314
61.42994999996007,1.9416882927068286
61.43161999996007,1.9406944390483432
61.43328999996007,1.939700585389744
61.434959999960064,1.9387067317312585
61.43662999996006,1.9377128780726594
61.43829999996006,1.9367190244141739
61.439969999960056,1.9357251707556316
61.44163999996005,1.9347313170970892
61.44330999996005,1.933737463438547
61.44497999996005,1.9327436097800046
61.446649999960044,1.9317497561214623
61.44831999996004,1.9307559024629768
61.44998999996004,1.9297620488043776
61.451659999960036,1.9287681951458922
61.45332999996003,1.9277743414873498
61.45499999996003,1.9267804878288075
61.45666999996003,1.9257866341702652
61.458339999960025,1.9247927805117229
61.46000999996002,1.9237989268531805
61.46167999996002,1.922805073194695
61.463349999960016,1.921811219536096
61.46501999996001,1.9208173658776104
61.46668999996001,1.919823512219068
61.46835999996001,1.9188296585605258
61.470029999960005,1.9178358049020403
61.47169999996,1.9168419512434411
61.47336999996,1.9158480975849557
61.475039999959996,1.9148542439263565
61.47670999995999,1.913860390267871
61.47837999995999,1.9128665366093287
61.48004999995999,1.9118726829507864
61.481719999959985,1.910878829292244
61.48338999995998,1.9098849756337017
61.48505999995998,1.9088911219752163
61.48672999995998,1.907897268316674
61.488399999959974,1.9069034146581316
61.49006999995997,1.9059095609995893
61.49173999995997,1.9049157073411038
61.493409999959965,1.9039218536825047
61.49507999995996,1.9029280000240192
61.49674999995996,1.90193414636542
61.49841999995996,1.9009402927069345
61.500089999959954,1.8999452270184065
61.50175999995995,1.8989288834601439
61.50342999995995,1.8979125399018812
61.505099999959945,1.8968961963435618
61.50676999995994,1.8958798527852991
61.50843999995994,1.8948635092270365
61.51010999995994,1.893847165668717
61.511779999959934,1.8928308221104544
61.51344999995993,1.891814478552135
61.51511999995993,1.8907981349938723
61.516789999959926,1.8897817914355528
61.51845999995992,1.8887654478772902
61.52012999995992,1.8877491043190275
61.52179999995992,1.886732760760708
61.523469999959914,1.8857164172024454
61.52513999995991,1.8847000736441828
61.52680999995991,1.8836837300859202
61.528479999959906,1.8826673865276575
61.5301499999599,1.881651042969338
61.5318199999599,1.8806346994110754
61.5334899999599,1.879618355852756
61.535159999959895,1.8786020122944933
61.53682999995989,1.8775856687361738
61.53849999995989,1.8765693251779112
61.540169999959886,1.8755529816196486
61.54183999995988,1.874536638061329
61.54350999995988,1.8735202945030665
61.54517999995988,1.872503950944747
61.546849999959875,1.8715087805118173
61.54851999995987,1.870514926853275
61.55018999995987,1.8695210731947327
61.551859999959866,1.8685272195362472
61.55352999995986,1.867533365877648
61.55519999995986,1.8665395122191626
61.55686999995986,1.8655456585605634
61.558539999959855,1.864551804902078
61.56020999995985,1.8635579512435356
61.56187999995985,1.8625640975849933
61.56354999995985,1.861570243926451
61.565219999959844,1.8605763902679087
61.56688999995984,1.8595825366093663
61.56855999995984,1.8585886829508809
61.570229999959835,1.8575948292923385
61.57189999995983,1.8566009756337962
61.57356999995983,1.855607121975254
61.57523999995983,1.8546132683167116
61.576909999959824,1.853619414658226
61.57857999995982,1.852625560999627
61.58024999995982,1.8516317073411415
61.581919999959815,1.8506378536825991
61.58358999995981,1.8496440000240568
61.58525999995981,1.8486501463655145
61.58692999995981,1.8476562927069722
61.588599999959804,1.8466624390484867
61.5902699999598,1.8456685853899444
61.5919399999598,1.844659828245483
61.593609999959796,1.8436434846872203
61.59527999995979,1.8426271411289008
61.59694999995979,1.8416107975706382
61.59861999995979,1.8405944540123755
61.600289999959784,1.839578110454056
61.60195999995978,1.8385617668957934
61.60362999995978,1.837545423337474
61.605299999959776,1.8365290797792113
61.60696999995977,1.8355127362209487
61.60863999995977,1.8344963926626292
61.61030999995977,1.8334800491043666
61.611979999959765,1.8324637055461608
61.61364999995976,1.8314473619878413
61.61531999995976,1.8304310184295787
61.616989999959756,1.8294146748712592
61.61865999995975,1.8283983313129966
61.62032999995975,1.827381987754734
61.62199999995975,1.8263656441964145
61.623669999959745,1.8253493006381518
61.62533999995974,1.8243329570798323
61.62700999995974,1.8233166135215697
61.628679999959736,1.822300269963307
61.63034999995973,1.8212839264049876
61.63201999995973,1.820267582846725
61.63368999995973,1.8192512392884055
61.635359999959725,1.8182348957301997
61.63702999995972,1.8172309268533695
61.63869999995972,1.8162370731948272
61.64036999995972,1.8152432195363417
61.642039999959714,1.8142493658777425
61.64370999995971,1.813255512219257
61.64537999995971,1.812261658560658
61.647049999959705,1.8112678049021724
61.6487199999597,1.81027395124363
61.6503899999597,1.8092800975850878
61.6520599999597,1.8082862439265455
61.653729999959694,1.8072923902680031
61.65539999995969,1.8062985366094608
61.65706999995969,1.8053046829509185
61.658739999959685,1.8043108292923762
61.66040999995968,1.8033169756338907
61.66207999995968,1.8023231219752915
61.66374999995968,1.801329268316806
61.665419999959674,1.800335414658207
61.66708999995967,1.7993415609997214
61.66875999995967,1.798347707341179
61.670429999959666,1.7973538536826368
61.67209999995966,1.7963600000240945
61.67376999995966,1.7953661463655521
61.67543999995966,1.7943722927070098
61.677109999959654,1.7933784390484675
61.67877999995965,1.7923845853899252
61.68044999995965,1.7913907317314397
61.682119999959646,1.7903968780728405
61.68378999995964,1.789403024414355
61.68545999995964,1.788409170755756
61.68712999995964,1.7874153170972704
61.688799999959635,1.786421463438785
61.69046999995963,1.7854276097801858
61.69213999995963,1.7844337561217003
61.693809999959626,1.7834399024631011
61.69547999995962,1.7824460488046157
61.69714999995962,1.7814521951460733
61.69881999995962,1.780458341487531
61.700489999959615,1.7794644878289887
61.70215999995961,1.7784706341704464
61.70382999995961,1.777476780511904
61.705499999959606,1.7764829268534186
61.7071699999596,1.7754890731948763
61.7088399999596,1.774495219536334
61.7105099999596,1.7735013658778485
61.712179999959595,1.7725075122192493
61.71384999995959,1.7715136585607638
61.71551999995959,1.7705198049021647
61.71718999995959,1.7695259512436792
61.718859999959584,1.7685320975851369
61.72052999995958,1.7675382439265945
61.72219999995958,1.7665443902680522
61.723869999959575,1.76555053660951
61.72553999995957,1.7645566829510244
61.72720999995957,1.763562829292482
61.72887999995957,1.7625466503314442
61.730549999959564,1.7615303067731816
61.73221999995956,1.760513963214862
61.73388999995956,1.7594976196565995
61.735559999959555,1.7584812760983368
61.73722999995955,1.7574649325400742
61.73889999995955,1.7564485889818116
61.74056999995955,1.755432245423549
61.742239999959544,1.7544159018652294
61.74390999995954,1.7533995583069668
61.74557999995954,1.7523832147486473
61.747249999959536,1.7513668711903847
61.74891999995953,1.750350527632122
61.75058999995953,1.7493341840738026
61.75225999995953,1.74831784051554
61.753929999959524,1.7473014969572205
61.75559999995952,1.7462851533989578
61.75726999995952,1.7452688098406952
61.758939999959516,1.7442524662823757
61.76060999995951,1.74323612272417
61.76227999995951,1.7422197791658505
61.76394999995951,1.7412034356075878
61.765619999959505,1.7401870920493252
61.7672899999595,1.7391707484910057
61.7689599999595,1.738154404932743
61.770629999959496,1.7371380613744805
61.77229999995949,1.736121717816161
61.77396999995949,1.735125170755964
61.77563999995949,1.734131317097365
61.777309999959485,1.7331374634388794
61.77897999995948,1.732143609780337
61.78064999995948,1.7311497561217948
61.782319999959476,1.7301559024632525
61.78398999995947,1.7291620488047101
61.78565999995947,1.7281681951461678
61.78732999995947,1.7271743414876823
61.788999999959465,1.7261804878290832
61.79066999995946,1.7251866341705977
61.79233999995946,1.7241927805120554
61.79400999995946,1.723198926853513
61.795679999959454,1.7222050731950276
61.79734999995945,1.7212112195364284
61.79901999995945,1.720217365877943
61.800689999959445,1.7192235122194006
61.80235999995944,1.7182296585608583
61.80402999995944,1.717235804902316
61.80569999995944,1.7162419512437737
61.807369999959434,1.7152480975852313
61.80903999995943,1.7142542439267459
61.81070999995943,1.7132603902682035
61.812379999959425,1.7122665366096612
61.81404999995942,1.711272682951119
61.81571999995942,1.7102788292925766
61.81738999995942,1.709284975634091
61.819059999959414,1.708291121975492
61.82072999995941,1.7072972683170065
61.82239999995941,1.7063034146584073
61.824069999959406,1.7053095609999218
61.8257399999594,1.7043157073413226
61.8274099999594,1.7033218536828372
61.8290799999594,1.7023280000242949
61.830749999959394,1.7013341463657525
61.83241999995939,1.7003402927072102
61.83408999995939,1.699346439048668
61.835759999959386,1.6983525853901256
61.83742999995938,1.69735873173164
61.83909999995938,1.696364878073041
61.84076999995938,1.6953710244145554
61.842439999959375,1.6943771707559563
61.84410999995937,1.6933833170974708
61.84577999995937,1.6923894634388716
61.847449999959366,1.6913956097803862
61.84911999995936,1.6904017561218438
61.85078999995936,1.6894079024633015
61.85245999995936,1.6884140488047592
61.854129999959355,1.6874201951462169
61.85579999995935,1.6864263414877314
61.85746999995935,1.685432487829189
61.859139999959346,1.6844386341706468
61.86080999995934,1.6834447805121044
61.86247999995934,1.6824509268535621
61.86414999995934,1.6814498159757818
61.865819999959335,1.6804334724174623
61.86748999995933,1.6794171288591997
61.86915999995933,1.678400785300937
61.87082999995933,1.6773844417426176
61.872499999959324,1.676368098184355
61.87416999995932,1.6753517546260355
61.87583999995932,1.6743354110677728
61.877509999959315,1.6733190675095102
61.87917999995931,1.6723027239511907
61.88084999995931,1.671286380392928
61.88251999995931,1.6702700368346086
61.884189999959304,1.669253693276346
61.8858599999593,1.6682373497181402
61.8875299999593,1.6672210061598207
61.889199999959295,1.666204662601558
61.89086999995929,1.6651883190432955
61.89253999995929,1.664171975484976
61.89420999995929,1.6631556319267133
61.895879999959284,1.6621392883683939
61.89754999995928,1.6611229448101312
61.89921999995928,1.6601066012518686
61.900889999959276,1.6590902576935491
61.90255999995927,1.6580739141352865
61.90422999995927,1.657057570576967
61.90589999995927,1.6560412270187044
61.907569999959264,1.6550248834604417
61.90923999995926,1.6540132683169873
61.91090999995926,1.6530194146585018
61.912579999959256,1.6520255609999026
61.91424999995925,1.6510317073414171
61.91591999995925,1.6500378536828748
61.91758999995925,1.6490440000243325
61.919259999959245,1.6480501463657902
61.92092999995924,1.6470562927072478
61.92259999995924,1.6460624390487055
61.924269999959236,1.64506858539022
61.92593999995923,1.6440747317316209
61.92760999995923,1.6430808780731354
61.92927999995923,1.64208702441465
61.930949999959225,1.6410931707560508
61.93261999995922,1.6400993170975653
61.93428999995922,1.6391054634389661
61.935959999959216,1.6381116097804806
61.93762999995921,1.6371177561219383
61.93929999995921,1.636123902463396
61.94096999995921,1.6351300488048537
61.942639999959205,1.6341361951463114
61.9443099999592,1.633142341487769
61.9459799999592,1.6321484878292836
61.9476499999592,1.6311546341707412
61.949319999959194,1.630160780512199
61.95098999995919,1.6291669268536566
61.95265999995919,1.6281730731951143
61.954329999959185,1.627179219536572
61.95599999995918,1.6261853658780296
61.95766999995918,1.6251915122195442
61.95933999995918,1.624197658560945
61.961009999959174,1.6232038049024595
61.96267999995917,1.6222099512438604
61.96434999995917,1.6212160975853749
61.966019999959165,1.6202222439268326
61.96768999995916,1.6192283902682902
61.96935999995916,1.618234536609748
61.97102999995916,1.6172406829512056
61.972699999959154,1.6162468292926633
61.97436999995915,1.615252975634121
61.97603999995915,1.6142591219755786
61.977709999959146,1.6132652683170932
61.97937999995914,1.612271414658494
61.98104999995914,1.6112775610000085
61.98271999995914,1.6102837073414094
61.984389999959134,1.6092898536829239
61.98605999995913,1.6082960000243816
61.98772999995913,1.6073021463658392
61.989399999959126,1.606308292707297
61.99106999995912,1.6053144390487546
61.99273999995912,1.6043205853902123
61.99440999995912,1.60332673173167
61.996079999959115,1.6023328780731845
61.99774999995911,1.6013390244146422
61.99941999995911,1.6003451707560998
62.001089999959106,1.599999999999966
62.0027599999591,1.599999999999966
62.0044299999591,1.599999999999966
62.0060999999591,1.599999999999966
62.007769999959095,1.599999999999966
62.00943999995909,1.599999999999966
62.01110999995909,1.599999999999966
62.012779999959086,1.599999999999966
62.01444999995908,1.6000000000000227
62.01611999995908,1.599999999999966
62.01778999995908,1.599999999999966
62.019459999959075,1.6000000000000227
62.02112999995907,1.599999999999966
62.02279999995907,1.6000000000000227
62.02446999995907,1.599999999999966
62.026139999959064,1.599999999999966
62.02780999995906,1.6000000000000227
62.02947999995906,1.599999999999966
62.031149999959055,1.6000000000000227
62.03281999995905,1.599999999999966
62.03448999995905,1.6000000000000227
62.03615999995905,1.6000000000000227
62.037829999959044,1.599999999999966
62.03949999995904,1.6000000000000227
62.04116999995904,1.599999999999966
62.042839999959035,1.6000000000000227
62.04450999995903,1.6000000000000227
62.04617999995903,1.599999999999966
62.04784999995903,1.6000000000000227
62.049519999959024,1.6000000000000227
62.05118999995902,1.6000000000000227
62.05285999995902,1.6000000000000227
62.054529999959016,1.6000000000000227
62.05619999995901,1.6000000000000227
62.05786999995901,1.6000000000000227
62.05953999995901,1.6000000000000227
62.061209999959004,1.6000000000000227
62.062879999959,1.6000000000000227
62.064549999959,1.6000000000000227
62.066219999958996,1.6000000000000227
62.06788999995899,1.6000000000000227
62.06955999995899,1.6000000000000227
62.07122999995899,1.6000000000000227
62.072899999958985,1.6000000000000227
62.07456999995898,1.6000000000000227
62.07623999995898,1.6000000000000227
62.077909999958976,1.6000000000000227
62.07957999995897,1.6000000000000227
62.08124999995897,1.6000000000000227
62.08291999995897,1.6000000000000227
62.084589999958965,1.6000000000000227
62.08625999995896,1.6000000000000227
62.08792999995896,1.6000000000000227
62.089599999958956,1.6000000000000227
62.09126999995895,1.6000000000000227
62.09293999995895,1.6000000000000227
62.09460999995895,1.6000000000000227
62.096279999958945,1.6000000000000227
62.09794999995894,1.6000000000000227
62.09961999995894,1.6000000000000227
62.10128999995894,1.6000000000000227
62.102959999958934,1.6000000000000227
62.10462999995893,1.6000000000000227
62.10629999995893,1.6000000000000227
62.107969999958925,1.6000000000000227
62.10963999995892,1.6000000000000227
62.11130999995892,1.6000000000000227
62.11297999995892,1.6000000000000227
62.114649999958914,1.6000000000000227
62.11631999995891,1.6000000000000227
62.11798999995891,1.6000000000000227
62.119659999958905,1.6000000000000227
62.1213299999589,1.6000000000000227
62.1229999999589,1.6000000000000227
62.1246699999589,1.6000000000000227
62.126339999958894,1.6000000000000227
62.12800999995889,1.6000000000000227
62.12967999995889,1.6000000000000227
62.131349999958886,1.6000000000000227
62.13301999995888,1.6000000000000227
62.13468999995888,1.6000000000000227
62.13635999995888,1.6000000000000227
62.138029999958874,1.6000000000000227
62.13969999995887,1.6000000000000227
62.14136999995887,1.6000000000000227
62.143039999958866,1.599999999999966
62.14470999995886,1.6000000000000227
62.14637999995886,1.6000000000000227
62.14804999995886,1.599999999999966
62.149719999958855,1.6000000000000227
62.15138999995885,1.599999999999966
62.15305999995885,1.6000000000000227
62.154729999958846,1.6000000000000227
62.15639999995884,1.599999999999966
62.15806999995884,1.6000000000000227
62.15973999995884,1.599999999999966
62.161409999958835,1.6000000000000227
62.16307999995883,1.599999999999966
62.16474999995883,1.599999999999966
62.166419999958826,1.6000000000000227
62.16808999995882,1.599999999999966
62.16975999995882,1.6000000000000227
62.17142999995882,1.599999999999966
62.173099999958815,1.599999999999966
62.17476999995881,1.6000000000000227
62.17643999995881,1.599999999999966
62.17810999995881,1.599999999999966
62.179779999958804,1.599999999999966
62.1814499999588,1.599999999999966
62.1831199999588,1.599999999999966
62.184789999958795,1.599999999999966
62.18645999995879,1.599999999999966
62.18812999995879,1.599999999999966
62.18979999995879,1.599999999999966
62.191469999958784,1.599999999999966
62.19313999995878,1.599999999999966
62.19480999995878,1.599999999999966
62.196479999958775,1.599999999999966
62.19814999995877,1.599999999999966
62.19981999995877,1.599999999999966
62.20148999995877,1.599999999999966
62.203159999958764,1.6000000000000227
62.20482999995876,1.599999999999966
62.20649999995876,1.599999999999966
62.208169999958756,1.6000000000000227
62.20983999995875,1.599999999999966
62.21150999995875,1.6000000000000227
62.21317999995875,1.599999999999966
62.214849999958744,1.599999999999966
62.21651999995874,1.6000000000000227
62.21818999995874,1.599999999999966
62.219859999958736,1.6000000000000227
62.22152999995873,1.599999999999966
62.22319999995873,1.6000000000000227
62.22486999995873,1.6000000000000227
62.226539999958725,1.599999999999966
62.22820999995872,1.6000000000000227
62.22987999995872,1.599999999999966
62.231549999958716,1.6000000000000227
62.23321999995871,1.6000000000000227
62.23488999995871,1.599999999999966
62.23655999995871,1.6000000000000227
62.238229999958705,1.6000000000000227
62.2398999999587,1.6000000000000227
62.2415699999587,1.6000000000000227
62.243239999958696,1.6000000000000227
62.24490999995869,1.6000000000000227
62.24657999995869,1.6000000000000227
62.24824999995869,1.6000000000000227
62.249919999958685,1.6000000000000227
62.25158999995868,1.6000000000000227
62.25325999995868,1.6000000000000227
62.25492999995868,1.6000000000000227
62.256599999958674,1.6000000000000227
62.25826999995867,1.6000000000000227
62.25993999995867,1.6000000000000227
62.261609999958665,1.6000000000000227
62.26327999995866,1.599999999999966
62.26494999995866,1.6000000000000227
62.26661999995866,1.6000000000000227
62.268289999958654,1.599999999999966
62.26995999995865,1.6000000000000227
62.27162999995865,1.599999999999966
62.273299999958645,1.6000000000000227
62.27496999995864,1.6000000000000227
62.27663999995864,1.599999999999966
62.27830999995864,1.6000000000000227
62.279979999958634,1.599999999999966
62.28164999995863,1.6000000000000227
62.28331999995863,1.599999999999966
62.284989999958626,1.599999999999966
62.28665999995862,1.6000000000000227
62.28832999995862,1.599999999999966
62.28999999995862,1.6000000000000227
62.291669999958614,1.599999999999966
62.29333999995861,1.599999999999966
62.29500999995861,1.6000000000000227
62.296679999958606,1.599999999999966
62.2983499999586,1.599999999999966
62.3000199999586,1.599999999999966
62.3016899999586,1.599999999999966
62.303359999958595,1.599999999999966
62.30502999995859,1.599999999999966
62.30669999995859,1.599999999999966
62.308369999958586,1.599999999999966
62.31003999995858,1.599999999999966
62.31170999995858,1.599999999999966
62.31337999995858,1.599999999999966
62.315049999958575,1.599999999999966
62.31671999995857,1.599999999999966
62.31838999995857,1.599999999999966
62.320059999958566,1.599999999999966
62.32172999995856,1.599999999999966
62.32339999995856,1.6000000000000227
62.32506999995856,1.599999999999966
62.326739999958555,1.599999999999966
62.32840999995855,1.6000000000000227
62.33007999995855,1.599999999999966
62.33174999995855,1.6000000000000227
62.333419999958544,1.599999999999966
62.33508999995854,1.599999999999966
62.33675999995854,1.6000000000000227
62.338429999958535,1.599999999999966
62.34009999995853,1.6000000000000227
62.34176999995853,1.599999999999966
62.34343999995853,1.599999999999966
62.345109999958524,1.6000000000000227
62.34677999995852,1.599999999999966
62.34844999995852,1.6000000000000227
62.350119999958515,1.599999999999966
62.35178999995851,1.6000000000000227
62.35345999995851,1.6000000000000227
62.35512999995851,1.599999999999966
62.356799999958504,1.6000000000000227
62.3584699999585,1.599999999999966
62.3601399999585,1.6000000000000227
62.361809999958496,1.6000000000000227
62.36347999995849,1.599999999999966
62.36514999995849,1.6000000000000227
62.36681999995849,1.6000000000000227
62.368489999958484,1.6000000000000227
62.37015999995848,1.6000000000000227
62.37182999995848,1.6000000000000227
62.373499999958476,1.6000000000000227
62.37516999995847,1.6000000000000227
62.37683999995847,1.6000000000000227
62.37850999995847,1.6000000000000227
62.380179999958465,1.6000000000000227
62.38184999995846,1.6000000000000227
62.38351999995846,1.6000000000000227
62.385189999958456,1.6000000000000227
62.38685999995845,1.6000000000000227
62.38852999995845,1.6000000000000227
62.39019999995845,1.6000000000000227
62.391869999958445,1.6000000000000227
62.39353999995844,1.6000000000000227
62.39520999995844,1.6000000000000227
62.396879999958436,1.6000000000000227
62.39854999995843,1.6000000000000227
62.40021999995843,1.6000000000000227
62.40188999995843,1.6000000000000227
62.403559999958425,1.6000000000000227
62.40522999995842,1.6000000000000227
62.40689999995842,1.6000000000000227
62.40856999995842,1.6000000000000227
62.410239999958414,1.6000000000000227
62.41190999995841,1.6000000000000227
62.41357999995841,1.6000000000000227
62.415249999958405,1.6000000000000227
62.4169199999584,1.6000000000000227
62.4185899999584,1.6000000000000227
62.4202599999584,1.6000000000000227
62.421929999958394,1.6000000000000227
62.42359999995839,1.6000000000000227
62.42526999995839,1.6000000000000227
62.426939999958385,1.6000000000000227
62.42860999995838,1.6000000000000227
62.43027999995838,1.6000000000000227
62.43194999995838,1.6000000000000227
62.433619999958374,1.6000000000000227
62.43528999995837,1.6000000000000227
62.43695999995837,1.6000000000000227
62.438629999958366,1.6000000000000227
62.44029999995836,1.6000000000000227
62.44196999995836,1.6000000000000227
62.44363999995836,1.6000000000000227
62.445309999958354,1.6000000000000227
62.44697999995835,1.6000000000000227
62.44864999995835,1.6000000000000227
62.450319999958346,1.6000000000000227
62.45198999995834,1.599999999999966
62.45365999995834,1.6000000000000227
62.45532999995834,1.6000000000000227
62.456999999958335,1.599999999999966
62.45866999995833,1.6000000000000227
62.46033999995833,1.599999999999966
62.462009999958326,1.6000000000000227
62.46367999995832,1.6000000000000227
62.46534999995832,1.599999999999966
62.46701999995832,1.6000000000000227
62.468689999958315,1.599999999999966
62.47035999995831,1.6000000000000227
62.47202999995831,1.599999999999966
62.473699999958306,1.599999999999966
62.4753699999583,1.6000000000000227
62.4770399999583,1.599999999999966
62.4787099999583,1.6000000000000227
62.480379999958295,1.599999999999966
62.48204999995829,1.599999999999966
62.48371999995829,1.6000000000000227
62.48538999995829,1.599999999999966
62.487059999958284,1.599999999999966
62.48872999995828,1.599999999999966
62.49039999995828,1.599999999999966
62.492069999958275,1.599999999999966
62.49373999995827,1.599999999999966
62.49540999995827,1.599999999999966
62.49707999995827,1.599999999999966
62.498749999958264,1.599999999999966
62.50041999995826,1.599999999999966
62.50208999995826,1.599999999999966
62.503759999958255,1.599999999999966
62.50542999995825,1.599999999999966
62.50709999995825,1.599999999999966
62.50876999995825,1.599999999999966
62.510439999958244,1.599999999999966
62.51210999995824,1.6000000000000227
62.51377999995824,1.599999999999966
62.515449999958236,1.599999999999966
62.51711999995823,1.6000000000000227
62.51878999995823,1.599999999999966
62.52045999995823,1.6000000000000227
62.522129999958224,1.599999999999966
62.52379999995822,1.599999999999966
62.52546999995822,1.6000000000000227
62.527139999958216,1.599999999999966
62.52880999995821,1.6000000000000227
62.53047999995821,1.599999999999966
62.53214999995821,1.6000000000000227
62.533819999958205,1.6000000000000227
62.5354899999582,1.599999999999966
62.5371599999582,1.6000000000000227
62.538829999958196,1.599999999999966
62.54049999995819,1.6000000000000227
62.54216999995819,1.6000000000000227
62.54383999995819,1.599999999999966
62.545509999958185,1.6000000000000227
62.54717999995818,1.6000000000000227
62.54884999995818,1.6000000000000227
62.550519999958176,1.6000000000000227
62.55218999995817,1.6000000000000227
62.55385999995817,1.6000000000000227
62.55552999995817,1.6000000000000227
62.557199999958165,1.6000000000000227
62.55886999995816,1.6000000000000227
62.56053999995816,1.6000000000000227
62.56220999995816,1.6000000000000227
62.563879999958154,1.6000000000000227
62.56554999995815,1.6000000000000227
62.56721999995815,1.6000000000000227
62.568889999958145,1.6000000000000227
62.57055999995814,1.6000000000000227
62.57222999995814,1.6000000000000227
62.57389999995814,1.6000000000000227
62.575569999958134,1.6000000000000227
62.57723999995813,1.6000000000000227
62.57890999995813,1.6000000000000227
62.580579999958125,1.599999999999966
62.58224999995812,1.6000000000000227
62.58391999995812,1.6000000000000227
62.58558999995812,1.599999999999966
62.587259999958114,1.6000000000000227
62.58892999995811,1.599999999999966
62.59059999995811,1.6000000000000227
62.592269999958106,1.6000000000000227
62.5939399999581,1.599999999999966
62.5956099999581,1.6000000000000227
62.5972799999581,1.599999999999966
62.598949999958094,1.6000000000000227
62.60061999995809,1.599999999999966
62.60228999995809,1.599999999999966
62.603959999958086,1.6000000000000227
62.60562999995808,1.599999999999966
62.60729999995808,1.6000000000000227
62.60896999995808,1.599999999999966
62.610639999958074,1.599999999999966
62.61230999995807,1.6000000000000227
62.61397999995807,1.599999999999966
62.615649999958066,1.599999999999966
62.61731999995806,1.599999999999966
62.61898999995806,1.599999999999966
62.62065999995806,1.599999999999966
62.622329999958055,1.599999999999966
62.62399999995805,1.599999999999966
62.62566999995805,1.599999999999966
62.627339999958046,1.599999999999966
62.62900999995804,1.599999999999966
62.63067999995804,1.599999999999966
62.63234999995804,1.599999999999966
62.634019999958035,1.599999999999966
62.63568999995803,1.599999999999966
62.63735999995803,1.599999999999966
62.63902999995803,1.599999999999966
62.640699999958024,1.6000000000000227
62.64236999995802,1.599999999999966
62.64403999995802,1.599999999999966
62.645709999958015,1.6000000000000227
62.64737999995801,1.599999999999966
62.64904999995801,1.6000000000000227
62.65071999995801,1.599999999999966
62.652389999958004,1.599999999999966
62.654059999958,1.6000000000000227
62.655729999958,1.599999999999966
62.657399999957995,1.6000000000000227
62.65906999995799,1.599999999999966
62.66073999995799,1.6000000000000227
62.66240999995799,1.6000000000000227
62.664079999957984,1.599999999999966
62.66574999995798,1.6000000000000227
62.66741999995798,1.599999999999966
62.669089999957976,1.6000000000000227
62.67075999995797,1.6000000000000227
62.67242999995797,1.599999999999966
62.67409999995797,1.6000000000000227
62.675769999957964,1.6000000000000227
62.67743999995796,1.6000000000000227
62.67910999995796,1.6000000000000227
62.680779999957956,1.6000000000000227
62.68244999995795,1.6000000000000227
62.68411999995795,1.6000000000000227
62.68578999995795,1.6000000000000227
62.687459999957944,1.6000000000000227
62.68912999995794,1.6000000000000227
62.69079999995794,1.6000000000000227
62.692469999957936,1.6000000000000227
62.69413999995793,1.6000000000000227
62.69580999995793,1.6000000000000227
62.69747999995793,1.6000000000000227
62.699149999957925,1.6000000000000227
62.70081999995792,1.6000000000000227
62.70248999995792,1.6000000000000227
62.704159999957916,1.6000000000000227
62.70582999995791,1.6000000000000227
62.70749999995791,1.6000000000000227
62.70916999995791,1.6000000000000227
62.710839999957905,1.6000000000000227
62.7125099999579,1.6000000000000227
62.7141799999579,1.6000000000000227
62.715849999957896,1.6000000000000227
62.717519999957894,1.6000000000000227
62.71918999995789,1.6000000000000227
62.72085999995789,1.6000000000000227
62.722529999957885,1.6000000000000227
62.72419999995788,1.6000000000000227
62.72586999995788,1.6000000000000227
62.72753999995788,1.6000000000000227
62.729209999957874,1.6000000000000227
62.73087999995787,1.6000000000000227
62.73254999995787,1.6000000000000227
62.734219999957865,1.6000000000000227
62.73588999995786,1.6000000000000227
62.73755999995786,1.6000000000000227
62.73922999995786,1.6000000000000227
62.740899999957854,1.6000000000000227
62.74256999995785,1.6000000000000227
62.74423999995785,1.6000000000000227
62.745909999957846,1.6000000000000227
62.74757999995784,1.6000000000000227
62.74924999995784,1.6000000000000227
62.75091999995784,1.6000000000000227
62.752589999957834,1.6000000000000227
62.75425999995783,1.6000000000000227
62.75592999995783,1.6000000000000227
62.757599999957826,1.6000000000000227
62.75926999995782,1.6000000000000227
62.76093999995782,1.599999999999966
62.76260999995782,1.6000000000000227
62.764279999957814,1.6000000000000227
62.76594999995781,1.599999999999966
62.76761999995781,1.6000000000000227
62.769289999957806,1.599999999999966
62.7709599999578,1.6000000000000227
62.7726299999578,1.6000000000000227
62.7742999999578,1.599999999999966
62.775969999957795,1.6000000000000227
62.77763999995779,1.599999999999966
62.77930999995779,1.6000000000000227
62.780979999957786,1.6000000000000227
62.78264999995778,1.599999999999966
62.78431999995778,1.6000000000000227
62.78598999995778,1.599999999999966
62.787659999957775,1.6000000000000227
62.78932999995777,1.599999999999966
62.79099999995777,1.599999999999966
62.792669999957766,1.6000000000000227
62.794339999957764,1.599999999999966
62.79600999995776,1.6000000000000227
62.79767999995776,1.599999999999966
62.799349999957755,1.599999999999966
62.80101999995775,1.6000000000000227
62.80268999995775,1.599999999999966
62.80435999995775,1.599999999999966
62.806029999957744,1.599999999999966
62.80769999995774,1.599999999999966
62.80936999995774,1.599999999999966
62.811039999957735,1.599999999999966
62.81270999995773,1.599999999999966
62.81437999995773,1.599999999999966
62.81604999995773,1.599999999999966
62.817719999957724,1.599999999999966
62.81938999995772,1.599999999999966
62.82105999995772,1.599999999999966
62.822729999957716,1.599999999999966
62.82439999995771,1.599999999999966
62.82606999995771,1.599999999999966
62.82773999995771,1.599999999999966
62.829409999957704,1.6000000000000227
62.8310799999577,1.599999999999966
62.8327499999577,1.599999999999966
62.834419999957696,1.6000000000000227
62.83608999995769,1.599999999999966
62.83775999995769,1.6000000000000227
62.83942999995769,1.599999999999966
62.841099999957684,1.599999999999966
62.84276999995768,1.6000000000000227
62.84443999995768,1.599999999999966
62.846109999957676,1.6000000000000227
62.84777999995767,1.599999999999966
62.84944999995767,1.6000000000000227
62.85111999995767,1.6000000000000227
62.852789999957665,1.599999999999966
62.85445999995766,1.6000000000000227
62.85612999995766,1.599999999999966
62.857799999957656,1.6000000000000227
62.85946999995765,1.6000000000000227
62.86113999995765,1.599999999999966
62.86280999995765,1.6000000000000227
62.864479999957645,1.6000000000000227
62.86614999995764,1.6000000000000227
62.86781999995764,1.6000000000000227
62.869489999957636,1.6000000000000227
62.871159999957634,1.6000000000000227
62.87282999995763,1.6000000000000227
62.87449999995763,1.6000000000000227
62.876169999957625,1.6000000000000227
62.87783999995762,1.6000000000000227
62.87950999995762,1.6000000000000227
62.88117999995762,1.6000000000000227
62.882849999957614,1.6000000000000227
62.88451999995761,1.6000000000000227
62.88618999995761,1.6000000000000227
62.887859999957605,1.6000000000000227
62.8895299999576,1.599999999999966
62.8911999999576,1.6000000000000227
62.8928699999576,1.6000000000000227
62.894539999957594,1.599999999999966
62.89620999995759,1.6000000000000227
62.89787999995759,1.599999999999966
62.899549999957586,1.6000000000000227
62.90121999995758,1.6000000000000227
62.90288999995758,1.599999999999966
62.90455999995758,1.6000000000000227
62.906229999957574,1.599999999999966
62.90789999995757,1.6000000000000227
62.90956999995757,1.599999999999966
62.911239999957566,1.599999999999966
62.91290999995756,1.6000000000000227
62.91457999995756,1.599999999999966
62.91624999995756,1.6000000000000227
62.917919999957554,1.599999999999966
62.91958999995755,1.599999999999966
62.92125999995755,1.6000000000000227
62.922929999957546,1.599999999999966
62.92459999995754,1.599999999999966
62.92626999995754,1.599999999999966
62.92793999995754,1.599999999999966
62.929609999957535,1.599999999999966
62.93127999995753,1.599999999999966
62.93294999995753,1.599999999999966
62.934619999957526,1.599999999999966
62.93628999995752,1.599999999999966
62.93795999995752,1.599999999999966
62.93962999995752,1.599999999999966
62.941299999957515,1.599999999999966
62.94296999995751,1.599999999999966
62.94463999995751,1.599999999999966
62.946309999957506,1.599999999999966
62.947979999957504,1.599999999999966
62.9496499999575,1.6000000000000227
62.9513199999575,1.599999999999966
62.952989999957495,1.599999999999966
62.95465999995749,1.6000000000000227
62.95632999995749,1.599999999999966
62.95799999995749,1.6000000000000227
62.959669999957484,1.599999999999966
62.96133999995748,1.599999999999966
62.96300999995748,1.6000000000000227
62.964679999957475,1.599999999999966
62.96634999995747,1.6000000000000227
62.96801999995747,1.599999999999966
62.96968999995747,1.6000000000000227
62.971359999957464,1.6000000000000227
62.97302999995746,1.599999999999966
62.97469999995746,1.6000000000000227
62.976369999957456,1.599999999999966
62.97803999995745,1.6000000000000227
62.97970999995745,1.6000000000000227
62.98137999995745,1.599999999999966
62.983049999957444,1.6000000000000227
62.98471999995744,1.6000000000000227
62.98638999995744,1.6000000000000227
62.988059999957436,1.6000000000000227
62.98972999995743,1.6000000000000227
62.99139999995743,1.6000000000000227
62.99306999995743,1.6000000000000227
62.994739999957424,1.6000000000000227
62.99640999995742,1.6000000000000227
62.99807999995742,1.6000000000000227
62.999749999957416,1.6000000000000227
63.00141999995741,1.5994320000170887
63.00308999995741,1.5987640000171268
63.00475999995741,1.598096000017108
63.006429999957405,1.5974280000171461
63.0080999999574,1.5967600000171274
63.0097699999574,1.5960920000171086
63.011439999957396,1.5954240000171467
63.01310999995739,1.594756000017128
63.01477999995739,1.594088000017166
63.01644999995739,1.5934200000171472
63.018119999957385,1.5927520000171285
63.01978999995738,1.5920840000171097
63.02145999995738,1.591416000017091
63.023129999957376,1.5907480000170722
63.024799999957374,1.5900800000171103
63.02646999995737,1.5894120000170915
63.02813999995737,1.5887440000171296
63.029809999957365,1.5880760000171108
63.03147999995736,1.587408000017092
63.03314999995736,1.5867400000171301
63.03481999995736,1.5860720000171113
63.036489999957354,1.5854040000171494
63.03815999995735,1.5847360000171307
63.03982999995735,1.584068000017112
63.041499999957345,1.58340000001715
63.04316999995734,1.5827320000171312
63.04483999995734,1.5820640000171693
63.04650999995734,1.5813960000171505
63.048179999957334,1.5807280000171318
63.04984999995733,1.5800600000171698
63.05151999995733,1.579392000017151
63.053189999957326,1.5787240000171323
63.05485999995732,1.5780560000171704
63.05652999995732,1.5773880000171516
63.05819999995732,1.5767200000171329
63.059869999957314,1.576052000017114
63.06153999995731,1.5753840000170953
63.06320999995731,1.5747160000171334
63.064879999957306,1.5740480000171146
63.0665499999573,1.5733800000171527
63.0682199999573,1.572712000017134
63.0698899999573,1.5720440000171152
63.071559999957294,1.5713760000171533
63.07322999995729,1.5707080000171345
63.07489999995729,1.5700400000171726
63.076569999957286,1.5693720000171538
63.07823999995728,1.568704000017135
63.07990999995728,1.5680360000171731
63.08157999995728,1.5673680000171544
63.083249999957275,1.5667000000171356
63.08491999995727,1.5660320000171737
63.08658999995727,1.565364000017155
63.088259999957266,1.564696000017193
63.08992999995726,1.5640280000171742
63.09159999995726,1.5633600000171555
63.09326999995726,1.5626920000171367
63.094939999957255,1.562024000017118
63.09660999995725,1.561356000017156
63.09827999995725,1.5606880000171373
63.099949999957246,1.5600200000171185
63.101619999957244,1.5593520000171566
63.10328999995724,1.5586840000171378
63.10495999995724,1.5580160000171759
63.106629999957235,1.5573480000171571
63.10829999995723,1.5566800000171384
63.10996999995723,1.5560120000171764
63.11163999995723,1.5553440000171577
63.113309999957224,1.554676000017139
63.11497999995722,1.554008000017177
63.11664999995722,1.5533400000171582
63.118319999957215,1.5526720000171963
63.11998999995721,1.5520040000171207
63.12165999995721,1.551336000017102
63.12332999995721,1.55066800001714
63.124999999957204,1.5500000000171212
63.1266699999572,1.5493320000171593
63.1283399999572,1.5486640000171406
63.130009999957196,1.5479960000171218
63.13167999995719,1.5473280000171599
63.13334999995719,1.546660000017141
63.13501999995719,1.5459920000171792
63.136689999957184,1.5453240000171604
63.13835999995718,1.5446560000171985
63.14002999995718,1.5439880000171797
63.141699999957176,1.543320000017161
63.14336999995717,1.542652000017199
63.14503999995717,1.5419840000171803
63.14670999995717,1.5413160000171615
63.148379999957164,1.5406480000171427
63.15004999995716,1.539980000017124
63.15171999995716,1.539312000017162
63.153389999957156,1.5386440000171433
63.15505999995715,1.5379760000171814
63.15672999995715,1.5373080000171626
63.15839999995715,1.5366400000172007
63.160069999957145,1.535972000017182
63.16173999995714,1.5353040000171632
63.16340999995714,1.5346360000172012
63.165079999957136,1.5339680000171825
63.16674999995713,1.5333000000172206
63.16841999995713,1.5326320000172018
63.17008999995713,1.531964000017183
63.171759999957125,1.531296000017221
63.17342999995712,1.5306280000172023
63.17509999995712,1.5299600000171836
63.176769999957116,1.5292920000171648
63.178439999957114,1.5286240000172029
63.18010999995711,1.5279560000171841
63.18177999995711,1.5272880000171654
63.183449999957105,1.5266200000172034
63.1851199999571,1.5259520000171847
63.1867899999571,1.5252840000172228
63.1884599999571,1.524616000017204
63.190129999957094,1.5239480000171852
63.19179999995709,1.5232800000172233
63.19346999995709,1.5226120000172045
63.195139999957085,1.5219440000172426
63.19680999995708,1.5212760000172239
63.19847999995708,1.520608000017205
63.20014999995708,1.5199400000172432
63.201819999957074,1.5192720000172244
63.20348999995707,1.5186040000172056
63.20515999995707,1.5179360000172437
63.206829999957066,1.517268000017225
63.20849999995706,1.516600000017263
63.21016999995706,1.5159320000172443
63.21183999995706,1.5152640000172255
63.213509999957054,1.5145960000172067
63.21517999995705,1.513928000017188
63.21684999995705,1.513260000017226
63.218519999957046,1.5125920000172073
63.22018999995704,1.5119240000171885
63.22185999995704,1.5112560000172266
63.22352999995704,1.5105880000172078
63.225199999957034,1.509920000017246
63.22686999995703,1.5092520000172271
63.22853999995703,1.5085840000172084
63.230209999957026,1.5079160000172465
63.23187999995702,1.5072480000172277
63.23354999995702,1.5065800000172658
63.23521999995702,1.505912000017247
63.236889999957015,1.5052440000172282
63.23855999995701,1.5045760000172663
63.24022999995701,1.5039080000172476
63.241899999957006,1.5032400000172288
63.243569999957,1.5025720000172669
63.245239999957,1.501904000017248
63.246909999957,1.5012360000172862
63.248579999956995,1.5005680000172674
63.25024999995699,1.4999000000172487
63.25191999995699,1.49923200001723
63.253589999956986,1.4985640000172111
63.255259999956984,1.4978960000172492
63.25692999995698,1.4972280000172304
63.25859999995698,1.4965600000172117
63.260269999956975,1.4958920000172498
63.26193999995697,1.495224000017231
63.26360999995697,1.494556000017269
63.26527999995697,1.4938880000172503
63.266949999956964,1.4932200000172884
63.26861999995696,1.4925520000172696
63.27028999995696,1.4918840000172509
63.271959999956955,1.491216000017289
63.27362999995695,1.4905480000172702
63.27529999995695,1.4898800000173082
63.27696999995695,1.4892120000172895
63.278639999956944,1.4885440000172139
63.28030999995694,1.487876000017252
63.28197999995694,1.4872080000172332
63.283649999956936,1.4865400000172713
63.28531999995693,1.4858720000172525
63.28698999995693,1.4852040000172906
63.28865999995693,1.4845360000172718
63.290329999956924,1.483868000017253
63.29199999995692,1.4832000000172911
63.29366999995692,1.4825320000172724
63.295339999956916,1.4818640000173104
63.29700999995691,1.4811960000172917
63.29867999995691,1.480528000017273
63.30034999995691,1.479860000017311
63.302019999956904,1.4791920000172922
63.3036899999569,1.4785240000173303
63.3053599999569,1.4778560000172547
63.307029999956896,1.4771880000172928
63.30869999995689,1.476520000017274
63.31036999995689,1.4758520000172552
63.31203999995689,1.4751840000172933
63.313709999956885,1.4745160000172746
63.31537999995688,1.4738480000173126
63.31704999995688,1.4731800000172939
63.318719999956876,1.4725120000172751
63.32038999995687,1.4718440000173132
63.32205999995687,1.4711760000172944
63.32372999995687,1.4705080000173325
63.325399999956865,1.4698400000173137
63.32706999995686,1.469172000017295
63.32873999995686,1.468504000017333
63.330409999956856,1.4678360000173143
63.332079999956854,1.4671680000172387
63.33374999995685,1.4665000000172768
63.33541999995685,1.465832000017258
63.337089999956845,1.465164000017296
63.33875999995684,1.4644960000172773
63.34042999995684,1.4638280000172585
63.34209999995684,1.4631600000172966
63.343769999956834,1.4624920000172779
63.34543999995683,1.461824000017316
63.34710999995683,1.4611560000172972
63.348779999956825,1.4604880000172784
63.35044999995682,1.4598200000173165
63.35211999995682,1.4591520000172977
63.35378999995682,1.4584840000173358
63.355459999956814,1.457816000017317
63.35712999995681,1.4571480000172983
63.35879999995681,1.4564800000173364
63.360469999956806,1.4558120000173176
63.3621399999568,1.4551440000172988
63.3638099999568,1.454476000017337
63.3654799999568,1.4538080000173181
63.367149999956794,1.4531400000173562
63.36881999995679,1.4524720000172806
63.37048999995679,1.4518040000172618
63.372159999956786,1.4511360000173
63.37382999995678,1.4504680000172812
63.37549999995678,1.4498000000173192
63.37716999995678,1.4491320000173005
63.378839999956774,1.4484640000172817
63.38050999995677,1.4477960000173198
63.38217999995677,1.447128000017301
63.383849999956766,1.446460000017339
63.38551999995676,1.4457920000173203
63.38718999995676,1.4451240000173016
63.38885999995676,1.4444560000173396
63.390529999956755,1.4437880000173209
63.39219999995675,1.4431200000173021
63.39386999995675,1.4424520000173402
63.395539999956746,1.4417840000173214
63.39720999995674,1.4411160000173595
63.39887999995674,1.4404480000173407
63.40054999995674,1.439780000017322
63.402219999956735,1.43911200001736
63.40388999995673,1.4384440000173413
63.40555999995673,1.4377760000173794
63.407229999956726,1.4371080000173606
63.40889999995672,1.436440000017285
63.41056999995672,1.435772000017323
63.41223999995672,1.4351040000173043
63.413909999956715,1.4344360000173424
63.41557999995671,1.4337680000173236
63.41724999995671,1.4331000000173049
63.41891999995671,1.432432000017343
63.420589999956704,1.4317640000173242
63.4222599999567,1.4310960000173054
63.4239299999567,1.4304280000173435
63.425599999956695,1.4297600000173247
63.42726999995669,1.4290920000173628
63.42893999995669,1.428424000017344
63.43060999995669,1.4277560000173253
63.432279999956684,1.4270880000173634
63.43394999995668,1.4264200000173446
63.43561999995668,1.4257520000173827
63.437289999956676,1.425084000017364
63.43895999995667,1.4244160000173451
63.44062999995667,1.4237480000173832
63.44229999995667,1.4230800000173645
63.443969999956664,1.4224120000174025
63.44563999995666,1.4217440000173838
63.44730999995666,1.4210760000173082
63.448979999956656,1.4204080000173462
63.45064999995665,1.4197400000173275
63.45231999995665,1.4190720000173656
63.45398999995665,1.4184040000173468
63.455659999956644,1.4177360000173849
63.45732999995664,1.417068000017366
63.45899999995664,1.4164000000173473
63.460669999956636,1.4157320000173854
63.46233999995663,1.4150640000173667
63.46400999995663,1.4143960000174047
63.46567999995663,1.413728000017386
63.467349999956625,1.4130600000173672
63.46901999995662,1.4123920000174053
63.47068999995662,1.4117240000173865
63.472359999956616,1.4110560000174246
63.47402999995661,1.4103880000174058
63.47569999995661,1.409720000017444
63.47736999995661,1.4090520000174251
63.479039999956605,1.4083840000174064
63.4807099999566,1.4077160000174445
63.4823799999566,1.4070480000174257
63.484049999956596,1.4063800000174638
63.48571999995659,1.4057120000173882
63.48738999995659,1.4050440000173694
63.48905999995659,1.4043760000174075
63.490729999956585,1.4037080000173887
63.49239999995658,1.4030400000174268
63.49406999995658,1.402372000017408
63.49573999995658,1.401704000017446
63.497409999956574,1.4010360000174273
63.49907999995657,1.4003680000174086
63.50074999995657,1.3997000000174467
63.502419999956565,1.399032000017428
63.50408999995656,1.398364000017466
63.50575999995656,1.3976960000174472
63.50742999995656,1.3970280000174284
63.509099999956554,1.3963600000174665
63.51076999995655,1.3956920000174478
63.51243999995655,1.3950240000174858
63.514109999956545,1.394356000017467
63.51577999995654,1.3936880000174483
63.51744999995654,1.3930200000174295
63.51911999995654,1.3923520000174108
63.520789999956534,1.391684000017392
63.52245999995653,1.39101600001743
63.52412999995653,1.3903480000174113
63.525799999956526,1.3896800000174494
63.52746999995652,1.3890120000174306
63.52913999995652,1.3883440000174119
63.53080999995652,1.38767600001745
63.532479999956514,1.3870080000174312
63.53414999995651,1.3863400000174693
63.53581999995651,1.3856720000174505
63.537489999956506,1.3850040000174317
63.5391599999565,1.3843360000174698
63.5408299999565,1.383668000017451
63.5424999999565,1.3830000000174891
63.544169999956495,1.3823320000174704
63.54583999995649,1.3816640000173948
63.54750999995649,1.3809960000174328
63.549179999956486,1.380328000017471
63.55084999995648,1.3796600000173953
63.55251999995648,1.3789920000174334
63.55418999995648,1.3783240000174146
63.555859999956475,1.3776560000174527
63.55752999995647,1.376988000017434
63.55919999995647,1.3763200000174152
63.560869999956466,1.3756520000174532
63.56253999995646,1.3749840000174345
63.56420999995646,1.3743160000174726
63.56587999995646,1.3736480000174538
63.567549999956455,1.372980000017435
63.56921999995645,1.372312000017473
63.57088999995645,1.3716440000174543
63.57255999995645,1.3709760000174356
63.574229999956444,1.3703080000174168
63.57589999995644,1.3696400000175117
63.57756999995644,1.3689720000174361
63.579239999956435,1.3683040000174174
63.58090999995643,1.3676360000174554
63.58257999995643,1.3669680000174367
63.58424999995643,1.3663000000174748
63.585919999956424,1.365632000017456
63.58758999995642,1.3649640000174372
63.58925999995642,1.3642960000174753
63.590929999956415,1.3636280000174565
63.59259999995641,1.3629600000174946
63.59426999995641,1.3622920000174759
63.59593999995641,1.361624000017514
63.597609999956404,1.3609560000174952
63.5992799999564,1.3602880000174764
63.6009499999564,1.3596200000175145
63.602619999956396,1.3589520000174957
63.60428999995639,1.3582840000175338
63.60595999995639,1.3576160000174582
63.60762999995639,1.3569480000174963
63.609299999956384,1.3562800000175343
63.61096999995638,1.3556120000174587
63.61263999995638,1.3549440000174968
63.614309999956376,1.354276000017478
63.61597999995637,1.3536080000175161
63.61764999995637,1.3529400000174974
63.61931999995637,1.3522720000174786
63.620989999956365,1.3516040000175167
63.62265999995636,1.350936000017498
63.62432999995636,1.350268000017536
63.625999999956356,1.3496000000175172
63.62766999995635,1.3489320000174985
63.62933999995635,1.3482640000175365
63.63100999995635,1.3475960000175178
63.632679999956345,1.3469280000175559
63.63434999995634,1.346260000017537
63.63601999995634,1.3455920000175183
63.637689999956336,1.3449240000175564
63.63935999995633,1.3442560000175376
63.64102999995633,1.3435880000175189
63.64269999995633,1.342920000017557
63.644369999956325,1.3422520000175382
63.64603999995632,1.3415840000175194
63.64770999995632,1.3409160000175575
63.64937999995632,1.3402480000175387
63.651049999956314,1.3395800000175768
63.65271999995631,1.3389120000175012
63.65438999995631,1.3382440000175393
63.656059999956305,1.3375760000175774
63.6577299999563,1.3369080000175018
63.6593999999563,1.3362400000175398
63.6610699999563,1.335572000017521
63.662739999956294,1.3349040000175592
63.66440999995629,1.3342360000175404
63.66607999995629,1.3335680000175216
63.667749999956285,1.3329000000175597
63.66941999995628,1.332232000017541
63.67108999995628,1.331564000017579
63.67275999995628,1.3308960000175603
63.674429999956274,1.3302280000175415
63.67609999995627,1.3295600000175796
63.67776999995627,1.3288920000175608
63.679439999956266,1.328224000017542
63.68110999995626,1.3275560000175801
63.68277999995626,1.3268880000175614
63.68444999995626,1.3262200000175426
63.686119999956254,1.3255520000175238
63.68778999995625,1.324884000017505
63.68945999995625,1.3242160000175431
63.691129999956246,1.3235480000175244
63.69279999995624,1.3228800000175625
63.69446999995624,1.3222120000175437
63.69613999995624,1.321544000017525
63.697809999956235,1.320876000017563
63.69947999995623,1.3202080000175442
63.70114999995623,1.3195400000175823
63.702819999956226,1.3188720000175636
63.70448999995622,1.3182040000175448
63.70615999995622,1.3175360000175829
63.70782999995622,1.316868000017564
63.709499999956215,1.3162000000175453
63.71116999995621,1.3155320000175834
63.71283999995621,1.3148640000175078
63.714509999956206,1.3141960000175459
63.7161799999562,1.313528000017584
63.7178499999562,1.3128600000175084
63.7195199999562,1.3121920000175464
63.721189999956195,1.3115240000175277
63.72285999995619,1.3108560000175657
63.72452999995619,1.310188000017547
63.72619999995619,1.3095200000175282
63.727869999956184,1.3088520000175663
63.72953999995618,1.3081840000175475
63.73120999995618,1.3075160000175856
63.732879999956175,1.3068480000175668
63.73454999995617,1.306180000017548
63.73621999995617,1.3055120000175862
63.73788999995617,1.3048440000175674
63.739559999956164,1.3041760000174918
63.74122999995616,1.3035080000175299
63.74289999995616,1.302840000017568
63.744569999956155,1.3021720000175492
63.74623999995615,1.3015040000175304
63.74790999995615,1.3008360000175117
63.74957999995615,1.3001680000175497
63.751249999956144,1.299500000017531
63.75291999995614,1.298832000017569
63.75458999995614,1.2981640000175503
63.756259999956136,1.2974960000175315
63.75792999995613,1.2968280000175696
63.75959999995613,1.2961600000175508
63.76126999995613,1.295492000017589
63.762939999956124,1.2948240000175701
63.76460999995612,1.2941560000176082
63.76627999995612,1.2934880000175895
63.767949999956116,1.2928200000175707
63.76961999995611,1.2921520000176088
63.77128999995611,1.29148400001759
63.77295999995611,1.2908160000175712
63.774629999956105,1.2901480000176093
63.7762999999561,1.2894800000175906
63.7779699999561,1.2888120000175718
63.779639999956096,1.288144000017553
63.78130999995609,1.287476000017591
63.78297999995609,1.2868080000175723
63.78464999995609,1.2861400000176104
63.786319999956085,1.2854720000175917
63.78798999995608,1.284804000017573
63.78965999995608,1.284136000017611
63.791329999956076,1.2834680000175922
63.79299999995607,1.2828000000176303
63.79466999995607,1.2821320000176115
63.79633999995607,1.2814640000175928
63.798009999956065,1.2807960000176308
63.79967999995606,1.280128000017612
63.80134999995606,1.2794600000176501
63.80301999995606,1.2787920000176314
63.804689999956054,1.2781240000176695
63.80635999995605,1.2774560000176507
63.80802999995605,1.276788000017632
63.809699999956045,1.27612000001767
63.81136999995604,1.2754520000176512
63.81303999995604,1.2747840000176325
63.81470999995604,1.2741160000176706
63.816379999956034,1.2734480000176518
63.81804999995603,1.2727800000176899
63.81971999995603,1.2721120000176143
63.821389999956025,1.2714440000176523
63.82305999995602,1.2707760000176904
63.82472999995602,1.2701080000176148
63.82639999995602,1.269440000017653
63.828069999956014,1.2687720000176341
63.82973999995601,1.2681040000176154
63.83140999995601,1.2674360000176534
63.833079999956006,1.2667680000176347
63.834749999956,1.2661000000176728
63.836419999956,1.265432000017654
63.838089999956,1.2647640000176352
63.839759999955994,1.2640960000176733
63.84142999995599,1.2634280000176545
63.84309999995599,1.2627600000176926
63.844769999955986,1.2620920000176739
63.84643999995598,1.261424000017655
63.84810999995598,1.2607560000176932
63.84977999995598,1.2600880000176744
63.851449999955975,1.2594200000177125
63.85311999995597,1.2587520000176937
63.85478999995597,1.258084000017675
63.856459999955966,1.257416000017713
63.85812999995596,1.2567480000176943
63.85979999995596,1.2560800000176187
63.86146999995596,1.2554120000176567
63.863139999955955,1.2547440000176948
63.86480999995595,1.254076000017676
63.86647999995595,1.2534080000176573
63.868149999955946,1.2527400000176385
63.86981999995594,1.2520720000176766
63.87148999995594,1.2514040000176578
63.87315999995594,1.250736000017696
63.874829999955935,1.2500680000176772
63.87649999995593,1.2494000000176584
63.87816999995593,1.2487320000176965
63.87983999995593,1.2480640000176777
63.881509999955924,1.2473960000177158
63.88317999995592,1.246728000017697
63.88484999995592,1.2460600000176782
63.886519999955915,1.2453920000177163
63.88818999995591,1.2447240000176976
63.88985999995591,1.2440560000177356
63.89152999995591,1.2433880000177169
63.893199999955904,1.242720000017755
63.8948699999559,1.2420520000177362
63.8965399999559,1.2413840000177174
63.898209999955895,1.2407160000177555
63.89987999995589,1.24004800001768
63.90154999995589,1.2393800000177748
63.90321999995589,1.238712000017756
63.904889999955884,1.2380440000176804
63.90655999995588,1.2373760000177185
63.90822999995588,1.2367080000176998
63.909899999955876,1.2360400000177378
63.91156999995587,1.235372000017719
63.91323999995587,1.2347040000177572
63.91490999995587,1.2340360000177384
63.916579999955864,1.2333680000177196
63.91824999995586,1.2327000000177577
63.91991999995586,1.232032000017739
63.921589999955856,1.231364000017777
63.92325999995585,1.2306960000177583
63.92492999995585,1.2300280000177395
63.92659999995585,1.2293600000177776
63.928269999955845,1.2286920000177588
63.92993999995584,1.2280240000177969
63.93160999995584,1.2273560000177781
63.933279999955836,1.2266880000177594
63.93494999995583,1.2260200000177406
63.93661999995583,1.2253520000177787
63.93828999995583,1.22468400001776
63.939959999955825,1.2240160000177411
63.94162999995582,1.2233480000177792
63.94329999995582,1.2226800000177604
63.944969999955816,1.2220120000177417
63.94663999995581,1.2213440000177798
63.94830999995581,1.220676000017761
63.94997999995581,1.220008000017799
63.951649999955805,1.2193400000177803
63.9533199999558,1.2186720000177615
63.9549899999558,1.2180040000177996
63.9566599999558,1.2173360000177809
63.958329999955794,1.216668000017762
63.95999999995579,1.2160000000177433
63.96166999995579,1.2153320000177814
63.963339999955785,1.2146640000178195
63.96500999995578,1.2139960000177439
63.96667999995578,1.2133280000177251
63.96834999995578,1.2126600000177632
63.970019999955774,1.2119920000177444
63.97168999995577,1.2113240000177825
63.97335999995577,1.2106560000177637
63.975029999955765,1.209988000017745
63.97669999995576,1.209320000017783
63.97836999995576,1.2086520000177643
63.98003999995576,1.2079840000178024
63.981709999955754,1.2073160000177836
63.98337999995575,1.2066480000177648
63.98504999995575,1.205980000017803
63.986719999955746,1.2053120000177273
63.98838999995574,1.2046440000177654
63.99005999995574,1.2039760000178035
63.99172999995574,1.2033080000177279
63.993399999955734,1.202640000017766
63.99506999995573,1.2019720000177472
63.99673999995573,1.2013040000177284
63.998409999955726,1.2006360000177665
64.00007999995573,1.1999600311505674
64.00174999995573,1.1991256809560582
64.00341999995574,1.1982913307614922
64.00508999995574,1.1974569805669262
64.00675999995575,1.196622630372417
64.00842999995575,1.1957882801777941
64.01009999995576,1.1949539299832281
64.01176999995576,1.1941195797886621
64.01343999995576,1.193285229594153
64.01510999995577,1.192450879399587
64.01677999995577,1.191616529205021
64.01844999995578,1.1907821790105118
64.02011999995578,1.1899478288159457
64.02178999995579,1.1891134786213797
64.02345999995579,1.1882791284268706
64.0251299999558,1.1874447782322477
64.0267999999558,1.1866104280376817
64.0284699999558,1.1857760778431157
64.03013999995581,1.1849417276486065
64.03180999995581,1.1841073774540405
64.03347999995582,1.1832730272594745
64.03514999995582,1.1824386770649653
64.03681999995582,1.1816043268703993
64.03848999995583,1.1807699766758333
64.04015999995583,1.1799356264812673
64.04182999995584,1.1791012762867012
64.04349999995584,1.1782669260921352
64.04516999995585,1.177432575897626
64.04683999995585,1.17659822570306
64.04850999995585,1.175763875508494
64.05017999995586,1.174929525313928
64.05184999995586,1.1740951751194189
64.05351999995587,1.1732608249248528
64.05518999995587,1.17242647473023
64.05685999995588,1.1715921245357208
64.05852999995588,1.1707577743411548
64.06019999995588,1.1699234241465888
64.06186999995589,1.1690890739520796
64.06353999995589,1.1682547237575136
64.0652099999559,1.1674203735629476
64.0668799999559,1.1665860233683816
64.0685499999559,1.1657516731738724
64.07021999995591,1.1649173229793064
64.07188999995591,1.1640829727846835
64.07355999995592,1.1632486225901744
64.07522999995592,1.1624142723956084
64.07689999995593,1.1615799222010423
64.07856999995593,1.1607455720065332
64.08023999995594,1.1599112218119672
64.08190999995594,1.1590768716174011
64.08357999995594,1.158242521422892
64.08524999995595,1.157408171228326
64.08691999995595,1.156573821033703
64.08858999995596,1.155739470839137
64.09025999995596,1.154905120644628
64.09192999995597,1.154070770450062
64.09359999995597,1.1532364202554959
64.09526999995597,1.1524020700609867
64.09693999995598,1.1515677198664207
64.09860999995598,1.1507333696718547
64.10027999995599,1.1498990194773455
64.10194999995599,1.1490646692827795
64.103619999956,1.1482303190882135
64.105289999956,1.1473959688936475
64.106959999956,1.1465616186990815
64.10862999995601,1.1457272685045155
64.11029999995601,1.1448929183099494
64.11196999995602,1.1440585681154403
64.11363999995602,1.1432242179208743
64.11530999995603,1.1423898677263082
64.11697999995603,1.141555517531799
64.11864999995603,1.140721167337233
64.12031999995604,1.139886817142667
64.12198999995604,1.139052466948101
64.12365999995605,1.1382181167535919
64.12532999995605,1.137383766558969
64.12699999995606,1.136549416364403
64.12866999995606,1.1357150661698938
64.13033999995606,1.1348807159753278
64.13200999995607,1.1340463657807618
64.13367999995607,1.1332120155862526
64.13534999995608,1.1323776653916866
64.13701999995608,1.1315433151971206
64.13868999995609,1.1307089650026114
64.14035999995609,1.1298746148080454
64.1420299999561,1.1290402646134794
64.1436999999561,1.1282059144189134
64.1453699999561,1.1273715642243474
64.1470399999561,1.1265372140297814
64.14870999995611,1.1257028638352153
64.15037999995612,1.1248685136407062
64.15204999995612,1.1240341634461402
64.15371999995612,1.1231998132515741
64.15538999995613,1.1223654630570081
64.15705999995613,1.121531112862499
64.15872999995614,1.120696762667933
64.16039999995614,1.119862412473367
64.16206999995615,1.1190280622788578
64.16373999995615,1.118193712084235
64.16540999995615,1.117359361889669
64.16707999995616,1.1165250116951597
64.16874999995616,1.1156906615005937
64.17041999995617,1.1148563113060277
64.17208999995617,1.1140219611114617
64.17375999995618,1.1131876109169525
64.17542999995618,1.1123532607223865
64.17709999995618,1.1115189105278205
64.17876999995619,1.1106845603333113
64.18043999995619,1.1098502101386885
64.1821099999562,1.1090158599441224
64.1837799999562,1.1081815097495564
64.1854499999562,1.1073471595550473
64.18711999995621,1.1065128093604812
64.18878999995621,1.1056784591659152
64.19045999995622,1.104844108971406
64.19212999995622,1.10400975877684
64.19379999995623,1.103175408582274
64.19546999995623,1.1023410583876512
64.19713999995624,1.101506708193142
64.19880999995624,1.100672357998576
64.20047999995624,1.09983800780401
64.20214999995625,1.0990036576095008
64.20381999995625,1.0981693074149348
64.20548999995626,1.0973349572203688
64.20715999995626,1.0965006070258596
64.20882999995627,1.0956662568312936
64.21049999995627,1.0948319066367276
64.21216999995627,1.0939975564421047
64.21383999995628,1.0931632062475956
64.21550999995628,1.0923288560530295
64.21717999995629,1.0914945058584635
64.21884999995629,1.0906601556639544
64.2205199999563,1.0898258054693883
64.2221899999563,1.0889914552748223
64.2238599999563,1.0881571050802563
64.22552999995631,1.0873227548857471
64.22719999995631,1.0864884046911243
64.22886999995632,1.0856540544965583
64.23053999995632,1.084819704302049
64.23220999995632,1.083985354107483
64.23387999995633,1.083151003912917
64.23554999995633,1.082316653718408
64.23721999995634,1.081482303523842
64.23888999995634,1.0806479533292759
64.24055999995635,1.0798136031347099
64.24222999995635,1.0789792529401439
64.24389999995635,1.0781449027455778
64.24556999995636,1.0773105525510118
64.24723999995636,1.0764762023565027
64.24890999995637,1.0756418521619366
64.25057999995637,1.0748075019673706
64.25224999995638,1.0739731517728046
64.25391999995638,1.0731388015782954
64.25558999995638,1.0723044513837294
64.25725999995639,1.0714701011891634
64.2589299999564,1.0706357509946542
64.2605999999564,1.0698014008000314
64.2622699999564,1.0689670506054654
64.2639399999564,1.0681327004108994
64.26560999995641,1.0672983502163902
64.26727999995641,1.0664640000218242
64.26894999995642,1.0656296498272582
64.27061999995642,1.064795299632749
64.27228999995643,1.063960949438183
64.27395999995643,1.063126599243617
64.27562999995644,1.0622922490491078
64.27729999995644,1.0614578988545418
64.27896999995644,1.060623548659919
64.28063999995645,1.059789198465353
64.28230999995645,1.0589548482708437
64.28397999995646,1.0581204980762777
64.28564999995646,1.0572861478817117
64.28731999995647,1.0564517976872025
64.28898999995647,1.0556174474926365
64.29065999995647,1.0547830972980705
64.29232999995648,1.0539487471035045
64.29399999995648,1.0531143969089953
64.29566999995649,1.0522800467144293
64.29733999995649,1.0514456965198633
64.2990099999565,1.0506113463252973
64.3006799999565,1.0497769961307313
64.3023499999565,1.0489426459361653
64.30401999995651,1.048108295741656
64.30568999995651,1.04727394554709
64.30735999995652,1.046439595352524
64.30902999995652,1.045605245158015
64.31069999995653,1.0447708949634489
64.31236999995653,1.0439365447688829
64.31403999995653,1.0431021945743169
64.31570999995654,1.0422678443798077
64.31737999995654,1.0414334941851848
64.31904999995655,1.0405991439906188
64.32071999995655,1.0397647937961096
64.32238999995656,1.0389304436015436
64.32405999995656,1.0380960934069776
64.32572999995656,1.0372617432124684
64.32739999995657,1.0364273930179024
64.32906999995657,1.0355930428233364
64.33073999995658,1.0347586926287704
64.33240999995658,1.0339243424342612
64.33407999995659,1.0330899922396952
64.33574999995659,1.0322556420450724
64.3374199999566,1.0314212918505632
64.3390899999566,1.0305869416559972
64.3407599999566,1.0297525914614312
64.34242999995661,1.028918241266922
64.34409999995661,1.028083891072356
64.34576999995662,1.02724954087779
64.34743999995662,1.0264151906832808
64.34910999995662,1.0255808404887148
64.35077999995663,1.0247464902941488
64.35244999995663,1.023912140099526
64.35411999995664,1.0230777899050167
64.35578999995664,1.0222434397104507
64.35745999995665,1.0214090895158847
64.35912999995665,1.0205747393213755
64.36079999995665,1.0197403891268095
64.36246999995666,1.0189060389322435
64.36413999995666,1.0180716887377343
64.36580999995667,1.0172373385431683
64.36747999995667,1.0164029883485455
64.36914999995668,1.0155686381539795
64.37081999995668,1.0147342879594703
64.37248999995668,1.0138999377649043
64.37415999995669,1.0130655875703383
64.3758299999567,1.012231237375829
64.3774999999567,1.011396887181263
64.3791699999567,1.010562536986697
64.3808399999567,1.009728186792188
64.38250999995671,1.008893836597565
64.38417999995671,1.008059486402999
64.38584999995672,1.0072251362084899
64.38751999995672,1.0063907860139238
64.38918999995673,1.0055564358193578
64.39085999995673,1.0047220856247918
64.39252999995674,1.0038877354302826
64.39419999995674,1.0030533852357166
64.39586999995674,1.0022190350411506
64.39753999995675,1.0013846848466414
64.39920999995675,1.0005503346520186
64.40087999995676,0.9997159844574526
64.40254999995676,0.9988816342629434
64.40421999995677,0.9980472840683774
64.40588999995677,0.9972129338738114
64.40755999995677,0.9963785836792454
64.40922999995678,0.9955442334847362
64.41089999995678,0.9947098832901702
64.41256999995679,0.9938755330956042
64.41423999995679,0.9930411829010382
64.4159099999568,0.9922068327064721
64.4175799999568,0.9913724825119061
64.4192499999568,0.990538132317397
64.42091999995681,0.9897037821228309
64.42258999995681,0.9888694319282649
64.42425999995682,0.9880350817336989
64.42592999995682,0.9872007315391897
64.42759999995683,0.9863663813446237
64.42926999995683,0.9855307573032519
64.43093999995683,0.9846941359440393
64.43260999995684,0.9838575145847699
64.43427999995684,0.9830208932255573
64.43594999995685,0.9821842718663447
64.43761999995685,0.9813476505071321
64.43928999995686,0.9805110291479195
64.44095999995686,0.979674407788707
64.44262999995686,0.9788377864294944
64.44429999995687,0.9780011650702818
64.44596999995687,0.9771645437109555
64.44763999995688,0.9763279223517429
64.44930999995688,0.9754913009925303
64.45097999995689,0.9746546796333178
64.45264999995689,0.9738180582741052
64.4543199999569,0.9729814369148926
64.4559899999569,0.97214481555568
64.4576599999569,0.9713081941964674
64.4593299999569,0.970471572837198
64.46099999995691,0.9696349514779286
64.46266999995692,0.968798330118716
64.46433999995692,0.9679617087595034
64.46600999995692,0.9671250874002908
64.46767999995693,0.9662884660410782
64.46934999995693,0.9654518446818656
64.47101999995694,0.964615223322653
64.47268999995694,0.9637786019634405
64.47435999995695,0.962941980604171
64.47602999995695,0.9621053592449584
64.47769999995695,0.961268737885689
64.47936999995696,0.9604321165264764
64.48103999995696,0.9595954951672638
64.48270999995697,0.9587588738080512
64.48437999995697,0.9579222524488387
64.48604999995698,0.9570856310896261
64.48771999995698,0.9562490097303566
64.48938999995698,0.9554123883711441
64.49105999995699,0.9545757670119315
64.49272999995699,0.953739145652662
64.494399999957,0.9529025242934495
64.496069999957,0.9520659029342369
64.497739999957,0.9512292815750243
64.49940999995701,0.9503926602158117
64.50107999995701,0.9495560388565423
64.50274999995702,0.9487194174973297
64.50441999995702,0.9478827961381171
64.50608999995703,0.9470461747789045
64.50775999995703,0.9462095534196919
64.50942999995704,0.9453729320604225
64.51109999995704,0.9445363107012099
64.51276999995704,0.9436996893419973
64.51443999995705,0.9428630679827279
64.51610999995705,0.9420264466235153
64.51777999995706,0.9411898252643027
64.51944999995706,0.9403532039050901
64.52111999995707,0.9395165825458776
64.52278999995707,0.938679961186665
64.52445999995707,0.9378433398274524
64.52612999995708,0.9370067184682398
64.52779999995708,0.9361700971089704
64.52946999995709,0.9353334757497009
64.53113999995709,0.9344968543904884
64.5328099999571,0.9336602330312758
64.5344799999571,0.9328236116720632
64.5361499999571,0.9319869903128506
64.53781999995711,0.931150368953638
64.53948999995711,0.9303137475944254
64.54115999995712,0.9294771262352128
64.54282999995712,0.9286405048759434
64.54449999995713,0.9278038835167308
64.54616999995713,0.9269672621574614
64.54783999995713,0.9261306407982488
64.54950999995714,0.9252940194390362
64.55117999995714,0.9244573980798236
64.55284999995715,0.923620776720611
64.55451999995715,0.9227841553613985
64.55618999995716,0.921947534002129
64.55785999995716,0.9211109126429164
64.55952999995716,0.9202742912837039
64.56119999995717,0.9194376699244913
64.56286999995717,0.9186010485652787
64.56453999995718,0.9177644272060093
64.56620999995718,0.9169278058467967
64.56787999995719,0.9160911844875841
64.56954999995719,0.9152545631283715
64.5712199999572,0.9144179417691021
64.5728899999572,0.9135833618892093
64.5745599999572,0.9127490116946433
64.5762299999572,0.9119146615000773
64.57789999995721,0.9110803113055681
64.57956999995722,0.9102459611110021
64.58123999995722,0.9094116109164361
64.58290999995722,0.9085772607218701
64.58457999995723,0.907742910527304
64.58624999995723,0.906908560332738
64.58791999995724,0.906074210138172
64.58958999995724,0.9052398599436629
64.59125999995724,0.9044055097490968
64.59292999995725,0.9035711595545308
64.59459999995725,0.9027368093600217
64.59626999995726,0.9019024591654556
64.59793999995726,0.9010681089708896
64.59960999995727,0.9002337587763236
64.60127999995727,0.8993994085817576
64.60294999995727,0.8985650583871916
64.60461999995728,0.8977307081926256
64.60628999995728,0.8968963579981164
64.60795999995729,0.8960620078035504
64.60962999995729,0.8952276576089844
64.6112999999573,0.8943933074144752
64.6129699999573,0.8935589572199092
64.6146399999573,0.8927246070252863
64.61630999995731,0.8918902568307203
64.61797999995731,0.8910559066362111
64.61964999995732,0.8902215564416451
64.62131999995732,0.8893872062470791
64.62298999995733,0.88855285605257
64.62465999995733,0.8877185058580039
64.62632999995733,0.8868841556634379
64.62799999995734,0.8860498054688719
64.62966999995734,0.8852154552743059
64.63133999995735,0.8843811050797399
64.63300999995735,0.8835467548851739
64.63467999995736,0.8827124046906647
64.63634999995736,0.8818780544960987
64.63801999995736,0.8810437043015327
64.63968999995737,0.8802093541070235
64.64135999995737,0.8793750039124575
64.64302999995738,0.8785406537178915
64.64469999995738,0.8777063035232686
64.64636999995739,0.8768719533287594
64.64803999995739,0.8760376031341934
64.6497099999574,0.8752032529396274
64.6513799999574,0.8743689027451182
64.6530499999574,0.8735345525505522
64.65471999995741,0.8727002023559862
64.65638999995741,0.8718658521614202
64.65805999995742,0.871031501966911
64.65972999995742,0.8701971517722882
64.66139999995742,0.8693628015777222
64.66306999995743,0.868528451383213
64.66473999995743,0.867694101188647
64.66640999995744,0.866859750994081
64.66807999995744,0.8660254007995718
64.66974999995745,0.8651910506050058
64.67141999995745,0.8643567004104398
64.67308999995745,0.8635223502158738
64.67475999995746,0.8626880000213646
64.67642999995746,0.8618536498267417
64.67809999995747,0.8610192996321757
64.67976999995747,0.8601849494376665
64.68143999995748,0.8593505992431005
64.68310999995748,0.8585162490485345
64.68477999995748,0.8576818988539685
64.68644999995749,0.8568475486594593
64.6881199999575,0.8560131984648933
64.6897899999575,0.8551788482703273
64.6914599999575,0.8543444980758181
64.6931299999575,0.8535101478812521
64.69479999995751,0.8526757976866293
64.69646999995751,0.8518414474920633
64.69813999995752,0.8510070972975541
64.69980999995752,0.8501727471029881
64.70147999995753,0.849338396908422
64.70314999995753,0.8485040467139129
64.70481999995754,0.8476696965193469
64.70648999995754,0.8468353463247809
64.70815999995754,0.8460009961302717
64.70982999995755,0.8451666459357057
64.71149999995755,0.8443322957411397
64.71316999995756,0.8434979455465168
64.71483999995756,0.8426635953520076
64.71650999995757,0.8418292451574416
64.71817999995757,0.8409948949628756
64.71984999995757,0.8401605447683664
64.72151999995758,0.8393261945738004
64.72318999995758,0.8384918443792344
64.72485999995759,0.8376574941847252
64.72652999995759,0.8368231439901592
64.7281999999576,0.8359887937955932
64.7298699999576,0.8351544436010272
64.7315399999576,0.8343200934064612
64.73320999995761,0.8334857432118952
64.73487999995761,0.8326513930173292
64.73654999995762,0.83181704282282
64.73821999995762,0.830982692628254
64.73988999995763,0.830148342433688
64.74155999995763,0.8293139922391788
64.74322999995763,0.8284796420446128
64.74489999995764,0.8276452918500468
64.74656999995764,0.8268109416554807
64.74823999995765,0.8259765914609716
64.74990999995765,0.8251422412663487
64.75157999995766,0.8243078910717827
64.75324999995766,0.8234735408772735
64.75491999995766,0.8226391906827075
64.75658999995767,0.8218048404881415
64.75825999995767,0.8209704902936323
64.75992999995768,0.8201361400990663
64.76159999995768,0.8193017899045003
64.76326999995769,0.8184674397099911
64.76493999995769,0.8176330895154251
64.7666099999577,0.8167987393208023
64.7682799999577,0.8159643891262363
64.7699499999577,0.8151300389317271
64.77161999995771,0.8142956887371611
64.77328999995771,0.8134613385425951
64.77495999995772,0.8126269883480859
64.77662999995772,0.8117926381535199
64.77829999995772,0.8109582879589539
64.77996999995773,0.8101239377644447
64.78163999995773,0.8092895875698218
64.78330999995774,0.8084552373752558
64.78497999995774,0.8076208871806898
64.78664999995775,0.8067865369861806
64.78831999995775,0.8059521867916146
64.78998999995775,0.8051178365970486
64.79165999995776,0.8042834864025394
64.79332999995776,0.8034491362079734
64.79499999995777,0.8026147860134074
64.79666999995777,0.8017804358188414
64.79833999995778,0.8009460856242754
64.80000999995778,0.8001117354297094
64.80167999995778,0.7992773852351434
64.80334999995779,0.7984430350406342
64.80501999995779,0.7976086848460682
64.8066899999578,0.7967743346515022
64.8083599999578,0.795939984456993
64.8100299999578,0.795105634262427
64.81169999995781,0.7942712840678041
64.81336999995781,0.793436933873295
64.81503999995782,0.7926025836787289
64.81670999995782,0.7917682334841629
64.81837999995783,0.7909338832896537
64.82004999995783,0.7900995330950877
64.82171999995784,0.7892651829005217
64.82338999995784,0.7884308327059557
64.82505999995784,0.7875964825114465
64.82672999995785,0.7867621323168237
64.82839999995785,0.7859277821222577
64.83006999995786,0.7850934319277485
64.83173999995786,0.7842590817331825
64.83340999995787,0.7834247315386165
64.83507999995787,0.7825903813441073
64.83674999995787,0.7817560311495413
64.83841999995788,0.7809216809549753
64.84008999995788,0.7800873307604093
64.84175999995789,0.7792529805658432
64.84342999995789,0.7784186303712772
64.8450999999579,0.7775842801767112
64.8467699999579,0.776749929982202
64.8484399999579,0.775915579787636
64.85010999995791,0.77508122959307
64.85177999995791,0.7742468793985608
64.85344999995792,0.7734125292039948
64.85511999995792,0.7725781790094288
64.85678999995793,0.7717438288148628
64.85845999995793,0.7709074174968578
64.86012999995793,0.7700707961376452
64.86179999995794,0.7692341747784326
64.86346999995794,0.7683975534191632
64.86513999995795,0.7675609320599506
64.86680999995795,0.766724310700738
64.86847999995796,0.7658876893415254
64.87014999995796,0.7650510679823128
64.87181999995796,0.7642144466230434
64.87348999995797,0.7633778252638308
64.87515999995797,0.7625412039046182
64.87682999995798,0.7617045825453488
64.87849999995798,0.7608679611861362
64.88016999995799,0.7600313398269236
64.88183999995799,0.759194718467711
64.883509999958,0.7583580971084984
64.885179999958,0.7575214757492859
64.886849999958,0.7566848543900164
64.888519999958,0.755848233030747
64.89018999995801,0.7550116116715344
64.89185999995802,0.7541749903123218
64.89352999995802,0.7533383689531092
64.89519999995802,0.7525017475938967
64.89686999995803,0.7516651262346841
64.89853999995803,0.7508285048754715
64.90020999995804,0.7499918835162589
64.90187999995804,0.7491552621569326
64.90354999995805,0.74831864079772
64.90521999995805,0.7474820194385075
64.90688999995805,0.7466453980792949
64.90855999995806,0.7458087767200823
64.91022999995806,0.7449721553608697
64.91189999995807,0.7441355340016571
64.91356999995807,0.7432989126424445
64.91523999995808,0.7424622912831751
64.91690999995808,0.7416256699239625
64.91857999995808,0.7407890485646931
64.92024999995809,0.7399524272054805
64.92191999995809,0.7391158058462679
64.9235899999581,0.7382791844870553
64.9252599999581,0.7374425631278427
64.9269299999581,0.7366059417685733
64.92859999995811,0.7357693204093607
64.93026999995811,0.7349326990501481
64.93193999995812,0.7340960776909355
64.93360999995812,0.733259456331723
64.93527999995813,0.7324228349725104
64.93694999995813,0.7315862136132409
64.93861999995814,0.7307495922540284
64.94028999995814,0.7299129708947589
64.94195999995814,0.7290763495355463
64.94362999995815,0.7282397281763338
64.94529999995815,0.7274031068171212
64.94696999995816,0.7265664854579086
64.94863999995816,0.725729864098696
64.95030999995817,0.7248932427394834
64.95197999995817,0.724056621380214
64.95364999995817,0.7232200000210014
64.95531999995818,0.722383378661732
64.95698999995818,0.7215467573025194
64.95865999995819,0.7207101359433068
64.96032999995819,0.7198735145840942
64.9619999999582,0.7190368932248816
64.9636699999582,0.718200271865669
64.9653399999582,0.7173636505063996
64.96700999995821,0.716527029147187
64.96867999995821,0.7156904077879744
64.97034999995822,0.7148537864287619
64.97201999995822,0.7140171650695493
64.97368999995822,0.7131805437102798
64.97535999995823,0.7123439223510672
64.97702999995823,0.7115073009917978
64.97869999995824,0.7106706796325852
64.98036999995824,0.7098340582733726
64.98203999995825,0.7089974369141601
64.98370999995825,0.7081608155549475
64.98537999995825,0.7073241941957349
64.98704999995826,0.7064875728365223
64.98871999995826,0.7056509514773097
64.99038999995827,0.7048143301180403
64.99205999995827,0.7039777087587709
64.99372999995828,0.7031410873995583
64.99539999995828,0.7023044660403457
64.99706999995828,0.7014678446811331
64.99873999995829,0.7006312233219205
65.0004099999583,0.6999178404752797
65.0020799999583,0.6995831906698413
65.0037499999583,0.6992485408644029
65.0054199999583,0.6989138910589645
65.00708999995831,0.6985792412535261
65.00875999995831,0.6982445914480309
65.01042999995832,0.6979099416425925
65.01209999995832,0.697575291837154
65.01376999995833,0.6972406420317157
65.01543999995833,0.6969059922262204
65.01710999995834,0.6965713424208388
65.01877999995834,0.6962366926154004
65.02044999995834,0.6959020428099052
65.02211999995835,0.6955673930044668
65.02378999995835,0.6952327431990284
65.02545999995836,0.6948980933935331
65.02712999995836,0.6945634435880947
65.02879999995837,0.6942287937826563
65.03046999995837,0.6938941439772748
65.03213999995837,0.6935594941717795
65.03380999995838,0.6932248443663411
65.03547999995838,0.6928901945609027
65.03714999995839,0.6925555447554075
65.03881999995839,0.6922208949499691
65.0404899999584,0.6918862451445307
65.0421599999584,0.6915515953390354
65.0438299999584,0.6912169455336539
65.04549999995841,0.6908822957282155
65.04716999995841,0.6905476459227771
65.04883999995842,0.6902129961172818
65.05050999995842,0.6898783463118434
65.05217999995843,0.689543696506405
65.05384999995843,0.6892090467009098
65.05551999995843,0.6888743968954714
65.05718999995844,0.6885397470900898
65.05885999995844,0.6882050972845946
65.06052999995845,0.6878704474791562
65.06219999995845,0.6875357976737178
65.06386999995846,0.6872011478682225
65.06553999995846,0.6868664980627841
65.06720999995846,0.6865318482573457
65.06887999995847,0.6861971984519641
65.07054999995847,0.6858625486464689
65.07221999995848,0.6855278988410305
65.07388999995848,0.6851932490355921
65.07555999995849,0.6848585992300968
65.07722999995849,0.6845239494246584
65.0788999999585,0.68418929961922
65.0805699999585,0.6838546498137248
65.0822399999585,0.6835200000083432
65.08390999995851,0.6831853502029048
65.08557999995851,0.6828507003974664
65.08724999995852,0.6825160505919712
65.08891999995852,0.6821814007865328
65.09058999995852,0.6818467509810944
65.09225999995853,0.6815121011755991
65.09392999995853,0.6811774513701607
65.09559999995854,0.6808428015647792
65.09726999995854,0.6805081517592839
65.09893999995855,0.6801735019538455
65.10060999995855,0.6798388521484071
65.10227999995855,0.6795042023429119
65.10394999995856,0.6791695525374735
65.10561999995856,0.6788349027320351
65.10728999995857,0.6785002529265967
65.10895999995857,0.6781656031211583
65.11062999995858,0.6778309533157199
65.11229999995858,0.6774963035102815
65.11396999995858,0.6771616537047862
65.11563999995859,0.6768270038993478
65.1173099999586,0.6764923540939094
65.1189799999586,0.6761577042884142
65.1206499999586,0.6758230544829757
65.1223199999586,0.6754884046775942
65.12398999995861,0.6751537548721558
65.12565999995861,0.6748191050666605
65.12732999995862,0.6744844552612221
65.12899999995862,0.6741498054557837
65.13066999995863,0.6738151556502885
65.13233999995863,0.6734805058448501
65.13400999995864,0.6731458560394685
65.13567999995864,0.6728112062339733
65.13734999995864,0.6724765564285349
65.13901999995865,0.6721419066230965
65.14068999995865,0.6718072568176012
65.14235999995866,0.6714726070121628
65.14402999995866,0.6711379572067244
65.14569999995867,0.670803307401286
65.14736999995867,0.6704686575958476
65.14903999995867,0.6701340077904092
65.15070999995868,0.6697993579849708
65.15237999995868,0.6694647081794756
65.15404999995869,0.6691300583740372
65.15571999995869,0.6687954085685988
65.1573899999587,0.6684607587631604
65.1590599999587,0.6681261089576651
65.1607299999587,0.6677914591522836
65.16239999995871,0.6674568093468451
65.16406999995871,0.6671221595413499
65.16573999995872,0.6667875097359115
65.16740999995872,0.6664528599304731
65.16907999995873,0.6661182101250347
65.17074999995873,0.6657835603195394
65.17241999995873,0.665448910514101
65.17408999995874,0.6651142607087195
65.17575999995874,0.6647796109032242
65.17742999995875,0.6644449610977858
65.17909999995875,0.6641103112923474
65.18076999995876,0.6637756614868522
65.18243999995876,0.6634410116814138
65.18410999995876,0.6631063618759754
65.18577999995877,0.662771712070537
65.18744999995877,0.6624370622650986
65.18911999995878,0.6621024124596602
65.19078999995878,0.6617677626542218
65.19245999995879,0.6614331128487265
65.19412999995879,0.6610984630432881
65.1957999999588,0.6607638132378497
65.1974699999588,0.6604291634324113
65.1991399999588,0.6600945136269161
65.2008099999588,0.6597598638215345
65.20247999995881,0.6594252140160961
65.20414999995882,0.6590905642106009
65.20581999995882,0.6587559144051625
65.20748999995882,0.658421264599724
65.20915999995883,0.6580866147942288
65.21082999995883,0.6577519649887904
65.21249999995884,0.6574173151834088
65.21416999995884,0.6570826653779704
65.21583999995885,0.6567480155724752
65.21750999995885,0.6564133657670368
65.21917999995885,0.6560787159615984
65.22084999995886,0.6557440661561031
65.22251999995886,0.6554094163506647
65.22418999995887,0.6550747665452263
65.22585999995887,0.6547401167398448
65.22752999995888,0.6544054669343495
65.22919999995888,0.6540708171289111
65.23086999995888,0.6537361673234727
65.23253999995889,0.6534015175179775
65.23420999995889,0.6530668677125391
65.2358799999589,0.6527322179071007
65.2375499999589,0.6523975681016623
65.2392199999589,0.6520629182962239
65.24088999995891,0.6517282684907855
65.24255999995891,0.6513936186853471
65.24422999995892,0.6510589688798518
65.24589999995892,0.6507243190744134
65.24756999995893,0.650389669268975
65.24923999995893,0.6500550194634798
65.25090999995894,0.6497203696580414
65.25257999995894,0.6493857198526598
65.25424999995894,0.6490510700472214
65.25591999995895,0.6487164202417262
65.25758999995895,0.6483817704362878
65.25925999995896,0.6480471206308493
65.26092999995896,0.6477124708253541
65.26259999995897,0.6473778210199157
65.26426999995897,0.6470431712144773
65.26593999995897,0.6467085214090957
65.26760999995898,0.6463738716036005
65.26927999995898,0.6460392217981621
65.27094999995899,0.6457045719927237
65.27261999995899,0.6453699221872284
65.274289999959,0.64503527238179
65.275959999959,0.6447006225763516
65.277629999959,0.6443659727709701
65.27929999995901,0.6440313229654748
65.28096999995901,0.6436966731600364
65.28263999995902,0.643362023354598
65.28430999995902,0.6430273735491028
65.28597999995903,0.6426927237436644
65.28764999995903,0.642358073938226
65.28931999995903,0.6420234241327307
65.29098999995904,0.6416887743273492
65.29265999995904,0.6413541245219108
65.29432999995905,0.6410194747164724
65.29599999995905,0.6406848249109771
65.29766999995906,0.6403501751055387
65.29933999995906,0.6400155253001003
65.30100999995906,0.6396808754946051
65.30267999995907,0.6393462256891667
65.30434999995907,0.6390115758837851
65.30601999995908,0.6386769260782899
65.30768999995908,0.6383422762728514
65.30935999995909,0.638007626467413
65.31102999995909,0.6376729766619178
65.3126999999591,0.6373383268564794
65.3143699999591,0.637003677051041
65.3160399999591,0.6366690272456026
65.3177099999591,0.6363343774401642
65.31937999995911,0.6359997276347258
65.32104999995911,0.6356650778292874
65.32271999995912,0.6353304280237921
65.32438999995912,0.6349957782183537
65.32605999995913,0.6346611284129153
65.32772999995913,0.6343264786074201
65.32939999995914,0.6339918288019817
65.33106999995914,0.6336571789966001
65.33273999995914,0.6333225291911617
65.33440999995915,0.6329878793856665
65.33607999995915,0.6326532295802281
65.33774999995916,0.6323185797747897
65.33941999995916,0.6319839299692944
65.34108999995917,0.631649280163856
65.34275999995917,0.6313146303584745
65.34442999995917,0.6309799805529792
65.34609999995918,0.6306453307475408
65.34776999995918,0.6303106809421024
65.34943999995919,0.629976031136664
65.35110999995919,0.6296413813311688
65.3527799999592,0.6293067315257304
65.3544499999592,0.628972081720292
65.3561199999592,0.6286374319148536
65.35778999995921,0.6283027821094151
65.35945999995921,0.6279681323039767
65.36112999995922,0.6276334824984815
65.36279999995922,0.6272988326930431
65.36446999995923,0.6269641828876047
65.36613999995923,0.6266295330821094
65.36780999995923,0.626294883276671
65.36947999995924,0.6259602334712895
65.37114999995924,0.6256255836658511
65.37281999995925,0.6252909338603558
65.37448999995925,0.6249562840549174
65.37615999995926,0.624621634249479
65.37782999995926,0.6242869844439838
65.37949999995926,0.6239523346385454
65.38116999995927,0.623617684833107
65.38283999995927,0.6232830350276686
65.38450999995928,0.6229483852222302
65.38617999995928,0.6226137354167918
65.38784999995929,0.6222790856113534
65.38951999995929,0.6219444358058581
65.3911899999593,0.6216097860004197
65.3928599999593,0.6212751361949813
65.3945299999593,0.6209404863894861
65.39619999995931,0.6206058365841045
65.39786999995931,0.6202711867786661
65.39953999995932,0.6199365369731709
65.40120999995932,0.6196018871677325
65.40287999995932,0.619267237362294
65.40454999995933,0.6189325875567988
65.40621999995933,0.6185979377513604
65.40788999995934,0.618263287945922
65.40955999995934,0.6179286381405404
65.41122999995935,0.6175939883350452
65.41289999995935,0.6172593385296068
65.41456999995935,0.6169246887241684
65.41623999995936,0.6165900389186731
65.41790999995936,0.6162553891132347
65.41957999995937,0.6159207393077963
65.42124999995937,0.6155860895023011
65.42291999995938,0.6152514396969195
65.42458999995938,0.6149167898914811
65.42625999995938,0.6145821400860427
65.42792999995939,0.6142474902805475
65.4295999999594,0.6139145631149177
65.4312699999594,0.6135821844741258
65.4329399999594,0.613249805833334
65.4346099999594,0.6129174271925422
65.43627999995941,0.612585048551864
65.43794999995941,0.6122526699110722
65.43961999995942,0.6119202912702804
65.44128999995942,0.6115879126294885
65.44295999995943,0.6112555339886967
65.44462999995943,0.6109231553479049
65.44629999995944,0.610590776707113
65.44796999995944,0.6102583980663212
65.44963999995944,0.6099260194255294
65.45130999995945,0.6095936407848512
65.45297999995945,0.6092612621440594
65.45464999995946,0.6089288835032676
65.45631999995946,0.6085965048624757
65.45798999995947,0.6082641262216839
65.45965999995947,0.6079317475808921
65.46132999995947,0.6075993689401002
65.46299999995948,0.6072669902993084
65.46466999995948,0.6069346116586303
65.46633999995949,0.6066022330178384
65.46800999995949,0.6062698543770466
65.4696799999595,0.6059374757362548
65.4713499999595,0.605605097095463
65.4730199999595,0.6052727184546711
65.47468999995951,0.6049403398138793
65.47635999995951,0.6046079611730875
65.47802999995952,0.6042755825324093
65.47969999995952,0.6039432038916175
65.48136999995953,0.6036108252508257
65.48303999995953,0.6032784466100338
65.48470999995953,0.602946067969242
65.48637999995954,0.6026136893284502
65.48804999995954,0.6022813106876583
65.48971999995955,0.6019489320468665
65.49138999995955,0.6016165534060747
65.49305999995956,0.6012841747653965
65.49472999995956,0.6009517961246047
65.49639999995956,0.6006194174838129
65.49806999995957,0.600287038843021
65.49973999995957,0.5999546602022292
65.50140999995958,0.5996222815614374
65.50307999995958,0.5992899029206455
65.50474999995959,0.5989575242798537
65.50641999995959,0.5986251456391756
65.5080899999596,0.5982927669983837
65.5097599999596,0.5979603883575919
65.5114299999596,0.5976280097168001
65.5130999999596,0.5972956310760082
65.51476999995961,0.5969632524352164
65.51643999995962,0.5966308737944246
65.51810999995962,0.5962984951536328
65.51977999995962,0.5959661165129546
65.52144999995963,0.5956337378721628
65.52311999995963,0.595301359231371
65.52478999995964,0.5949689805905791
65.52645999995964,0.5946366019497873
65.52812999995965,0.5943042233089955
65.52979999995965,0.5939718446682036
65.53146999995965,0.5936394660274118
65.53313999995966,0.59330708738662
65.53480999995966,0.5929747087459418
65.53647999995967,0.59264233010515
65.53814999995967,0.5923099514643582
65.53981999995968,0.5919775728235663
65.54148999995968,0.5916451941827745
65.54315999995968,0.5913128155419827
65.54482999995969,0.5909804369011908
65.54649999995969,0.590648058260399
65.5481699999597,0.5903156796197209
65.5498399999597,0.589983300978929
65.5515099999597,0.5896509223381372
65.55317999995971,0.5893185436973454
65.55484999995971,0.5889861650565535
65.55651999995972,0.5886537864157617
65.55818999995972,0.5883214077749699
65.55985999995973,0.587989029134178
65.56152999995973,0.5876566504934431
65.56319999995974,0.5873242718527081
65.56486999995974,0.5869918932119162
65.56653999995974,0.5866595145711244
65.56820999995975,0.5863271359303326
65.56987999995975,0.5859947572895408
65.57154999995976,0.5856621595411298
65.57321999995976,0.5853275097356345
65.57488999995977,0.5849928599301961
65.57655999995977,0.5846582101248146
65.57822999995977,0.5843235603193762
65.57989999995978,0.5839889105138809
65.58156999995978,0.5836542607084425
65.58323999995979,0.5833196109030041
65.58490999995979,0.5829849610975089
65.5865799999598,0.5826503112920705
65.5882499999598,0.582315661486632
65.5899199999598,0.5819810116812505
65.59158999995981,0.5816463618757552
65.59325999995981,0.5813117120703168
65.59492999995982,0.5809770622648784
65.59659999995982,0.5806424124593832
65.59826999995983,0.5803077626539448
65.59993999995983,0.5799731128485064
65.60160999995983,0.579638463043068
65.60327999995984,0.5793038132376296
65.60494999995984,0.5789691634321912
65.60661999995985,0.5786345136267528
65.60828999995985,0.5782998638212575
65.60995999995986,0.5779652140158191
65.61162999995986,0.5776305642103807
65.61329999995986,0.5772959144048855
65.61496999995987,0.5769612645994471
65.61663999995987,0.5766266147940655
65.61830999995988,0.5762919649886271
65.61997999995988,0.5759573151831319
65.62164999995989,0.5756226653776935
65.62331999995989,0.5752880155722551
65.6249899999599,0.5749533657667598
65.6266599999599,0.5746187159613214
65.6283299999599,0.574284066155883
65.6299999999599,0.5739494163505015
65.63166999995991,0.5736147665450062
65.63333999995992,0.5732801167395678
65.63500999995992,0.5729454669341294
65.63667999995992,0.5726108171286342
65.63834999995993,0.5722761673231958
65.64001999995993,0.5719415175177573
65.64168999995994,0.5716068677122621
65.64335999995994,0.5712722179068805
65.64502999995995,0.5709375681014421
65.64669999995995,0.5706029182960037
65.64836999995995,0.5702682684905085
65.65003999995996,0.5699336186850701
65.65170999995996,0.5695989688796317
65.65337999995997,0.5692643190741364
65.65504999995997,0.568929669268698
65.65671999995998,0.5685950194633165
65.65838999995998,0.5682603696578781
65.66005999995998,0.5679257198523828
65.66172999995999,0.5675910700469444
65.66339999995999,0.567256420241506
65.66506999996,0.5669217704360108
65.66673999996,0.5665871206305724
65.66840999996,0.5662524708251908
65.67007999996001,0.5659178210197524
65.67174999996001,0.5655831712142572
65.67341999996002,0.5652485214088188
65.67508999996002,0.5649138716033804
65.67675999996003,0.5645792217978851
65.67842999996003,0.5642445719924467
65.68009999996004,0.5639099221870083
65.68176999996004,0.5635752723815699
65.68343999996004,0.5632406225761315
65.68510999996005,0.5629059727706931
65.68677999996005,0.5625713229652547
65.68844999996006,0.5622366731597594
65.69011999996006,0.561902023354321
65.69178999996006,0.5615673735488826
65.69345999996007,0.5612327237433874
65.69512999996007,0.5608980739380058
65.69679999996008,0.5605634241325674
65.69846999996008,0.560228774327129
65.70013999996009,0.5598941245216338
65.70180999996009,0.5595594747161954
65.7034799999601,0.559224824910757
65.7051499999601,0.5588901751052617
65.7068199999601,0.5585555252998233
65.70848999996011,0.5582208754944418
65.71015999996011,0.5578862256890034
65.71182999996012,0.5575515758835081
65.71349999996012,0.5572169260780697
65.71516999996012,0.5568822762726313
65.71683999996013,0.5565476264671361
65.71850999996013,0.5562129766616977
65.72017999996014,0.5558783268562593
65.72184999996014,0.5555436770508209
65.72351999996015,0.5552090272453825
65.72518999996015,0.554874377439944
65.72685999996015,0.5545397276345057
65.72852999996016,0.5542050778290104
65.73019999996016,0.553870428023572
65.73186999996017,0.5535357782181336
65.73353999996017,0.5532011284126952
65.73520999996018,0.5528664786072568
65.73687999996018,0.5525318288018184
65.73854999996018,0.5521971789963231
65.74021999996019,0.5518625291908847
65.7418899999602,0.5515278793854463
65.7435599999602,0.5511932295799511
65.7452299999602,0.5508585797745127
65.7468999999602,0.5505239299691311
65.74856999996021,0.5501892801636927
65.75023999996021,0.5498546303581975
65.75190999996022,0.5495199805527591
65.75357999996022,0.5491853307473207
65.75524999996023,0.5488506809418254
65.75691999996023,0.548516031136387
65.75858999996024,0.5481813813309486
65.76025999996024,0.5478467315255102
65.76192999996024,0.5475120817200718
65.76359999996025,0.5471774319146334
65.76526999996025,0.546842782109195
65.76693999996026,0.5465081323036998
65.76860999996026,0.5461734824982614
65.77027999996027,0.545838832692823
65.77194999996027,0.5455041828873277
65.77361999996027,0.5451695330819462
65.77528999996028,0.5448348832765078
65.77695999996028,0.5445002334710125
65.77862999996029,0.5441655836655741
65.78029999996029,0.5438309338601357
65.7819699999603,0.5434962840546405
65.7836399999603,0.543161634249202
65.7853099999603,0.5428269844437636
65.78697999996031,0.5424923346383821
65.78864999996031,0.5421576848328868
65.79031999996032,0.5418230350274484
65.79198999996032,0.54148838522201
65.79365999996033,0.5411537354165148
65.79532999996033,0.5408190856110764
65.79699999996033,0.540484435805638
65.79866999996034,0.5401497860001427
65.80033999996034,0.5398151361947612
65.80200999996035,0.5394804863893228
65.80367999996035,0.5391458365838844
65.80534999996036,0.5388111867783891
65.80701999996036,0.5384765369729507
65.80868999996036,0.5381418871675123
65.81035999996037,0.5378072373620171
65.81202999996037,0.5374725875565787
65.81369999996038,0.5371379377511971
65.81536999996038,0.5368032879457019
65.81703999996039,0.5364686381402635
65.81870999996039,0.5361339883348251
65.8203799999604,0.5357993385293298
65.8220499999604,0.5354646887238914
65.8237199999604,0.535130038918453
65.82538999996041,0.5347953891130146
65.82705999996041,0.5344607393075762
65.82872999996042,0.5341260895021378
65.83039999996042,0.5337914396966994
65.83206999996042,0.5334567898912042
65.83373999996043,0.5331221400857657
65.83540999996043,0.5327874902803273
65.83707999996044,0.5324528404748321
65.83874999996044,0.5321181906693937
65.84041999996045,0.5317835408639553
65.84208999996045,0.5314488910585737
65.84375999996045,0.5311142412530785
65.84542999996046,0.5307795914476401
65.84709999996046,0.5304449416422017
65.84876999996047,0.5301102918367064
65.85043999996047,0.529775642031268
65.85210999996048,0.5294409922258296
65.85377999996048,0.5291063424203344
65.85544999996048,0.5287716926149528
65.85711999996049,0.5284372815613096
65.85878999996049,0.5281049029205178
65.8604599999605,0.527772524279726
65.8621299999605,0.5274401456389342
65.8637999999605,0.5271077669981423
65.86546999996051,0.5267753883573505
65.86713999996051,0.5264430097165587
65.86880999996052,0.5261106310758805
65.87047999996052,0.5257782524350887
65.87214999996053,0.5254458737942969
65.87381999996053,0.525113495153505
65.87548999996054,0.5247811165127132
65.87715999996054,0.5244487378719214
65.87882999996054,0.5241163592311295
65.88049999996055,0.5237839805903945
65.88216999996055,0.5234516019496027
65.88383999996056,0.5231192233088677
65.88550999996056,0.5227868446680759
65.88717999996057,0.5224544660272841
65.88884999996057,0.5221220873864922
65.89051999996057,0.5217897087457004
65.89218999996058,0.5214573301049086
65.89385999996058,0.5211249514641736
65.89552999996059,0.5207925728233818
65.89719999996059,0.5204601941826468
65.8988699999606,0.5201278155418549
65.9005399999606,0.5197954369010631
65.9022099999606,0.5194630582602713
65.90387999996061,0.5191306796194795
65.90554999996061,0.5187983009787445
65.90721999996062,0.5184659223379526
65.90888999996062,0.5181335436971608
65.91055999996063,0.5178011650564258
65.91222999996063,0.517468786415634
65.91389999996063,0.5171364077748422
65.91556999996064,0.5168040291340503
65.91723999996064,0.5164716504932585
65.91890999996065,0.5161392718525235
65.92057999996065,0.5158068932117317
65.92224999996066,0.5154745145709398
65.92391999996066,0.515142135930148
65.92558999996066,0.514809757289413
65.92725999996067,0.5144773786486212
65.92892999996067,0.5141450000078294
65.93059999996068,0.5138126213670375
65.93226999996068,0.5134802427263025
65.93393999996069,0.5131478640855107
65.93560999996069,0.5128154854447189
65.9372799999607,0.5124831068039271
65.9389499999607,0.5121507281631921
65.9406199999607,0.5118183495224002
65.9422899999607,0.5114859708816084
65.94395999996071,0.5111535922408734
65.94562999996072,0.5108212136000816
65.94729999996072,0.5104888349592898
65.94896999996072,0.5101564563184979
65.95063999996073,0.5098240776777061
65.95230999996073,0.5094916990369711
65.95397999996074,0.5091593203961793
65.95564999996074,0.5088269417553875
65.95731999996075,0.5084945631146525
65.95898999996075,0.5081621844738606
65.96065999996075,0.5078298058330688
65.96232999996076,0.507497427192277
65.96399999996076,0.5071650485514851
65.96566999996077,0.5068326699106933
65.96733999996077,0.5065002912699583
65.96900999996078,0.5061679126292233
65.97067999996078,0.5058355339884315
65.97234999996078,0.5055031553476397
65.97401999996079,0.5051707767068478
65.97568999996079,0.504838398066056
65.9773599999608,0.5045060194252642
65.9790299999608,0.5041736407844724
65.9806999999608,0.5038412621437374
65.98236999996081,0.5035088835030024
65.98403999996081,0.5031765048622105
65.98570999996082,0.5028441262214187
65.98737999996082,0.5025117475806269
65.98904999996083,0.5021793689398351
65.99071999996083,0.5018469902990432
65.99238999996084,0.5015146116582514
65.99405999996084,0.5011822330175733
65.99572999996084,0.5008498543767814
65.99739999996085,0.5005174757359896
65.99906999996085,0.5001850970951978
66.00073999996086,0.5
66.00240999996086,0.5
66.00407999996087,0.5
66.00574999996087,0.49999999999994316
66.00741999996087,0.5
66.00908999996088,0.5
66.01075999996088,0.5
66.01242999996089,0.5
66.01409999996089,0.5
66.0157699999609,0.5
66.0174399999609,0.5
66.0191099999609,0.49999999999994316
66.02077999996091,0.5
66.02244999996091,0.5
66.02411999996092,0.5
66.02578999996092,0.5
66.02745999996093,0.5
66.02912999996093,0.5
66.03079999996093,0.5
66.03246999996094,0.49999999999994316
66.03413999996094,0.5
66.03580999996095,0.5
66.03747999996095,0.5
66.03914999996096,0.5
66.04081999996096,0.5
66.04248999996096,0.5
66.04415999996097,0.5
66.04582999996097,0.49999999999994316
66.04749999996098,0.5
66.04916999996098,0.5
66.05083999996098,0.5
66.05250999996099,0.5
66.054179999961,0.5
66.055849999961,0.5
66.057519999961,0.5
66.059189999961,0.49999999999994316
66.06085999996101,0.5
66.06252999996101,0.5
66.06419999996102,0.5
66.06586999996102,0.5
66.06753999996103,0.5
66.06920999996103,0.5
66.07087999996104,0.49999999999994316
66.07254999996104,0.5
66.07421999996104,0.5
66.07588999996105,0.5
66.07755999996105,0.5
66.07922999996106,0.5
66.08089999996106,0.5
66.08256999996107,0.5
66.08423999996107,0.49999999999994316
66.08590999996107,0.5
66.08757999996108,0.5
66.08924999996108,0.5
66.09091999996109,0.5
66.09258999996109,0.5
66.0942599999611,0.5
66.0959299999611,0.5
66.0975999999611,0.49999999999994316
66.09926999996111,0.5
66.10093999996111,0.5
66.10260999996112,0.5
66.10427999996112,0.5
66.10594999996113,0.5
66.10761999996113,0.5
66.10928999996113,0.5
66.11095999996114,0.49999999999994316
66.11262999996114,0.5
66.11429999996115,0.5
66.11596999996115,0.5
66.11763999996116,0.5
66.11930999996116,0.5
66.12097999996116,0.5
66.12264999996117,0.5
66.12431999996117,0.49999999999994316
66.12598999996118,0.5
66.12765999996118,0.5
66.12932999996119,0.5
66.13099999996119,0.5
66.1326699999612,0.5
66.1343399999612,0.5
66.1360099999612,0.49999999999994316
66.13767999996121,0.5
66.13934999996121,0.5
66.14101999996122,0.5
66.14268999996122,0.5
66.14435999996122,0.5
66.14602999996123,0.5
66.14769999996123,0.5
66.14936999996124,0.49999999999994316
66.15103999996124,0.5
66.15270999996125,0.5
66.15437999996125,0.5
66.15604999996125,0.5
66.15771999996126,0.5
66.15938999996126,0.5
66.16105999996127,0.5
66.16272999996127,0.49999999999994316
66.16439999996128,0.5
66.16606999996128,0.5
66.16773999996128,0.5
66.16940999996129,0.5
66.1710799999613,0.5
66.1727499999613,0.5
66.1744199999613,0.5
66.1760899999613,0.49999999999994316
66.17775999996131,0.5
66.17942999996131,0.5
66.18109999996132,0.5
66.18276999996132,0.5
66.18443999996133,0.5
66.18610999996133,0.5
66.18777999996134,0.5
66.18944999996134,0.49999999999994316
66.19111999996134,0.5
66.19278999996135,0.5
66.19445999996135,0.5
66.19612999996136,0.5
66.19779999996136,0.5
66.19946999996137,0.5
66.20113999996137,0.49999999999994316
66.20280999996137,0.5
66.20447999996138,0.5
66.20614999996138,0.5
66.20781999996139,0.5
66.20948999996139,0.5
66.2111599999614,0.5
66.2128299999614,0.5
66.2144999999614,0.49999999999994316
66.21616999996141,0.5
66.21783999996141,0.5
66.21950999996142,0.5
66.22117999996142,0.5
66.22284999996143,0.5
66.22451999996143,0.5
66.22618999996143,0.5
66.22785999996144,0.49999999999994316
66.22952999996144,0.5
66.23119999996145,0.5
66.23286999996145,0.5
66.23453999996146,0.5
66.23620999996146,0.5
66.23787999996146,0.5
66.23954999996147,0.5
66.24121999996147,0.49999999999994316
66.24288999996148,0.5
66.24455999996148,0.5
66.24622999996149,0.5
66.24789999996149,0.5
66.2495699999615,0.5
66.2512399999615,0.5
66.2529099999615,0.5
66.2545799999615,0.49999999999994316
66.25624999996151,0.5
66.25791999996152,0.5
66.25958999996152,0.5
66.26125999996152,0.5
66.26292999996153,0.5
66.26459999996153,0.5
66.26626999996154,0.5
66.26793999996154,0.5
66.26960999996155,0.5
66.27127999996155,0.5
66.27294999996155,0.5
66.27461999996156,0.5
66.27628999996156,0.5
66.27795999996157,0.5
66.27962999996157,0.49999999999994316
66.28129999996158,0.5
66.28296999996158,0.5
66.28463999996158,0.5
66.28630999996159,0.5
66.28797999996159,0.5
66.2896499999616,0.5
66.2913199999616,0.5
66.2929899999616,0.49999999999994316
66.29465999996161,0.5
66.29632999996161,0.5
66.29799999996162,0.5
66.29966999996162,0.5
66.30133999996163,0.5
66.30300999996163,0.5
66.30467999996164,0.5
66.30634999996164,0.49999999999994316
66.30801999996164,0.5
66.30968999996165,0.5
66.31135999996165,0.5
66.31302999996166,0.5
66.31469999996166,0.5
66.31636999996167,0.5
66.31803999996167,0.5
66.31970999996167,0.49999999999994316
66.32137999996168,0.5
66.32304999996168,0.5
66.32471999996169,0.5
66.32638999996169,0.5
66.3280599999617,0.5
66.3297299999617,0.5
66.3313999999617,0.5
66.33306999996171,0.49999999999994316
66.33473999996171,0.5
66.33640999996172,0.5
66.33807999996172,0.5
66.33974999996173,0.5
66.34141999996173,0.5
66.34308999996173,0.5
66.34475999996174,0.49999999999994316
66.34642999996174,0.5
66.34809999996175,0.5
66.34976999996175,0.5
66.35143999996176,0.5
66.35310999996176,0.5
66.35477999996176,0.5
66.35644999996177,0.5
66.35811999996177,0.49999999999994316
66.35978999996178,0.5
66.36145999996178,0.5
66.36312999996179,0.5
66.36479999996179,0.5
66.3664699999618,0.5
66.3681399999618,0.5
66.3698099999618,0.5
66.3714799999618,0.49999999999994316
66.37314999996181,0.5
66.37481999996182,0.5
66.37648999996182,0.5
66.37815999996182,0.5
66.37982999996183,0.5
66.38149999996183,0.5
66.38316999996184,0.5
66.38483999996184,0.49999999999994316
66.38650999996185,0.5
66.38817999996185,0.5
66.38984999996185,0.5
66.39151999996186,0.5
66.39318999996186,0.5
66.39485999996187,0.5
66.39652999996187,0.5
66.39819999996188,0.49999999999994316
66.39986999996188,0.5
66.40153999996188,0.5
66.40320999996189,0.5
66.40487999996189,0.5
66.4065499999619,0.5
66.4082199999619,0.5
66.4098899999619,0.5
66.41155999996191,0.49999999999994316
66.41322999996191,0.5
66.41489999996192,0.5
66.41656999996192,0.5
66.41823999996193,0.5
66.41990999996193,0.5
66.42157999996193,0.5
66.42324999996194,0.5
66.42491999996194,0.49999999999994316
66.42658999996195,0.5
66.42825999996195,0.5
66.42992999996196,0.5
66.43159999996196,0.5
66.43326999996196,0.5
66.43493999996197,0.5
66.43660999996197,0.5
66.43827999996198,0.49999999999994316
66.43994999996198,0.5
66.44161999996199,0.5
66.44328999996199,0.5
66.444959999962,0.5
66.446629999962,0.5
66.448299999962,0.5
66.44996999996201,0.5
66.45163999996201,0.5
66.45330999996202,0.49999999999994316
66.45497999996202,0.5
66.45664999996202,0.5
66.45831999996203,0.5
66.45998999996203,0.5
66.46165999996204,0.5
66.46332999996204,0.5
66.46499999996205,0.5
66.46666999996205,0.49999999999994316
66.46833999996205,0.5
66.47000999996206,0.5
66.47167999996206,0.5
66.47334999996207,0.5
66.47501999996207,0.5
66.47668999996208,0.5
66.47835999996208,0.5
66.48002999996208,0.5
66.48169999996209,0.49999999999994316
66.4833699999621,0.5
66.4850399999621,0.5
66.4867099999621,0.5
66.4883799999621,0.5
66.49004999996211,0.5
66.49171999996211,0.5
66.49338999996212,0.5
66.49505999996212,0.49999999999994316
66.49672999996213,0.5
66.49839999996213,0.5
66.50006999996214,0.5
66.50173999996214,0.5
66.50340999996214,0.5
66.50507999996215,0.5
66.50674999996215,0.5
66.50841999996216,0.49999999999994316
66.51008999996216,0.5
66.51175999996217,0.5
66.51342999996217,0.5
66.51509999996217,0.5
66.51676999996218,0.5
66.51843999996218,0.5
66.52010999996219,0.5
66.52177999996219,0.5
66.5234499999622,0.49999999999994316
66.5251199999622,0.5
66.5267899999622,0.5
66.52845999996221,0.5
66.53012999996221,0.5
66.53179999996222,0.5
66.53346999996222,0.5
66.53513999996223,0.5
66.53680999996223,0.49999999999994316
66.53847999996223,0.5
66.54014999996224,0.5
66.54181999996224,0.5
66.54348999996225,0.5
66.54515999996225,0.5
66.54682999996226,0.5
66.54849999996226,0.5
66.55016999996226,0.49999999999994316
66.55183999996227,0.5
66.55350999996227,0.5
66.55517999996228,0.5
66.55684999996228,0.5
66.55851999996229,0.5
66.56018999996229,0.5
66.5618599999623,0.5
66.5635299999623,0.5
66.5651999999623,0.49999999999994316
66.56686999996231,0.5
66.56853999996231,0.5
66.57020999996232,0.5
66.57187999996232,0.5
66.57354999996232,0.5
66.57521999996233,0.5
66.57688999996233,0.5
66.57855999996234,0.49999999999994316
66.58022999996234,0.5
66.58189999996235,0.5
66.58356999996235,0.5
66.58523999996235,0.5
66.58690999996236,0.5
66.58857999996236,0.5
66.59024999996237,0.5
66.59191999996237,0.49999999999994316
66.59358999996238,0.5
66.59525999996238,0.5
66.59692999996238,0.5
66.59859999996239,0.5
66.60026999996239,0.5
66.6019399999624,0.5
66.6036099999624,0.5
66.6052799999624,0.49999999999994316
66.60694999996241,0.5
66.60861999996241,0.5
66.61028999996242,0.5
66.61195999996242,0.5
66.61362999996243,0.5
66.61529999996243,0.5
66.61696999996244,0.5
66.61863999996244,0.49999999999994316
66.62030999996244,0.5
66.62197999996245,0.5
66.62364999996245,0.5
66.62531999996246,0.5
66.62698999996246,0.5
66.62865999996247,0.5
66.63032999996247,0.5
66.63199999996247,0.49999999999994316
66.63366999996248,0.5
66.63533999996248,0.5
66.63700999996249,0.5
66.63867999996249,0.5
66.6403499999625,0.5
66.6420199999625,0.5
66.6436899999625,0.5
66.64535999996251,0.49999999999994316
66.64702999996251,0.5
66.64869999996252,0.5
66.65036999996252,0.5
66.65203999996253,0.5
66.65370999996253,0.5
66.65537999996253,0.5
66.65704999996254,0.5
66.65871999996254,0.49999999999994316
66.66038999996255,0.5
66.66205999996255,0.5
66.66372999996256,0.5
66.66539999996256,0.5
66.66706999996256,0.5
66.66873999996257,0.5
66.67040999996257,0.49999999999994316
66.67207999996258,0.5
66.67374999996258,0.5
66.67541999996259,0.5
66.67708999996259,0.5
66.6787599999626,0.5
66.6804299999626,0.5
66.6820999999626,0.5
66.6837699999626,0.49999999999994316
66.68543999996261,0.5
66.68710999996262,0.5
66.68877999996262,0.5
66.69044999996262,0.5
66.69211999996263,0.5
66.69378999996263,0.5
66.69545999996264,0.5
66.69712999996264,0.49999999999994316
66.69879999996265,0.5
66.70046999996265,0.5
66.70213999996265,0.5
66.70380999996266,0.5
66.70547999996266,0.5
66.70714999996267,0.5
66.70881999996267,0.5
66.71048999996268,0.49999999999994316
66.71215999996268,0.5
66.71382999996268,0.5
66.71549999996269,0.5
66.71716999996269,0.5
66.7188399999627,0.5
66.7205099999627,0.5
66.7221799999627,0.5
66.72384999996271,0.49999999999994316
66.72551999996271,0.5
66.72718999996272,0.5
66.72885999996272,0.5
66.73052999996273,0.5
66.73219999996273,0.5
66.73386999996274,0.5
66.73553999996274,0.49999999999994316
66.73720999996274,0.5
66.73887999996275,0.5
66.74054999996275,0.5
66.74221999996276,0.5
66.74388999996276,0.5
66.74555999996277,0.5
66.74722999996277,0.5
66.74889999996277,0.49999999999994316
66.75056999996278,0.5
66.75223999996278,0.5
66.75390999996279,0.5
66.75557999996279,0.5
66.7572499999628,0.5
66.7589199999628,0.5
66.7605899999628,0.5
66.76225999996281,0.49999999999994316
66.76392999996281,0.5
66.76559999996282,0.5
66.76726999996282,0.5
66.76893999996283,0.5
66.77060999996283,0.5
66.77227999996283,0.5
66.77394999996284,0.5
66.77561999996284,0.49999999999994316
66.77728999996285,0.5
66.77895999996285,0.5
66.78062999996285,0.5
66.78229999996286,0.5
66.78396999996286,0.5
66.78563999996287,0.5
66.78730999996287,0.5
66.78897999996288,0.49999999999994316
66.79064999996288,0.5
66.79231999996288,0.5
66.79398999996289,0.5
66.7956599999629,0.5
66.7973299999629,0.5
66.7989999999629,0.5
66.8006699999629,0.5
66.80233999996291,0.49999999999994316
66.80400999996291,0.5
66.80567999996292,0.5
66.80734999996292,0.5
66.80901999996293,0.5
66.81068999996293,0.5
66.81235999996294,0.5
66.81402999996294,0.5
66.81569999996294,0.49999999999994316
66.81736999996295,0.5
66.81903999996295,0.5
66.82070999996296,0.5
66.82237999996296,0.5
66.82404999996297,0.5
66.82571999996297,0.5
66.82738999996297,0.5
66.82905999996298,0.49999999999994316
66.83072999996298,0.5
66.83239999996299,0.5
66.83406999996299,0.5
66.835739999963,0.5
66.837409999963,0.5
66.839079999963,0.5
66.84074999996301,0.5
66.84241999996301,0.5
66.84408999996302,0.49999999999994316
66.84575999996302,0.5
66.84742999996303,0.5
66.84909999996303,0.5
66.85076999996303,0.5
66.85243999996304,0.5
66.85410999996304,0.5
66.85577999996305,0.5
66.85744999996305,0.49999999999994316
66.85911999996306,0.5
66.86078999996306,0.5
66.86245999996306,0.5
66.86412999996307,0.5
66.86579999996307,0.5
66.86746999996308,0.5
66.86913999996308,0.5
66.87080999996309,0.49999999999994316
66.87247999996309,0.5
66.8741499999631,0.5
66.8758199999631,0.5
66.8774899999631,0.5
66.87915999996311,0.5
66.88082999996311,0.5
66.88249999996312,0.5
66.88416999996312,0.5
66.88583999996312,0.49999999999994316
66.88750999996313,0.5
66.88917999996313,0.5
66.89084999996314,0.5
66.89251999996314,0.5
66.89418999996315,0.5
66.89585999996315,0.5
66.89752999996315,0.5
66.89919999996316,0.49999999999994316
66.90086999996316,0.5
66.90253999996317,0.5
66.90420999996317,0.5
66.90587999996318,0.5
66.90754999996318,0.5
66.90921999996318,0.5
66.91088999996319,0.5
66.9125599999632,0.49999999999994316
66.9142299999632,0.5
66.9158999999632,0.5
66.9175699999632,0.5
66.91923999996321,0.5
66.92090999996321,0.5
66.92257999996322,0.5
66.92424999996322,0.5
66.92591999996323,0.5
66.92758999996323,0.49999999999994316
66.92925999996324,0.5
66.93092999996324,0.5
66.93259999996324,0.5
66.93426999996325,0.5
66.93593999996325,0.5
66.93760999996326,0.5
66.93927999996326,0.5
66.94094999996327,0.49999999999994316
66.94261999996327,0.5
66.94428999996327,0.5
66.94595999996328,0.5
66.94762999996328,0.5
66.94929999996329,0.5
66.95096999996329,0.5
66.9526399999633,0.5
66.9543099999633,0.49999999999994316
66.9559799999633,0.5
66.95764999996331,0.5
66.95931999996331,0.5
66.96098999996332,0.5
66.96265999996332,0.5
66.96432999996333,0.5
66.96599999996333,0.5
66.96766999996333,0.5
66.96933999996334,0.49999999999994316
66.97100999996334,0.5
66.97267999996335,0.5
66.97434999996335,0.5
66.97601999996336,0.5
66.97768999996336,0.5
66.97935999996336,0.5
66.98102999996337,0.5
66.98269999996337,0.49999999999994316
66.98436999996338,0.5
66.98603999996338,0.5
66.98770999996339,0.5
66.98937999996339,0.5
66.9910499999634,0.5
66.9927199999634,0.5
66.9943899999634,0.5
66.9960599999634,0.49999999999994316
66.99772999996341,0.5
66.99939999996342,0.5
67.00106999996342,0.49989300000368075
67.00273999996342,0.49972600000364764
67.00440999996343,0.49955900000367137
67.00607999996343,0.4993920000036951
67.00774999996344,0.499225000003662
67.00941999996344,0.4990580000036289
67.01108999996345,0.4988910000036526
67.01275999996345,0.49872400000367634
67.01442999996345,0.4985570000036432
67.01609999996346,0.49839000000366696
67.01776999996346,0.4982230000036907
67.01943999996347,0.4980560000036576
67.02110999996347,0.4978890000036813
67.02277999996348,0.4977220000036482
67.02444999996348,0.4975550000036151
67.02611999996348,0.4973880000036388
67.02778999996349,0.49722100000366254
67.02945999996349,0.49705400000368627
67.0311299999635,0.49688700000365316
67.0327999999635,0.4967200000036769
67.0344699999635,0.4965530000037006
67.03613999996351,0.49638600000361066
67.03780999996351,0.4962190000036344
67.03947999996352,0.4960520000036581
67.04114999996352,0.495885000003625
67.04281999996353,0.49571800000364874
67.04448999996353,0.49555100000367247
67.04615999996354,0.4953840000036962
67.04782999996354,0.4952170000036631
67.04949999996354,0.49505000000363
67.05116999996355,0.4948830000036537
67.05283999996355,0.4947160000036206
67.05450999996356,0.4945490000036443
67.05617999996356,0.49438200000366805
67.05784999996357,0.49421500000363494
67.05951999996357,0.49404800000365867
67.06118999996357,0.4938810000036824
67.06285999996358,0.4937140000036493
67.06452999996358,0.4935470000036162
67.06619999996359,0.4933800000036399
67.06786999996359,0.49321300000366364
67.0695399999636,0.4930460000036305
67.0712099999636,0.49287900000365426
67.0728799999636,0.492712000003678
67.07454999996361,0.4925450000036449
67.07621999996361,0.49237800000361176
67.07788999996362,0.4922110000036355
67.07955999996362,0.4920440000036592
67.08122999996363,0.4918770000036261
67.08289999996363,0.49171000000364984
67.08456999996363,0.49154300000367357
67.08623999996364,0.49137600000364046
67.08790999996364,0.49120900000360734
67.08957999996365,0.4910420000036311
67.09124999996365,0.4908750000036548
67.09291999996366,0.4907080000036217
67.09458999996366,0.4905410000036454
67.09625999996366,0.49037400000366915
67.09792999996367,0.49020700000363604
67.09959999996367,0.49004000000365977
67.10126999996368,0.48987300000362666
67.10293999996368,0.48970600000359354
67.10460999996369,0.4895390000036173
67.10627999996369,0.489372000003641
67.1079499999637,0.48920500000366474
67.1096199999637,0.4890380000036316
67.1112899999637,0.48887100000365535
67.1129599999637,0.4887040000036791
67.11462999996371,0.48853700000358913
67.11629999996372,0.48837000000361286
67.11796999996372,0.4882030000036366
67.11963999996372,0.4880360000036035
67.12130999996373,0.4878690000036272
67.12297999996373,0.48770200000365094
67.12464999996374,0.48753500000367467
67.12631999996374,0.48736800000364155
67.12798999996375,0.48720100000360844
67.12965999996375,0.4870340000036322
67.13132999996375,0.48686700000359906
67.13299999996376,0.4867000000036228
67.13466999996376,0.4865330000036465
67.13633999996377,0.48636600000367025
67.13800999996377,0.48619900000363714
67.13967999996378,0.486032000003604
67.14134999996378,0.48586500000362776
67.14301999996378,0.48569800000359464
67.14468999996379,0.4855310000036184
67.14635999996379,0.4853640000036421
67.1480299999638,0.485197000003609
67.1496999999638,0.4850300000036327
67.1513699999638,0.48486300000365645
67.15303999996381,0.48469600000362334
67.15470999996381,0.4845290000035902
67.15637999996382,0.48436200000361396
67.15804999996382,0.4841950000036377
67.15971999996383,0.4840280000036046
67.16138999996383,0.4838610000036283
67.16305999996383,0.48369400000365204
67.16472999996384,0.4835270000036189
67.16639999996384,0.4833600000035858
67.16806999996385,0.48319300000360954
67.16973999996385,0.48302600000363327
67.17140999996386,0.48285900000360016
67.17307999996386,0.4826920000036239
67.17474999996386,0.4825250000036476
67.17641999996387,0.4823580000036145
67.17808999996387,0.48219100000363824
67.17975999996388,0.4820240000036051
67.18142999996388,0.481857000003572
67.18309999996389,0.48169000000359574
67.18476999996389,0.4815230000036195
67.1864399999639,0.4813560000036432
67.1881099999639,0.4811890000036101
67.1897799999639,0.4810220000036338
67.19144999996391,0.48085500000365755
67.19311999996391,0.4806880000035676
67.19478999996392,0.4805210000035913
67.19645999996392,0.48035400000361506
67.19812999996392,0.4801870000036388
67.19979999996393,0.4800200000036057
67.20146999996393,0.4798530000036294
67.20313999996394,0.47968600000365313
67.20480999996394,0.4795190000035632
67.20647999996395,0.4793520000035869
67.20814999996395,0.47918500000361064
67.20981999996395,0.4790180000035775
67.21148999996396,0.47885100000360126
67.21315999996396,0.478684000003625
67.21482999996397,0.4785170000036487
67.21649999996397,0.4783500000036156
67.21816999996398,0.4781830000035825
67.21983999996398,0.4780160000036062
67.22150999996398,0.4778490000035731
67.22317999996399,0.47768200000359684
67.224849999964,0.47751500000362057
67.226519999964,0.47734800000358746
67.228189999964,0.4771810000036112
67.229859999964,0.4770140000036349
67.23152999996401,0.4768470000036018
67.23319999996401,0.4766800000035687
67.23486999996402,0.4765130000035924
67.23653999996402,0.47634600000361615
67.23820999996403,0.47617900000358304
67.23987999996403,0.47601200000360677
67.24154999996404,0.4758450000036305
67.24321999996404,0.4756780000035974
67.24488999996404,0.4755110000035643
67.24655999996405,0.475344000003588
67.24822999996405,0.47517700000361174
67.24989999996406,0.4750100000035786
67.25156999996406,0.47484300000360236
67.25323999996407,0.4746760000036261
67.25490999996407,0.474509000003593
67.25657999996407,0.4743420000036167
67.25824999996408,0.4741750000035836
67.25991999996408,0.4740080000036073
67.26158999996409,0.4738410000035742
67.26325999996409,0.47367400000359794
67.2649299999641,0.47350700000362167
67.2665999999641,0.47334000000358856
67.2682699999641,0.4731730000036123
67.26993999996411,0.4730060000035792
67.27160999996411,0.47283900000354606
67.27327999996412,0.4726720000035698
67.27494999996412,0.4725050000035935
67.27661999996413,0.47233800000361725
67.27828999996413,0.47217100000358414
67.27995999996413,0.47200400000360787
67.28162999996414,0.4718370000036316
67.28329999996414,0.47167000000354165
67.28496999996415,0.4715030000035654
67.28663999996415,0.4713360000035891
67.28830999996416,0.471169000003556
67.28997999996416,0.4710020000035797
67.29164999996416,0.47083500000360345
67.29331999996417,0.4706680000036272
67.29498999996417,0.47050100000359407
67.29665999996418,0.47033400000356096
67.29832999996418,0.4701670000035847
67.29999999996419,0.4700000000035516
67.30166999996419,0.4698330000035753
67.3033399999642,0.46966600000359904
67.3050099999642,0.4694990000035659
67.3066799999642,0.46933200000358966
67.30834999996421,0.4691650000036134
67.31001999996421,0.4689980000035803
67.31168999996422,0.46883100000354716
67.31335999996422,0.4686640000035709
67.31502999996422,0.4684970000035946
67.31669999996423,0.4683300000035615
67.31836999996423,0.46816300000358524
67.32003999996424,0.46799600000360897
67.32170999996424,0.4678290000036327
67.32337999996425,0.46766200000354274
67.32504999996425,0.4674950000035665
67.32671999996425,0.4673280000035902
67.32838999996426,0.4671610000035571
67.33005999996426,0.4669940000035808
67.33172999996427,0.46682700000360455
67.33339999996427,0.46666000000357144
67.33506999996428,0.4664930000035383
67.33673999996428,0.46632600000356206
67.33840999996428,0.4661590000035858
67.34007999996429,0.4659920000035527
67.34174999996429,0.4658250000035764
67.3434199999643,0.46565800000360014
67.3450899999643,0.465491000003567
67.3467599999643,0.46532400000359075
67.34842999996431,0.46515700000355764
67.35009999996431,0.46499000000352453
67.35176999996432,0.46482300000354826
67.35343999996432,0.464656000003572
67.35510999996433,0.4644890000035957
67.35677999996433,0.4643220000035626
67.35844999996434,0.46415500000358634
67.36011999996434,0.46398800000361007
67.36178999996434,0.4638210000035201
67.36345999996435,0.46365400000354384
67.36512999996435,0.4634870000035676
67.36679999996436,0.46332000000353446
67.36846999996436,0.4631530000035582
67.37013999996437,0.4629860000035819
67.37180999996437,0.46281900000360565
67.37347999996437,0.46265200000357254
67.37514999996438,0.4624850000035394
67.37681999996438,0.46231800000356316
67.37848999996439,0.46215100000353004
67.38015999996439,0.4619840000035538
67.3818299999644,0.4618170000035775
67.3834999999644,0.46165000000360124
67.3851699999644,0.4614830000035681
67.38683999996441,0.46131600000359185
67.38850999996441,0.46114900000355874
67.39017999996442,0.4609820000035256
67.39184999996442,0.46081500000354936
67.39351999996443,0.4606480000035731
67.39518999996443,0.46048100000354
67.39685999996443,0.4603140000035637
67.39852999996444,0.46014700000358744
67.40019999996444,0.45998000000361117
67.40186999996445,0.4598130000035212
67.40353999996445,0.45964600000354494
67.40520999996446,0.45947900000356867
67.40687999996446,0.45931200000353556
67.40854999996446,0.4591450000035593
67.41021999996447,0.458978000003583
67.41188999996447,0.4588110000035499
67.41355999996448,0.45864400000357364
67.41522999996448,0.4584770000035405
67.41689999996449,0.45831000000356426
67.41856999996449,0.45814300000353114
67.4202399999645,0.4579760000035549
67.4219099999645,0.4578090000035786
67.4235799999645,0.4576420000035455
67.4252499999645,0.4574750000035692
67.42691999996451,0.45730800000359295
67.42858999996452,0.457141000003503
67.43025999996452,0.4569740000035267
67.43192999996452,0.45680700000355046
67.43359999996453,0.4566400000035742
67.43526999996453,0.4564730000035411
67.43693999996454,0.4563060000035648
67.43860999996454,0.45613900000358854
67.44027999996455,0.4559720000035554
67.44194999996455,0.45580500000357915
67.44361999996455,0.45563800000354604
67.44528999996456,0.45547100000356977
67.44695999996456,0.45530400000353666
67.44862999996457,0.4551370000035604
67.45029999996457,0.4549700000035841
67.45196999996458,0.454803000003551
67.45363999996458,0.45463600000357474
67.45530999996458,0.45446900000359847
67.45697999996459,0.4543020000035085
67.45864999996459,0.45413500000353224
67.4603199999646,0.45396800000355597
67.4619899999646,0.4538010000035797
67.4636599999646,0.4536340000035466
67.46532999996461,0.4534670000035703
67.46699999996461,0.45330000000359405
67.46866999996462,0.45313300000356094
67.47033999996462,0.4529660000035278
67.47200999996463,0.45279900000355155
67.47367999996463,0.45263200000351844
67.47534999996464,0.4524650000035422
67.47701999996464,0.4522980000035659
67.47868999996464,0.45213100000358963
67.48035999996465,0.4519640000035565
67.48202999996465,0.45179700000358025
67.48369999996466,0.451630000003604
67.48536999996466,0.451463000003514
67.48703999996467,0.45129600000353776
67.48870999996467,0.4511290000035615
67.49037999996467,0.4509620000035284
67.49204999996468,0.4507950000035521
67.49371999996468,0.45062800000357583
67.49538999996469,0.45046100000359957
67.49705999996469,0.45029400000356645
67.4987299999647,0.45012700000353334
67.5003999999647,0.44996000000355707
67.5020699999647,0.44979300000352396
67.50373999996471,0.4496260000035477
67.50540999996471,0.4494590000035714
67.50707999996472,0.4492920000035383
67.50874999996472,0.44912500000356204
67.51041999996472,0.44895800000358577
67.51208999996473,0.44879100000355265
67.51375999996473,0.44862400000351954
67.51542999996474,0.44845700000354327
67.51709999996474,0.448290000003567
67.51876999996475,0.4481230000035339
67.52043999996475,0.4479560000035576
67.52210999996475,0.44778900000358135
67.52377999996476,0.44762200000354824
67.52544999996476,0.44745500000357197
67.52711999996477,0.44728800000353885
67.52878999996477,0.4471210000035626
67.53045999996478,0.4469540000035295
67.53212999996478,0.4467870000035532
67.53379999996478,0.44662000000357693
67.53546999996479,0.4464530000035438
67.5371399999648,0.44628600000356755
67.5388099999648,0.4461190000035913
67.5404799999648,0.4459520000035013
67.5421499999648,0.44578500000352506
67.54381999996481,0.4456180000035488
67.54548999996481,0.4454510000035157
67.54715999996482,0.4452840000035394
67.54882999996482,0.44511700000356313
67.55049999996483,0.44495000000358687
67.55216999996483,0.44478300000355375
67.55383999996484,0.44461600000352064
67.55550999996484,0.44444900000354437
67.55717999996484,0.44428200000351126
67.55884999996485,0.444115000003535
67.56051999996485,0.4439480000035587
67.56218999996486,0.4437810000035256
67.56385999996486,0.44361400000354934
67.56552999996487,0.44344700000357307
67.56719999996487,0.4432800000035968
67.56886999996487,0.44311300000350684
67.57053999996488,0.44294600000353057
67.57220999996488,0.4427790000035543
67.57387999996489,0.4426120000035212
67.57554999996489,0.4424450000035449
67.5772199999649,0.44227800000356865
67.5788899999649,0.44211100000353554
67.5805599999649,0.44194400000355927
67.58222999996491,0.44177700000352615
67.58389999996491,0.44161000000349304
67.58556999996492,0.4414430000035168
67.58723999996492,0.4412760000035405
67.58890999996493,0.44110900000356423
67.59057999996493,0.4409420000035311
67.59224999996493,0.44077500000355485
67.59391999996494,0.4406080000035786
67.59558999996494,0.4404410000034886
67.59725999996495,0.44027400000351236
67.59892999996495,0.4401070000035361
67.60059999996496,0.439940000003503
67.60226999996496,0.4397730000035267
67.60393999996496,0.43960600000355043
67.60560999996497,0.43943900000357417
67.60727999996497,0.43927200000354105
67.60894999996498,0.43910500000350794
67.61061999996498,0.43893800000353167
67.61228999996499,0.43877100000349856
67.61395999996499,0.4386040000035223
67.615629999965,0.438437000003546
67.617299999965,0.4382700000035129
67.618969999965,0.43810300000353664
67.62063999996501,0.43793600000356037
67.62230999996501,0.43776900000352725
67.62397999996502,0.43760200000349414
67.62564999996502,0.43743500000351787
67.62731999996502,0.4372680000035416
67.62898999996503,0.4371010000035085
67.63065999996503,0.4369340000035322
67.63232999996504,0.43676700000355595
67.63399999996504,0.43660000000352284
67.63566999996505,0.4364330000034897
67.63733999996505,0.43626600000351345
67.63900999996505,0.43609900000348034
67.64067999996506,0.43593200000350407
67.64234999996506,0.4357650000035278
67.64401999996507,0.43559800000355153
67.64568999996507,0.4354310000035184
67.64735999996508,0.43526400000354215
67.64902999996508,0.43509700000350904
67.65069999996508,0.4349300000034759
67.65236999996509,0.43476300000349966
67.6540399999651,0.4345960000035234
67.6557099999651,0.4344290000034903
67.6573799999651,0.434262000003514
67.6590499999651,0.43409500000353773
67.66071999996511,0.43392800000356146
67.66238999996511,0.4337610000034715
67.66405999996512,0.43359400000349524
67.66572999996512,0.43342700000351897
67.66739999996513,0.43326000000348586
67.66906999996513,0.4330930000035096
67.67073999996514,0.4329260000035333
67.67240999996514,0.4327590000035002
67.67407999996514,0.4325920000034671
67.67574999996515,0.4324250000034908
67.67741999996515,0.4322580000034577
67.67908999996516,0.43209100000348144
67.68075999996516,0.43192400000350517
67.68242999996517,0.4317570000035289
67.68409999996517,0.4315900000034958
67.68576999996517,0.4314230000035195
67.68743999996518,0.4312560000034864
67.68910999996518,0.4310890000034533
67.69077999996519,0.430922000003477
67.69244999996519,0.43075500000350075
67.6941199999652,0.43058800000346764
67.6957899999652,0.43042100000349137
67.6974599999652,0.4302540000035151
67.69912999996521,0.43008700000353883
67.70079999996521,0.4299200000034489
67.70246999996522,0.4297530000034726
67.70413999996522,0.42958600000349634
67.70580999996523,0.4294190000034632
67.70747999996523,0.42925200000348696
67.70914999996523,0.4290850000035107
67.71081999996524,0.4289180000034776
67.71248999996524,0.4287510000035013
67.71415999996525,0.4285840000034682
67.71582999996525,0.4284170000034351
67.71749999996526,0.4282500000034588
67.71916999996526,0.42808300000348254
67.72083999996526,0.42791600000350627
67.72250999996527,0.42774900000347316
67.72417999996527,0.4275820000034969
67.72584999996528,0.4274150000035206
67.72751999996528,0.42724800000343066
67.72918999996529,0.4270810000034544
67.73085999996529,0.4269140000034781
67.7325299999653,0.426747000003445
67.7341999999653,0.42658000000346874
67.7358699999653,0.42641300000349247
67.7375399999653,0.4262460000035162
67.73920999996531,0.42607900000342624
67.74087999996532,0.42591200000345
67.74254999996532,0.4257450000034737
67.74421999996532,0.4255780000034406
67.74588999996533,0.4254110000034643
67.74755999996533,0.42524400000348805
67.74922999996534,0.42507700000345494
67.75089999996534,0.42491000000347867
67.75256999996535,0.42474300000344556
67.75423999996535,0.4245760000034693
67.75590999996535,0.4244090000034362
67.75757999996536,0.4242420000034599
67.75924999996536,0.42407500000348364
67.76091999996537,0.4239080000034505
67.76258999996537,0.42374100000347426
67.76425999996538,0.423574000003498
67.76592999996538,0.42340700000340803
67.76759999996538,0.42324000000343176
67.76926999996539,0.4230730000034555
67.77093999996539,0.4229060000034792
67.7726099999654,0.4227390000034461
67.7742799999654,0.42257200000346984
67.7759499999654,0.42240500000349357
67.77761999996541,0.42223800000346046
67.77928999996541,0.42207100000342734
67.78095999996542,0.4219040000034511
67.78262999996542,0.42173700000341796
67.78429999996543,0.4215700000034417
67.78596999996543,0.4214030000034654
67.78763999996544,0.42123600000348915
67.78930999996544,0.42106900000345604
67.79097999996544,0.42090200000347977
67.79264999996545,0.42073500000344666
67.79431999996545,0.42056800000341354
67.79598999996546,0.4204010000034373
67.79765999996546,0.420234000003461
67.79932999996547,0.4200670000034279
67.80099999996547,0.4199000000034516
67.80266999996547,0.41973300000347535
67.80433999996548,0.4195660000034991
67.80600999996548,0.41939900000340913
67.80767999996549,0.41923200000343286
67.80934999996549,0.4190650000034566
67.8110199999655,0.4188980000034235
67.8126899999655,0.4187310000034472
67.8143599999655,0.41856400000347094
67.81602999996551,0.41839700000349467
67.81769999996551,0.41823000000346156
67.81936999996552,0.41806300000342844
67.82103999996552,0.4178960000034522
67.82270999996553,0.41772900000341906
67.82437999996553,0.4175620000034428
67.82604999996553,0.4173950000034665
67.82771999996554,0.4172280000034334
67.82938999996554,0.41706100000345714
67.83105999996555,0.41689400000348087
67.83272999996555,0.41672700000344776
67.83439999996556,0.41656000000341464
67.83606999996556,0.4163930000034384
67.83773999996556,0.4162260000034621
67.83940999996557,0.416059000003429
67.84107999996557,0.4158920000034527
67.84274999996558,0.41572500000347645
67.84441999996558,0.41555800000344334
67.84608999996559,0.41539100000346707
67.84775999996559,0.41522400000343396
67.8494299999656,0.4150570000034577
67.8510999999656,0.4148900000034246
67.8527699999656,0.4147230000034483
67.8544399999656,0.41455600000347204
67.85610999996561,0.4143890000034389
67.85777999996562,0.41422200000346265
67.85944999996562,0.4140550000034864
67.86111999996562,0.41388800000339643
67.86278999996563,0.41372100000342016
67.86445999996563,0.4135540000034439
67.86612999996564,0.4133870000034676
67.86779999996564,0.4132200000034345
67.86946999996565,0.41305300000345824
67.87113999996565,0.41288600000348197
67.87280999996565,0.41271900000344885
67.87447999996566,0.41255200000341574
67.87614999996566,0.4123850000034395
67.87781999996567,0.4122180000034632
67.87948999996567,0.4120510000034301
67.88115999996567,0.4118840000034538
67.88282999996568,0.41171700000347755
67.88449999996568,0.41155000000344444
67.88616999996569,0.41138300000346817
67.88783999996569,0.4112160000034919
67.8895099999657,0.41104900000340194
67.8911799999657,0.4108820000034257
67.8928499999657,0.4107150000034494
67.89451999996571,0.41054800000347313
67.89618999996571,0.41038100000344
67.89785999996572,0.41021400000346375
67.89952999996572,0.4100470000034875
67.90119999996573,0.40988000000345437
67.90286999996573,0.40971300000342126
67.90453999996573,0.409546000003445
67.90620999996574,0.4093790000034119
67.90787999996574,0.4092120000034356
67.90954999996575,0.40904500000345934
67.91121999996575,0.40887800000348307
67.91288999996576,0.40871100000344995
67.91455999996576,0.4085440000034737
67.91622999996576,0.40837700000344057
67.91789999996577,0.40821000000340746
67.91956999996577,0.4080430000034312
67.92123999996578,0.4078760000034549
67.92290999996578,0.4077090000034218
67.92457999996579,0.40754200000344554
67.92624999996579,0.40737500000346927
67.9279199999658,0.407208000003493
67.9295899999658,0.4070410000034599
67.9312599999658,0.4068740000034268
67.93292999996581,0.4067070000034505
67.93459999996581,0.4065400000034174
67.93626999996582,0.4063730000034411
67.93793999996582,0.40620600000346485
67.93960999996582,0.4060390000034886
67.94127999996583,0.40587200000345547
67.94294999996583,0.4057050000034792
67.94461999996584,0.4055380000034461
67.94628999996584,0.405371000003413
67.94795999996585,0.4052040000034367
67.94962999996585,0.40503700000346043
67.95129999996585,0.4048700000034273
67.95296999996586,0.40470300000345105
67.95463999996586,0.4045360000034748
67.95630999996587,0.4043690000034985
67.95797999996587,0.40420200000340856
67.95964999996588,0.4040350000034323
67.96131999996588,0.403868000003456
67.96298999996588,0.4037010000034229
67.96465999996589,0.40353400000344664
67.9663299999659,0.40336700000347037
67.9679999999659,0.40320000000343725
67.9696699999659,0.403033000003461
67.9713399999659,0.4028660000034847
67.97300999996591,0.4026990000034516
67.97467999996591,0.4025320000034185
67.97634999996592,0.4023650000034422
67.97801999996592,0.40219800000346595
67.97968999996593,0.40203100000343284
67.98135999996593,0.40186400000345657
67.98302999996594,0.4016970000034803
67.98469999996594,0.4015300000034472
67.98636999996594,0.40136300000341407
67.98803999996595,0.4011960000034378
67.98970999996595,0.40102900000346153
67.99137999996596,0.4008620000034284
67.99304999996596,0.40069500000345215
67.99471999996597,0.4005280000034759
67.99638999996597,0.40036100000344277
67.99805999996597,0.4001940000034665
67.99972999996598,0.4000270000034334
68.00139999996598,0.3998600000034003
68.00306999996599,0.39969300000348085
68.00473999996599,0.39952600000344773
68.006409999966,0.3993590000034146
68.008079999966,0.39919200000343835
68.009749999966,0.3990250000034621
68.01141999996601,0.39885800000342897
68.01308999996601,0.3986910000034527
68.01475999996602,0.39852400000347643
68.01642999996602,0.3983570000034433
68.01809999996603,0.3981900000034102
68.01976999996603,0.39802300000343394
68.02143999996603,0.39785600000345767
68.02310999996604,0.39768900000342455
68.02477999996604,0.3975220000034483
68.02644999996605,0.39735500000341517
68.02811999996605,0.3971880000034389
68.02978999996606,0.39702100000346263
68.03145999996606,0.3968540000034295
68.03312999996606,0.39668700000345325
68.03479999996607,0.39652000000342014
68.03646999996607,0.39635300000344387
68.03813999996608,0.39618600000341075
68.03980999996608,0.3960190000034345
68.04147999996609,0.3958520000034582
68.04314999996609,0.3956850000034251
68.0448199999661,0.395518000003392
68.0464899999661,0.39535100000347256
68.0481599999661,0.39518400000343945
68.04982999996611,0.39501700000340634
68.05149999996611,0.39485000000343007
68.05316999996612,0.3946830000034538
68.05483999996612,0.3945160000034207
68.05650999996612,0.3943490000033876
68.05817999996613,0.39418200000346815
68.05984999996613,0.39401500000343503
68.06151999996614,0.3938480000034019
68.06318999996614,0.3936810000033688
68.06485999996615,0.3935140000034494
68.06652999996615,0.39334700000341627
68.06819999996615,0.39318000000338316
68.06986999996616,0.39301300000346373
68.07153999996616,0.3928460000034306
68.07320999996617,0.3926790000033975
68.07487999996617,0.39251200000342124
68.07654999996618,0.39234500000344497
68.07821999996618,0.39217800000341185
68.07988999996618,0.39201100000337874
68.08155999996619,0.39184400000340247
68.08322999996619,0.3916770000034262
68.0848999999662,0.3915100000033931
68.0865699999662,0.3913430000034168
68.0882399999662,0.39117600000344055
68.08990999996621,0.39100900000340744
68.09157999996621,0.39084200000343117
68.09324999996622,0.39067500000339805
68.09491999996622,0.3905080000034218
68.09658999996623,0.39034100000338867
68.09825999996623,0.3901740000034124
68.09992999996624,0.3900070000033793
68.10159999996624,0.389840000003403
68.10326999996624,0.38967300000342675
68.10493999996625,0.38950600000339364
68.10660999996625,0.38933900000341737
68.10827999996626,0.3891720000034411
68.10994999996626,0.389005000003408
68.11161999996627,0.3888380000033749
68.11328999996627,0.3886710000033986
68.11495999996627,0.38850400000342233
68.11662999996628,0.3883370000033892
68.11829999996628,0.3881700000033561
68.11996999996629,0.3880030000034367
68.12163999996629,0.38783600000340357
68.1233099999663,0.38766900000337046
68.1249799999663,0.38750200000345103
68.1266499999663,0.3873350000034179
68.12831999996631,0.3871680000033848
68.12998999996631,0.3870010000033517
68.13165999996632,0.38683400000343227
68.13332999996632,0.38666700000339915
68.13499999996633,0.38650000000336604
68.13666999996633,0.38633300000338977
68.13833999996633,0.3861660000034135
68.14000999996634,0.3859990000033804
68.14167999996634,0.3858320000033473
68.14334999996635,0.38566500000342785
68.14501999996635,0.38549800000339474
68.14668999996636,0.3853310000033616
68.14835999996636,0.38516400000338535
68.15002999996636,0.3849970000034091
68.15169999996637,0.38483000000337597
68.15336999996637,0.3846630000033997
68.15503999996638,0.3844960000033666
68.15670999996638,0.3843290000033903
68.15837999996639,0.3841620000033572
68.16004999996639,0.38399500000338094
68.1617199999664,0.3838280000033478
68.1633899999664,0.38366100000337156
68.1650599999664,0.3834940000033953
68.1667299999664,0.3833270000033622
68.16839999996641,0.3831600000033859
68.17006999996642,0.38299300000340963
68.17173999996642,0.3828260000033765
68.17340999996642,0.3826590000033434
68.17507999996643,0.38249200000336714
68.17674999996643,0.38232500000339087
68.17841999996644,0.38215800000335776
68.18008999996644,0.38199100000332464
68.18175999996645,0.3818240000034052
68.18342999996645,0.3816570000033721
68.18509999996645,0.381490000003339
68.18676999996646,0.38132300000341957
68.18843999996646,0.38115600000338645
68.19010999996647,0.38098900000335334
68.19177999996647,0.3808220000033202
68.19344999996648,0.3806550000034008
68.19511999996648,0.3804880000033677
68.19678999996648,0.3803210000033346
68.19845999996649,0.3801540000033583
68.20012999996649,0.37998700000338204
68.2017999999665,0.3798200000033489
68.2034699999665,0.3796530000033158
68.2051399999665,0.3794860000033964
68.20680999996651,0.37931900000336327
68.20847999996651,0.37915200000333016
68.21014999996652,0.3789850000033539
68.21181999996652,0.3788180000033776
68.21348999996653,0.3786510000033445
68.21515999996653,0.37848400000336824
68.21682999996654,0.3783170000033351
68.21849999996654,0.37815000000335885
68.22016999996654,0.37798300000332574
68.22183999996655,0.3778160000033495
68.22350999996655,0.3776490000033732
68.22517999996656,0.3774820000033401
68.22684999996656,0.3773150000033638
68.22851999996657,0.3771480000033307
68.23018999996657,0.37698100000335444
68.23185999996657,0.37681400000337817
68.23352999996658,0.37664700000334506
68.23519999996658,0.37648000000331194
68.23686999996659,0.3763130000033357
68.23853999996659,0.3761460000033594
68.2402099999666,0.3759790000033263
68.2418799999666,0.37581200000335
68.2435499999666,0.37564500000337375
68.24521999996661,0.37547800000334064
68.24688999996661,0.3753110000033075
68.24855999996662,0.3751440000033881
68.25022999996662,0.374977000003355
68.25189999996662,0.3748100000033219
68.25356999996663,0.37464300000328876
68.25523999996663,0.37447600000336934
68.25690999996664,0.3743090000033362
68.25857999996664,0.3741420000033031
68.26024999996665,0.3739750000033837
68.26191999996665,0.37380800000335057
68.26358999996665,0.37364100000331746
68.26525999996666,0.37347400000328435
68.26692999996666,0.3733070000033649
68.26859999996667,0.3731400000033318
68.27026999996667,0.3729730000032987
68.27193999996668,0.3728060000033224
68.27360999996668,0.37263900000334615
68.27527999996668,0.37247200000331304
68.27694999996669,0.3723050000033368
68.2786199999667,0.3721380000033605
68.2802899999667,0.3719710000033274
68.2819599999667,0.3718040000032943
68.2836299999667,0.371637000003318
68.28529999996671,0.37147000000334174
68.28696999996671,0.3713030000033086
68.28863999996672,0.37113600000333236
68.29030999996672,0.37096900000329924
68.29197999996673,0.370802000003323
68.29364999996673,0.3706350000033467
68.29531999996674,0.3704680000033136
68.29698999996674,0.3703010000033373
68.29865999996674,0.3701340000033042
68.30032999996675,0.36996700000332794
68.30199999996675,0.3698000000032948
68.30366999996676,0.36963300000331856
68.30533999996676,0.3694660000033423
68.30700999996677,0.3692990000033092
68.30867999996677,0.36913200000327606
68.31034999996677,0.36896500000335664
68.31201999996678,0.3687980000033235
68.31368999996678,0.3686310000032904
68.31535999996679,0.36846400000331414
68.31702999996679,0.36829700000333787
68.3186999999668,0.36813000000330476
68.3203699999668,0.36796300000327165
68.3220399999668,0.3677960000033522
68.32370999996681,0.3676290000033191
68.32537999996681,0.367462000003286
68.32704999996682,0.3672950000032529
68.32871999996682,0.36712800000333345
68.33038999996683,0.36696100000330034
68.33205999996683,0.36679400000326723
68.33372999996683,0.3666270000033478
68.33539999996684,0.3664600000033147
68.33706999996684,0.3662930000032816
68.33873999996685,0.3661260000033053
68.34040999996685,0.36595900000332904
68.34207999996686,0.3657920000032959
68.34374999996686,0.3656250000032628
68.34541999996686,0.36545800000328654
68.34708999996687,0.3652910000033103
68.34875999996687,0.36512400000327716
68.35042999996688,0.3649570000033009
68.35209999996688,0.3647900000033246
68.35376999996689,0.3646230000032915
68.35543999996689,0.36445600000331524
68.3571099999669,0.3642890000032821
68.3587799999669,0.36412200000330586
68.3604499999669,0.36395500000327274
68.36211999996691,0.3637880000032965
68.36378999996691,0.3636210000033202
68.36545999996692,0.3634540000032871
68.36712999996692,0.3632870000033108
68.36879999996692,0.3631200000032777
68.37046999996693,0.36295300000330144
68.37213999996693,0.36278600000332517
68.37380999996694,0.36261900000329206
68.37547999996694,0.36245200000325895
68.37714999996695,0.3622850000032827
68.37881999996695,0.3621180000033064
68.38048999996695,0.3619510000032733
68.38215999996696,0.361784000003297
68.38382999996696,0.36161700000332075
68.38549999996697,0.36145000000328764
68.38716999996697,0.36128300000325453
68.38883999996698,0.36111600000327826
68.39050999996698,0.360949000003302
68.39217999996698,0.3607820000032689
68.39384999996699,0.3606150000032926
68.395519999967,0.36044800000331634
68.397189999967,0.3602810000032832
68.398859999967,0.3601140000032501
68.400529999967,0.3599470000033307
68.40219999996701,0.3597800000032976
68.40386999996701,0.35961300000326446
68.40553999996702,0.35944600000323135
68.40720999996702,0.3592790000033119
68.40887999996703,0.3591120000032788
68.41054999996703,0.3589450000032457
68.41221999996704,0.35877800000332627
68.41388999996704,0.35861100000329316
68.41555999996704,0.35844400000326004
68.41722999996705,0.3582770000032838
68.41889999996705,0.3581100000033075
68.42056999996706,0.3579430000032744
68.42223999996706,0.3577760000032413
68.42390999996707,0.357609000003265
68.42557999996707,0.35744200000328874
68.42724999996707,0.3572750000032556
68.42891999996708,0.35710800000327936
68.43058999996708,0.3569410000033031
68.43225999996709,0.35677400000327
68.43392999996709,0.3566070000032937
68.4355999999671,0.3564400000032606
68.4372699999671,0.3562730000032843
68.4389399999671,0.3561060000032512
68.44060999996711,0.35593900000327494
68.44227999996711,0.35577200000329867
68.44394999996712,0.35560500000326556
68.44561999996712,0.3554380000032893
68.44728999996713,0.3552710000032562
68.44895999996713,0.3551040000032799
68.45062999996713,0.3549370000032468
68.45229999996714,0.3547700000032705
68.45396999996714,0.3546030000032374
68.45563999996715,0.35443600000326114
68.45730999996715,0.3542690000032849
68.45897999996716,0.35410200000325176
68.46064999996716,0.3539350000032755
68.46231999996716,0.3537680000032992
68.46398999996717,0.3536010000032661
68.46565999996717,0.353434000003233
68.46732999996718,0.3532670000032567
68.46899999996718,0.35310000000328046
68.47066999996719,0.35293300000324734
68.47233999996719,0.3527660000032711
68.4740099999672,0.3525990000032948
68.4756799999672,0.3524320000032617
68.4773499999672,0.3522650000032286
68.4790199999672,0.35209800000330915
68.48068999996721,0.35193100000327604
68.48235999996722,0.3517640000032429
68.48402999996722,0.3515970000032098
68.48569999996722,0.3514300000032904
68.48736999996723,0.3512630000032573
68.48903999996723,0.35109600000322416
68.49070999996724,0.35092900000330474
68.49237999996724,0.3507620000032716
68.49404999996725,0.3505950000032385
68.49571999996725,0.35042800000326224
68.49738999996725,0.35026100000328597
68.49905999996726,0.35009400000325286
68.50072999996726,0.34992700000321975
68.50239999996727,0.3497600000033003
68.50406999996727,0.3495930000032672
68.50573999996728,0.3494260000032341
68.50740999996728,0.3492590000032578
68.50907999996728,0.34909200000328156
68.51074999996729,0.34892500000324844
68.51241999996729,0.3487580000032722
68.5140899999673,0.34859100000323906
68.5157599999673,0.3484240000032628
68.5174299999673,0.3482570000032297
68.51909999996731,0.3480900000032534
68.52076999996731,0.34792300000327714
68.52243999996732,0.347756000003244
68.52410999996732,0.34758900000326776
68.52577999996733,0.34742200000323464
68.52744999996733,0.3472550000032584
68.52911999996734,0.3470880000032821
68.53078999996734,0.346921000003249
68.53245999996734,0.3467540000032727
68.53412999996735,0.3465870000032396
68.53579999996735,0.34642000000326334
68.53746999996736,0.3462530000032302
68.53913999996736,0.34608600000325396
68.54080999996737,0.3459190000032777
68.54247999996737,0.3457520000032446
68.54414999996737,0.34558500000321146
68.54581999996738,0.34541800000329204
68.54748999996738,0.3452510000032589
68.54915999996739,0.3450840000032258
68.55082999996739,0.3449170000033064
68.5524999999674,0.34475000000327327
68.5541699999674,0.34458300000324016
68.5558399999674,0.34441600000320705
68.55750999996741,0.3442490000032876
68.55917999996741,0.3440820000032545
68.56084999996742,0.3439150000032214
68.56251999996742,0.3437480000032451
68.56418999996743,0.34358100000326885
68.56585999996743,0.34341400000323574
68.56752999996743,0.3432470000032595
68.56919999996744,0.3430800000032832
68.57086999996744,0.3429130000032501
68.57253999996745,0.342746000003217
68.57420999996745,0.3425790000032407
68.57587999996746,0.34241200000326444
68.57754999996746,0.3422450000032313
68.57921999996746,0.34207800000325506
68.58088999996747,0.3419110000032788
68.58255999996747,0.3417440000032457
68.58422999996748,0.3415770000032694
68.58589999996748,0.3414100000032363
68.58756999996749,0.34124300000326
68.58923999996749,0.34107600000328375
68.5909099999675,0.34090900000325064
68.5925799999675,0.3407420000032175
68.5942499999675,0.34057500000324126
68.5959199999675,0.340408000003265
68.59758999996751,0.3402410000032319
68.59925999996752,0.3400740000032556
68.60092999996752,0.33990700000327934
68.60259999996752,0.3397400000032462
68.60426999996753,0.3395730000032131
68.60593999996753,0.3394060000032937
68.60760999996754,0.33923900000326057
68.60927999996754,0.33907200000322746
68.61094999996754,0.3389050000032512
68.61261999996755,0.3387380000032749
68.61428999996755,0.3385710000032418
68.61595999996756,0.3384040000032087
68.61762999996756,0.33823700000328927
68.61929999996757,0.33807000000325615
68.62096999996757,0.33790300000322304
68.62263999996757,0.3377360000032468
68.62430999996758,0.3375690000032705
68.62597999996758,0.3374020000032374
68.62764999996759,0.3372350000032611
68.62931999996759,0.33706800000328485
68.6309899999676,0.33690100000325174
68.6326599999676,0.3367340000032186
68.6343299999676,0.33656700000324236
68.63599999996761,0.3364000000032661
68.63766999996761,0.336233000003233
68.63933999996762,0.3360660000032567
68.64100999996762,0.33589900000328043
68.64267999996763,0.3357320000032473
68.64434999996763,0.33556500000327105
68.64601999996763,0.33539800000323794
68.64768999996764,0.33523100000326167
68.64935999996764,0.33506400000322856
68.65102999996765,0.3348970000032523
68.65269999996765,0.3347300000032192
68.65436999996766,0.3345630000032429
68.65603999996766,0.33439600000326664
68.65770999996766,0.3342290000032335
68.65937999996767,0.33406200000325725
68.66104999996767,0.333895000003281
68.66271999996768,0.33372800000324787
68.66438999996768,0.33356100000321476
68.66605999996769,0.3333940000032385
68.66772999996769,0.3332270000032622
68.6693999999677,0.3330600000032291
68.6710699999677,0.33289300000325284
68.6727399999677,0.33272600000327657
68.67440999996771,0.33255900000324345
68.67607999996771,0.33239200000321034
68.67774999996772,0.3322250000032909
68.67941999996772,0.3320580000032578
68.68108999996772,0.3318910000032247
68.68275999996773,0.3317240000032484
68.68442999996773,0.33155700000327215
68.68609999996774,0.33139000000323904
68.68776999996774,0.3312230000032059
68.68943999996775,0.3310560000032865
68.69110999996775,0.3308890000032534
68.69277999996775,0.3307220000032203
68.69444999996776,0.330555000003244
68.69611999996776,0.33038800000326773
68.69778999996777,0.3302210000032346
68.69945999996777,0.33005400000325835
68.70112999996778,0.32988700000322524
68.70279999996778,0.32972000000324897
68.70446999996778,0.32955300000321586
68.70613999996779,0.3293860000032396
68.7078099999678,0.3292190000032633
68.7094799999678,0.3290520000032302
68.7111499999678,0.32888500000325394
68.7128199999678,0.3287180000032208
68.71448999996781,0.32855100000324455
68.71615999996781,0.3283840000032683
68.71782999996782,0.32821700000323517
68.71949999996782,0.3280500000032589
68.72116999996783,0.32788300000328263
68.72283999996783,0.3277160000032495
68.72450999996784,0.3275490000032164
68.72617999996784,0.32738200000324014
68.72784999996784,0.32721500000326387
68.72951999996785,0.32704800000323075
68.73118999996785,0.32688100000319764
68.73285999996786,0.3267140000032782
68.73452999996786,0.3265470000032451
68.73619999996787,0.326380000003212
68.73786999996787,0.32621300000329256
68.73953999996787,0.32604600000325945
68.74120999996788,0.32587900000322634
68.74287999996788,0.3257120000031932
68.74454999996789,0.3255450000032738
68.74621999996789,0.3253780000032407
68.7478899999679,0.3252110000032076
68.7495599999679,0.32504400000328815
68.7512299999679,0.32487700000325503
68.75289999996791,0.3247100000032219
68.75456999996791,0.32454300000324565
68.75623999996792,0.3243760000032694
68.75790999996792,0.32420900000323627
68.75957999996793,0.32404200000320316
68.76124999996793,0.3238750000032269
68.76291999996793,0.3237080000032506
68.76458999996794,0.3235410000032175
68.76625999996794,0.32337400000324124
68.76792999996795,0.32320700000326497
68.76959999996795,0.32304000000323185
68.77126999996796,0.3228730000032556
68.77293999996796,0.32270600000322247
68.77460999996796,0.3225390000032462
68.77627999996797,0.3223720000032131
68.77794999996797,0.3222050000032368
68.77961999996798,0.32203800000326055
68.78128999996798,0.32187100000322744
68.78295999996799,0.32170400000325117
68.78462999996799,0.32153700000321805
68.786299999968,0.3213700000032418
68.787969999968,0.3212030000032655
68.789639999968,0.3210360000032324
68.791309999968,0.3208690000031993
68.79297999996801,0.320702000003223
68.79464999996802,0.32053500000324675
68.79631999996802,0.32036800000321364
68.79798999996802,0.32020100000323737
68.79965999996803,0.3200340000032611
68.80132999996803,0.319867000003228
68.80299999996804,0.3197000000031949
68.80466999996804,0.31953300000327545
68.80633999996805,0.31936600000324233
68.80800999996805,0.3191990000032092
68.80967999996805,0.31903200000323295
68.81134999996806,0.3188650000032567
68.81301999996806,0.31869800000322357
68.81468999996807,0.31853100000319046
68.81635999996807,0.31836400000327103
68.81802999996808,0.3181970000032379
68.81969999996808,0.3180300000032048
68.82136999996808,0.3178630000031717
68.82303999996809,0.31769600000325227
68.82470999996809,0.31752900000321915
68.8263799999681,0.31736200000318604
68.8280499999681,0.3171950000032666
68.8297199999681,0.3170280000032335
68.83138999996811,0.3168610000032004
68.83305999996811,0.3166940000032241
68.83472999996812,0.31652700000324785
68.83639999996812,0.31636000000321474
68.83806999996813,0.3161930000031816
68.83973999996813,0.31602600000320535
68.84140999996814,0.3158590000032291
68.84307999996814,0.31569200000319597
68.84474999996814,0.3155250000032197
68.84641999996815,0.31535800000324343
68.84808999996815,0.3151910000032103
68.84975999996816,0.31502400000323405
68.85142999996816,0.31485700000320094
68.85309999996817,0.31469000000322467
68.85476999996817,0.31452300000319156
68.85643999996817,0.3143560000032153
68.85810999996818,0.314189000003239
68.85977999996818,0.3140220000032059
68.86144999996819,0.31385500000322963
68.86311999996819,0.3136880000031965
68.8647899999682,0.31352100000322025
68.8664599999682,0.313354000003244
68.8681299999682,0.31318700000321087
68.86979999996821,0.31302000000317776
68.87146999996821,0.3128530000032015
68.87313999996822,0.3126860000032252
68.87480999996822,0.3125190000031921
68.87647999996823,0.31235200000321584
68.87814999996823,0.31218500000323957
68.87981999996823,0.31201800000320645
68.88148999996824,0.31185100000317334
68.88315999996824,0.31168400000319707
68.88482999996825,0.3115170000032208
68.88649999996825,0.3113500000031877
68.88816999996826,0.3111830000032114
68.88983999996826,0.31101600000323515
68.89150999996826,0.31084900000320204
68.89317999996827,0.3106820000031689
68.89484999996827,0.3105150000032495
68.89651999996828,0.3103480000032164
68.89818999996828,0.31018100000318327
68.89985999996829,0.31001400000315016
68.90152999996829,0.30984700000323073
68.9031999999683,0.3096800000031976
68.9048699999683,0.3095130000031645
68.9065399999683,0.3093460000032451
68.9082099999683,0.30917900000321197
68.90987999996831,0.30901200000317885
68.91154999996832,0.3088450000032026
68.91321999996832,0.3086780000032263
68.91488999996832,0.3085110000031932
68.91655999996833,0.3083440000031601
68.91822999996833,0.30817700000324066
68.91989999996834,0.30801000000320755
68.92156999996834,0.30784300000317444
68.92323999996835,0.30767600000319817
68.92490999996835,0.3075090000032219
68.92657999996835,0.3073420000031888
68.92824999996836,0.3071750000032125
68.92991999996836,0.3070080000031794
68.93158999996837,0.30684100000320313
68.93325999996837,0.30667400000317
68.93492999996838,0.30650700000319375
68.93659999996838,0.3063400000032175
68.93826999996838,0.30617300000318437
68.93993999996839,0.3060060000032081
68.94160999996839,0.305839000003175
68.9432799999684,0.3056720000031987
68.9449499999684,0.3055050000031656
68.9466199999684,0.30533800000318934
68.94828999996841,0.30517100000321307
68.94995999996841,0.30500400000317995
68.95162999996842,0.3048370000032037
68.95329999996842,0.30467000000317057
68.95496999996843,0.3045030000031943
68.95663999996843,0.30433600000321803
68.95830999996844,0.3041690000031849
68.95997999996844,0.3040020000031518
68.96164999996844,0.30383500000317554
68.96331999996845,0.30366800000319927
68.96498999996845,0.30350100000316615
68.96665999996846,0.3033340000031899
68.96832999996846,0.3031670000032136
68.96999999996846,0.3030000000031805
68.97166999996847,0.3028330000031474
68.97333999996847,0.30266600000322796
68.97500999996848,0.30249900000319485
68.97667999996848,0.30233200000316174
68.97834999996849,0.3021650000031286
68.98001999996849,0.3019980000032092
68.9816899999685,0.3018310000031761
68.9833599999685,0.301664000003143
68.9850299999685,0.30149700000322355
68.98669999996851,0.30133000000319043
68.98836999996851,0.3011630000031573
68.99003999996852,0.30099600000318105
68.99170999996852,0.3008290000032048
68.99337999996852,0.30066200000317167
68.99504999996853,0.30049500000313856
68.99671999996853,0.30032800000321913
68.99838999996854,0.300161000003186
