TimeInc,Intensity
0.5,0.20000000000000004
0.50167,0.20050099999999998
0.5033399999999999,0.20100200000000001
0.5050099999999998,0.20150300000000004
0.5066799999999998,0.20200399999999996
0.5083499999999997,0.2025049999999999
0.5100199999999997,0.20300599999999996
0.5116899999999996,0.203507
0.5133599999999996,0.2040079999999999
0.5150299999999995,0.20450899999999983
0.5166999999999995,0.2050099999999999
0.5183699999999994,0.20551099999999994
0.5200399999999994,0.20601199999999986
0.5217099999999993,0.20651299999999978
0.5233799999999993,0.2070139999999998
0.5250499999999992,0.20751499999999987
0.5267199999999992,0.2080159999999998
0.5283899999999991,0.20851699999999973
0.5300599999999991,0.20901799999999976
0.531729999999999,0.2095189999999998
0.533399999999999,0.21001999999999973
0.5350699999999989,0.21052099999999968
0.5367399999999989,0.2110219999999997
0.5384099999999988,0.21152299999999974
0.5400799999999988,0.21202399999999966
0.5417499999999987,0.2125249999999996
0.5434199999999987,0.21302599999999966
0.5450899999999986,0.2135269999999997
0.5467599999999986,0.2140279999999996
0.5484299999999985,0.21452899999999953
0.5500999999999985,0.21502999999999958
0.5517699999999984,0.21553099999999964
0.5534399999999984,0.21603199999999956
0.5551099999999983,0.21653299999999948
0.5567799999999983,0.2170339999999995
0.5584499999999982,0.21753499999999956
0.5601199999999982,0.2180359999999995
0.5617899999999981,0.21853699999999943
0.5634599999999981,0.21903799999999946
0.565129999999998,0.21953899999999948
0.566799999999998,0.22003999999999943
0.5684699999999979,0.22054099999999938
0.5701399999999979,0.2210419999999994
0.5718099999999978,0.22154299999999943
0.5734799999999978,0.22204399999999935
0.5751499999999977,0.2225449999999993
0.5768199999999977,0.22304599999999936
0.5784899999999976,0.22354699999999939
0.5801599999999976,0.2240479999999993
0.5818299999999975,0.22454899999999922
0.5834999999999975,0.22504999999999928
0.5851699999999974,0.22555099999999934
0.5868399999999974,0.22605199999999925
0.5885099999999973,0.22655299999999917
0.5901799999999973,0.2270539999999992
0.5918499999999972,0.22755499999999926
0.5935199999999972,0.2280559999999992
0.5951899999999971,0.22855699999999912
0.5968599999999971,0.22905799999999915
0.598529999999997,0.22955899999999918
0.600199999999997,0.23005999999999913
0.6018699999999969,0.23056099999999907
0.6035399999999969,0.2310619999999991
0.6052099999999968,0.23156299999999913
0.6068799999999968,0.23206399999999905
0.6085499999999967,0.232564999999999
0.6102199999999967,0.23306599999999905
0.6118899999999966,0.23356699999999908
0.6135599999999966,0.234067999999999
0.6152299999999965,0.23456899999999892
0.6168999999999965,0.23506999999999897
0.6185699999999964,0.23557099999999903
0.6202399999999963,0.23607199999999895
0.6219099999999963,0.23657299999999887
0.6235799999999962,0.2370739999999989
0.6252499999999962,0.23757499999999895
0.6269199999999961,0.23807599999999887
0.6285899999999961,0.23857699999999882
0.630259999999996,0.23907799999999885
0.631929999999996,0.23957899999999888
0.6335999999999959,0.24007999999999882
0.6352699999999959,0.24058099999999874
0.6369399999999958,0.2410819999999988
0.6386099999999958,0.24158299999999883
0.6402799999999957,0.24208399999999874
0.6419499999999957,0.2425849999999987
0.6436199999999956,0.24308599999999872
0.6452899999999956,0.24358699999999878
0.6469599999999955,0.2440879999999987
0.6486299999999955,0.2445889999999986
0.6502999999999954,0.24508999999999867
0.6519699999999954,0.2455909999999987
0.6536399999999953,0.24609199999999865
0.6553099999999953,0.24659299999999856
0.6569799999999952,0.2470939999999986
0.6586499999999952,0.24759499999999865
0.6603199999999951,0.24809599999999857
0.6619899999999951,0.2485969999999985
0.663659999999995,0.24909799999999854
0.665329999999995,0.24959899999999857
0.6669999999999949,0.25009999999999855
0.6686699999999949,0.2506009999999984
0.6703399999999948,0.2511019999999985
0.6720099999999948,0.2516029999999985
0.6736799999999947,0.25210399999999844
0.6753499999999947,0.2526049999999984
0.6770199999999946,0.2531059999999984
0.6786899999999946,0.2536069999999985
0.6803599999999945,0.2541079999999984
0.6820299999999945,0.2546089999999983
0.6836999999999944,0.2551099999999984
0.6853699999999944,0.25561099999999837
0.6870399999999943,0.25611199999999834
0.6887099999999943,0.25661299999999826
0.6903799999999942,0.2571139999999983
0.6920499999999942,0.2576149999999984
0.6937199999999941,0.25811599999999824
0.6953899999999941,0.2586169999999982
0.697059999999994,0.25911799999999824
0.698729999999994,0.25961899999999827
0.7003999999999939,0.26011999999999824
0.7020699999999939,0.2606209999999981
0.7037399999999938,0.2611219999999982
0.7054099999999938,0.2616229999999982
0.7070799999999937,0.26212399999999814
0.7087499999999937,0.2626249999999981
0.7104199999999936,0.2631259999999981
0.7120899999999936,0.26362699999999817
0.7137599999999935,0.2641279999999981
0.7154299999999935,0.264628999999998
0.7170999999999934,0.2651299999999981
0.7187699999999934,0.26563099999999806
0.7204399999999933,0.26613199999999804
0.7221099999999933,0.26663299999999795
0.7237799999999932,0.267133999999998
0.7254499999999932,0.26763499999999807
0.7271199999999931,0.26813599999999793
0.728789999999993,0.2686369999999979
0.730459999999993,0.26913799999999793
0.732129999999993,0.26963899999999796
0.7337999999999929,0.27013999999999794
0.7354699999999929,0.2706409999999978
0.7371399999999928,0.2711419999999979
0.7388099999999928,0.2716429999999979
0.7404799999999927,0.27214399999999783
0.7421499999999926,0.2726449999999978
0.7438199999999926,0.2731459999999978
0.7454899999999925,0.27364699999999786
0.7471599999999925,0.2741479999999978
0.7488299999999924,0.2746489999999977
0.7504999999999924,0.2751499999999978
0.7521699999999923,0.27565099999999776
0.7538399999999923,0.27615199999999773
0.7555099999999922,0.27665299999999765
0.7571799999999922,0.2771539999999977
0.7588499999999921,0.27765499999999776
0.7605199999999921,0.2781559999999976
0.762189999999992,0.2786569999999976
0.763859999999992,0.27915799999999763
0.7655299999999919,0.27965899999999766
0.7671999999999919,0.28015999999999763
0.7688699999999918,0.2806609999999975
0.7705399999999918,0.2811619999999976
0.7722099999999917,0.2816629999999976
0.7738799999999917,0.28216399999999753
0.7755499999999916,0.2826649999999975
0.7772199999999916,0.2831659999999975
0.7788899999999915,0.28366699999999756
0.7805599999999915,0.2841679999999975
0.7822299999999914,0.2846689999999974
0.7838999999999914,0.2851699999999975
0.7855699999999913,0.28567099999999745
0.7872399999999913,0.28617199999999743
0.7889099999999912,0.28667299999999735
0.7905799999999912,0.2871739999999974
0.7922499999999911,0.28767499999999746
0.7939199999999911,0.2881759999999973
0.795589999999991,0.2886769999999973
0.797259999999991,0.2891779999999973
0.7989299999999909,0.28967899999999736
0.8005999999999909,0.29017999999999733
0.8022699999999908,0.2906809999999972
0.8039399999999908,0.2911819999999973
0.8056099999999907,0.2916829999999973
0.8072799999999907,0.2921839999999972
0.8089499999999906,0.2926849999999972
0.8106199999999906,0.29318599999999717
0.8122899999999905,0.29368699999999726
0.8139599999999905,0.2941879999999972
0.8156299999999904,0.2946889999999971
0.8172999999999904,0.2951899999999972
0.8189699999999903,0.2956909999999972
0.8206399999999903,0.2961919999999971
0.8223099999999902,0.29669299999999704
0.8239799999999902,0.29719399999999707
0.8256499999999901,0.29769499999999716
0.8273199999999901,0.2981959999999971
0.82898999999999,0.298696999999997
0.83065999999999,0.299197999999997
0.8323299999999899,0.29969899999999705
0.8339999999999899,0.300199999999997
0.8356699999999898,0.30070099999999694
0.8373399999999898,0.30120199999999697
0.8390099999999897,0.301702999999997
0.8406799999999897,0.3022039999999969
0.8423499999999896,0.3027049999999969
0.8440199999999896,0.3032059999999969
0.8456899999999895,0.30370699999999695
0.8473599999999895,0.30420799999999687
0.8490299999999894,0.3047089999999968
0.8506999999999894,0.3052099999999969
0.8523699999999893,0.3057109999999969
0.8540399999999893,0.3062119999999968
0.8557099999999892,0.30671299999999674
0.8573799999999892,0.30721399999999677
0.8590499999999891,0.30771499999999685
0.860719999999989,0.30821599999999677
0.862389999999989,0.3087169999999967
0.864059999999989,0.3092179999999967
0.8657299999999889,0.30971899999999675
0.8673999999999888,0.3102199999999967
0.8690699999999888,0.31072099999999664
0.8707399999999887,0.31122199999999667
0.8724099999999887,0.3117229999999967
0.8740799999999886,0.3122239999999966
0.8757499999999886,0.3127249999999966
0.8774199999999885,0.31322599999999656
0.8790899999999885,0.31372699999999665
0.8807599999999884,0.31422799999999657
0.8824299999999884,0.3147289999999965
0.8840999999999883,0.31522999999999657
0.8857699999999883,0.31573099999999654
0.8874399999999882,0.3162319999999965
0.8891099999999882,0.31673299999999643
0.8907799999999881,0.31723399999999646
0.8924499999999881,0.31773499999999655
0.894119999999988,0.3182359999999964
0.895789999999988,0.3187369999999964
0.8974599999999879,0.3192379999999964
0.8991299999999879,0.31973899999999644
0.9007999999999878,0.3202399999999964
0.9024699999999878,0.3207409999999963
0.9041399999999877,0.32124199999999636
0.9058099999999877,0.3217429999999964
0.9074799999999876,0.3222439999999963
0.9091499999999876,0.3227449999999963
0.9108199999999875,0.32324599999999626
0.9124899999999875,0.32374699999999634
0.9141599999999874,0.32424799999999626
0.9158299999999874,0.3247489999999962
0.9174999999999873,0.32524999999999626
0.9191699999999873,0.32575099999999624
0.9208399999999872,0.3262519999999962
0.9225099999999872,0.32675299999999613
0.9241799999999871,0.32725399999999616
0.9258499999999871,0.32775499999999624
0.927519999999987,0.3282559999999961
0.929189999999987,0.3287569999999961
0.9308599999999869,0.3292579999999961
0.9325299999999869,0.32975899999999614
0.9341999999999868,0.3302599999999961
0.9358699999999868,0.330760999999996
0.9375399999999867,0.33126199999999606
0.9392099999999867,0.3317629999999961
0.9408799999999866,0.332263999999996
0.9425499999999866,0.332764999999996
0.9442199999999865,0.33326599999999595
0.9458899999999865,0.33376699999999604
0.9475599999999864,0.33426799999999596
0.9492299999999864,0.3347689999999959
0.9508999999999863,0.33526999999999596
0.9525699999999863,0.33577099999999593
0.9542399999999862,0.3362719999999959
0.9559099999999862,0.3367729999999958
0.9575799999999861,0.33727399999999585
0.9592499999999861,0.33777499999999594
0.960919999999986,0.3382759999999958
0.962589999999986,0.3387769999999958
0.9642599999999859,0.3392779999999958
0.9659299999999859,0.33977899999999583
0.9675999999999858,0.3402799999999958
0.9692699999999858,0.34078099999999567
0.9709399999999857,0.34128199999999576
0.9726099999999857,0.3417829999999958
0.9742799999999856,0.3422839999999957
0.9759499999999856,0.3427849999999957
0.9776199999999855,0.34328599999999565
0.9792899999999854,0.34378699999999573
0.9809599999999854,0.34428799999999565
0.9826299999999853,0.34478899999999557
0.9842999999999853,0.34528999999999566
0.9859699999999852,0.34579099999999563
0.9876399999999852,0.3462919999999956
0.9893099999999851,0.3467929999999955
0.9909799999999851,0.34729399999999555
0.992649999999985,0.34779499999999564
0.994319999999985,0.3482959999999955
0.9959899999999849,0.34879699999999547
0.9976599999999849,0.3492979999999955
0.9993299999999848,0.34979899999999553
1.0009999999999848,0.3502999999999955
1.0026699999999849,0.3508009999999955
1.004339999999985,0.3513019999999955
1.006009999999985,0.35180299999999554
1.007679999999985,0.3523039999999955
1.009349999999985,0.3528049999999956
1.0110199999999852,0.35330599999999557
1.0126899999999852,0.3538069999999956
1.0143599999999853,0.3543079999999956
1.0160299999999853,0.3548089999999956
1.0176999999999854,0.3553099999999957
1.0193699999999855,0.35581099999999566
1.0210399999999855,0.3563119999999957
1.0227099999999856,0.3568129999999957
1.0243799999999856,0.3573139999999957
1.0260499999999857,0.3578149999999958
1.0277199999999858,0.35831599999999575
1.0293899999999858,0.3588169999999958
1.0310599999999859,0.3593179999999958
1.032729999999986,0.3598189999999958
1.034399999999986,0.36031999999999587
1.036069999999986,0.36082099999999584
1.0377399999999861,0.36132199999999587
1.0394099999999862,0.3618229999999959
1.0410799999999862,0.36232399999999587
1.0427499999999863,0.36282499999999596
1.0444199999999864,0.36332599999999593
1.0460899999999864,0.36382699999999596
1.0477599999999865,0.364327999999996
1.0494299999999865,0.36482899999999596
1.0510999999999866,0.36532999999999605
1.0527699999999867,0.365830999999996
1.0544399999999867,0.36633199999999605
1.0561099999999868,0.3668329999999961
1.0577799999999868,0.36733399999999605
1.059449999999987,0.36783499999999614
1.061119999999987,0.3683359999999961
1.062789999999987,0.36883699999999614
1.064459999999987,0.36933799999999617
1.0661299999999871,0.36983899999999614
1.0677999999999872,0.37033999999999623
1.0694699999999873,0.3708409999999962
1.0711399999999873,0.37134199999999623
1.0728099999999874,0.37184299999999626
1.0744799999999874,0.37234399999999623
1.0761499999999875,0.3728449999999963
1.0778199999999876,0.3733459999999963
1.0794899999999876,0.3738469999999963
1.0811599999999877,0.37434799999999635
1.0828299999999877,0.3748489999999963
1.0844999999999878,0.3753499999999964
1.0861699999999879,0.3758509999999964
1.087839999999988,0.3763519999999964
1.089509999999988,0.37685299999999644
1.091179999999988,0.3773539999999964
1.092849999999988,0.3778549999999965
1.0945199999999882,0.3783559999999965
1.0961899999999882,0.3788569999999965
1.0978599999999883,0.37935799999999653
1.0995299999999884,0.3798589999999965
1.1011999999999884,0.38035999999999653
1.1028699999999885,0.38086099999999656
1.1045399999999885,0.3813619999999966
1.1062099999999886,0.3818629999999966
1.1078799999999887,0.3823639999999966
1.1095499999999887,0.3828649999999966
1.1112199999999888,0.38336599999999665
1.1128899999999888,0.3838669999999967
1.114559999999989,0.3843679999999967
1.116229999999989,0.3848689999999967
1.117899999999989,0.3853699999999967
1.119569999999989,0.38587099999999674
1.1212399999999891,0.3863719999999968
1.1229099999999892,0.3868729999999968
1.1245799999999893,0.3873739999999968
1.1262499999999893,0.3878749999999968
1.1279199999999894,0.38837599999999683
1.1295899999999894,0.38887699999999686
1.1312599999999895,0.3893779999999969
1.1329299999999896,0.38987899999999687
1.1345999999999896,0.3903799999999969
1.1362699999999897,0.3908809999999969
1.1379399999999897,0.39138199999999695
1.1396099999999898,0.391882999999997
1.1412799999999899,0.39238399999999696
1.14294999999999,0.392884999999997
1.14461999999999,0.393385999999997
1.14628999999999,0.39388699999999705
1.14795999999999,0.3943879999999971
1.1496299999999902,0.39488899999999705
1.1512999999999902,0.3953899999999971
1.1529699999999903,0.3958909999999971
1.1546399999999903,0.39639199999999714
1.1563099999999904,0.39689299999999716
1.1579799999999905,0.39739399999999714
1.1596499999999905,0.39789499999999717
1.1613199999999906,0.3983959999999972
1.1629899999999906,0.3988969999999972
1.1646599999999907,0.39939799999999726
1.1663299999999908,0.39989899999999723
1.1679999999999908,0.40039999999999726
1.1696699999999909,0.4009009999999973
1.171339999999991,0.4014019999999973
1.173009999999991,0.40190299999999735
1.174679999999991,0.4024039999999973
1.1763499999999911,0.40290499999999735
1.1780199999999912,0.4034059999999974
1.1796899999999912,0.4039069999999974
1.1813599999999913,0.40440799999999744
1.1830299999999914,0.4049089999999974
1.1846999999999914,0.40540999999999744
1.1863699999999915,0.40591099999999747
1.1880399999999915,0.4064119999999975
1.1897099999999916,0.4069129999999975
1.1913799999999917,0.4074139999999975
1.1930499999999917,0.40791499999999753
1.1947199999999918,0.40841599999999756
1.1963899999999918,0.4089169999999977
1.198059999999992,0.4094179999999976
1.199729999999992,0.4099189999999977
1.201399999999992,0.4104199999999976
1.203069999999992,0.41092099999999776
1.2047399999999922,0.4114219999999977
1.2064099999999922,0.4119229999999978
1.2080799999999923,0.4124239999999978
1.2097499999999923,0.4129249999999978
1.2114199999999924,0.41342599999999785
1.2130899999999925,0.4139269999999979
1.2147599999999925,0.4144279999999979
1.2164299999999926,0.4149289999999979
1.2180999999999926,0.4154299999999979
1.2197699999999927,0.41593099999999794
1.2214399999999928,0.41643199999999797
1.2231099999999928,0.416932999999998
1.2247799999999929,0.417433999999998
1.226449999999993,0.417934999999998
1.228119999999993,0.41843599999999803
1.229789999999993,0.41893699999999806
1.2314599999999931,0.4194379999999981
1.2331299999999932,0.41993899999999806
1.2347999999999932,0.4204399999999981
1.2364699999999933,0.4209409999999981
1.2381399999999934,0.42144199999999815
1.2398099999999934,0.4219429999999982
1.2414799999999935,0.42244399999999815
1.2431499999999935,0.4229449999999982
1.2448199999999936,0.4234459999999982
1.2464899999999937,0.42394699999999824
1.2481599999999937,0.42444799999999827
1.2498299999999938,0.42494899999999824
1.2514999999999938,0.4254499999999983
1.253169999999994,0.4259509999999983
1.254839999999994,0.42645199999999833
1.256509999999994,0.42695299999999836
1.258179999999994,0.42745399999999834
1.2598499999999941,0.42795499999999836
1.2615199999999942,0.4284559999999984
1.2631899999999943,0.4289569999999984
1.2648599999999943,0.42945799999999845
1.2665299999999944,0.4299589999999984
1.2681999999999944,0.43045999999999845
1.2698699999999945,0.4309609999999985
1.2715399999999946,0.4314619999999985
1.2732099999999946,0.43196299999999854
1.2748799999999947,0.4324639999999985
1.2765499999999947,0.43296499999999855
1.2782199999999948,0.4334659999999986
1.2798899999999949,0.4339669999999986
1.281559999999995,0.43446799999999863
1.283229999999995,0.4349689999999986
1.284899999999995,0.43546999999999864
1.286569999999995,0.43597099999999867
1.2882399999999952,0.4364719999999987
1.2899099999999952,0.4369729999999987
1.2915799999999953,0.4374739999999987
1.2932499999999953,0.4379749999999987
1.2949199999999954,0.43847599999999876
1.2965899999999955,0.4389769999999988
1.2982599999999955,0.4394779999999988
1.2999299999999956,0.4399789999999988
1.3015999999999956,0.4404799999999988
1.3032699999999957,0.44098099999999885
1.3049399999999958,0.4414819999999989
1.3066099999999958,0.44198299999999885
1.308279999999996,0.4424839999999989
1.309949999999996,0.4429849999999989
1.311619999999996,0.44348599999999894
1.313289999999996,0.4439869999999989
1.3149599999999961,0.444487999999999
1.3166299999999962,0.44498899999999897
1.3182999999999963,0.445489999999999
1.3199699999999963,0.445990999999999
1.3216399999999964,0.446491999999999
1.3233099999999964,0.4469929999999991
1.3249799999999965,0.44749399999999906
1.3266499999999966,0.4479949999999991
1.3283199999999966,0.4484959999999991
1.3299899999999967,0.4489969999999991
1.3316599999999967,0.4494979999999992
1.3333299999999968,0.44999899999999915
1.3349999999999969,0.4504999999999992
1.336669999999997,0.4510009999999992
1.338339999999997,0.4515019999999992
1.340009999999997,0.45200299999999927
1.341679999999997,0.45250399999999924
1.3433499999999972,0.45300499999999927
1.3450199999999972,0.4535059999999993
1.3466899999999973,0.4540069999999993
1.3483599999999973,0.45450799999999936
1.3500299999999974,0.45500899999999933
1.3516999999999975,0.45550999999999936
1.3533699999999975,0.4560109999999994
1.3550399999999976,0.45651199999999936
1.3567099999999976,0.4570129999999994
1.3583799999999977,0.4575139999999994
1.3600499999999978,0.45801499999999945
1.3617199999999978,0.4585159999999995
1.3633899999999979,0.45901699999999945
1.365059999999998,0.4595179999999995
1.366729999999998,0.4600189999999995
1.368399999999998,0.46051999999999954
1.3700699999999981,0.46102099999999957
1.3717399999999982,0.46152199999999954
1.3734099999999982,0.4620229999999996
1.3750799999999983,0.4625239999999996
1.3767499999999984,0.46302499999999963
1.3784199999999984,0.46352599999999966
1.3800899999999985,0.46402699999999963
1.3817599999999985,0.46452799999999966
1.3834299999999986,0.4650289999999997
1.3850999999999987,0.4655299999999997
1.3867699999999987,0.46603099999999975
1.3884399999999988,0.4665319999999997
1.3901099999999988,0.46703299999999975
1.391779999999999,0.4675339999999998
1.393449999999999,0.4680349999999998
1.395119999999999,0.46853599999999984
1.396789999999999,0.4690369999999998
1.3984599999999991,0.46953799999999984
1.4001299999999992,0.4700389999999999
1.4017999999999993,0.4705399999999999
1.4034699999999993,0.47104099999999993
1.4051399999999994,0.4715419999999999
1.4068099999999994,0.47204299999999993
1.4084799999999995,0.47254399999999996
1.4101499999999996,0.473045
1.4118199999999996,0.473546
1.4134899999999997,0.474047
1.4151599999999998,0.474548
1.4168299999999998,0.47504900000000005
1.4184999999999999,0.4755500000000001
1.42017,0.4760510000000001
1.42184,0.4765520000000001
1.42351,0.4770530000000001
1.4251800000000001,0.47755400000000015
1.4268500000000002,0.4780550000000002
1.4285200000000002,0.4785560000000002
1.4301900000000003,0.4790570000000002
1.4318600000000004,0.4795580000000002
1.4335300000000004,0.48005900000000024
1.4352000000000005,0.48056000000000026
1.4368700000000005,0.4810610000000003
1.4385400000000006,0.48156200000000027
1.4402100000000007,0.4820630000000003
1.4418800000000007,0.4825640000000003
1.4435500000000008,0.48306500000000036
1.4452200000000008,0.4835660000000004
1.446890000000001,0.48406700000000036
1.448560000000001,0.4845680000000004
1.450230000000001,0.4850690000000004
1.451900000000001,0.48557000000000045
1.4535700000000011,0.4860710000000005
1.4552400000000012,0.48657200000000045
1.4569100000000013,0.4870730000000005
1.4585800000000013,0.4875740000000005
1.4602500000000014,0.48807500000000054
1.4619200000000014,0.48857600000000057
1.4635900000000015,0.48907700000000054
1.4652600000000016,0.48957800000000057
1.4669300000000016,0.4900790000000006
1.4686000000000017,0.4905800000000006
1.4702700000000017,0.49108100000000066
1.4719400000000018,0.49158200000000063
1.4736100000000019,0.49208300000000066
1.475280000000002,0.4925840000000007
1.476950000000002,0.4930850000000007
1.478620000000002,0.49358600000000075
1.480290000000002,0.4940870000000007
1.4819600000000022,0.49458800000000075
1.4836300000000022,0.4950890000000008
1.4853000000000023,0.4955900000000008
1.4869700000000023,0.49609100000000084
1.4886400000000024,0.4965920000000008
1.4903100000000025,0.49709300000000084
1.4919800000000025,0.49759400000000087
1.4936500000000026,0.4980950000000009
1.4953200000000026,0.4985960000000009
1.4969900000000027,0.4990970000000009
1.4986600000000028,0.49959800000000093
1.5003300000000028,0.5000661284046698
1.5020000000000029,0.5004007782101174
1.503670000000003,0.5007354280155651
1.505340000000003,0.5010700778210124
1.507010000000003,0.5014047276264597
1.5086800000000031,0.5017393774319074
1.5103500000000032,0.5020740272373551
1.5120200000000033,0.5024086770428023
1.5136900000000033,0.5027433268482497
1.5153600000000034,0.5030779766536974
1.5170300000000034,0.503412626459145
1.5187000000000035,0.5037472762645923
1.5203700000000036,0.5040819260700397
1.5220400000000036,0.5044165758754873
1.5237100000000037,0.5047512256809349
1.5253800000000037,0.5050858754863823
1.5270500000000038,0.5054205252918296
1.5287200000000039,0.5057551750972772
1.530390000000004,0.5060898249027248
1.532060000000004,0.5064244747081722
1.533730000000004,0.5067591245136195
1.535400000000004,0.5070937743190671
1.5370700000000042,0.5074284241245147
1.5387400000000042,0.5077630739299621
1.5404100000000043,0.5080977237354094
1.5420800000000043,0.508432373540857
1.5437500000000044,0.5087670233463047
1.5454200000000045,0.509101673151752
1.5470900000000045,0.5094363229571993
1.5487600000000046,0.509770972762647
1.5504300000000046,0.5101056225680947
1.5521000000000047,0.510440272373542
1.5537700000000048,0.5107749221789893
1.5554400000000048,0.511109571984437
1.5571100000000049,0.5114442217898846
1.558780000000005,0.5117788715953319
1.560450000000005,0.5121135214007793
1.562120000000005,0.5124481712062269
1.5637900000000051,0.5127828210116745
1.5654600000000052,0.5131174708171219
1.5671300000000052,0.5134521206225692
1.5688000000000053,0.5137867704280168
1.5704700000000054,0.5141214202334644
1.5721400000000054,0.5144560700389118
1.5738100000000055,0.5147907198443591
1.5754800000000055,0.5151253696498067
1.5771500000000056,0.5154600194552544
1.5788200000000057,0.5157946692607017
1.5804900000000057,0.516129319066149
1.5821600000000058,0.5164639688715966
1.5838300000000058,0.5167986186770444
1.585500000000006,0.5171332684824916
1.587170000000006,0.5174679182879389
1.588840000000006,0.5178025680933867
1.590510000000006,0.5181372178988343
1.5921800000000061,0.5184718677042816
1.5938500000000062,0.518806517509729
1.5955200000000063,0.5191411673151766
1.5971900000000063,0.5194758171206242
1.5988600000000064,0.5198104669260715
1.6005300000000064,0.5201451167315189
1.6022000000000065,0.5204797665369665
1.6038700000000066,0.5208144163424141
1.6055400000000066,0.5211490661478615
1.6072100000000067,0.5214837159533088
1.6088800000000067,0.5218183657587564
1.6105500000000068,0.522153015564204
1.6122200000000069,0.5224876653696514
1.613890000000007,0.5228223151750987
1.615560000000007,0.5231569649805463
1.617230000000007,0.5234916147859939
1.6189000000000071,0.5238262645914413
1.6205700000000072,0.5241609143968886
1.6222400000000072,0.5244955642023363
1.6239100000000073,0.524830214007784
1.6255800000000074,0.5251648638132312
1.6272500000000074,0.5254995136186785
1.6289200000000075,0.5258341634241263
1.6305900000000075,0.5261688132295739
1.6322600000000076,0.5265034630350212
1.6339300000000077,0.5268381128404686
1.6356000000000077,0.5271727626459162
1.6372700000000078,0.5275074124513638
1.6389400000000078,0.5278420622568111
1.640610000000008,0.5281767120622585
1.642280000000008,0.5285113618677061
1.643950000000008,0.5288460116731537
1.645620000000008,0.5291806614786011
1.6472900000000081,0.5295153112840484
1.6489600000000082,0.529849961089496
1.6506300000000083,0.5301846108949436
1.6523000000000083,0.530519260700391
1.6539700000000084,0.5308539105058383
1.6556400000000084,0.5311885603112859
1.6573100000000085,0.5315232101167335
1.6589800000000086,0.5318578599221809
1.6606500000000086,0.5321925097276282
1.6623200000000087,0.5325271595330758
1.6639900000000087,0.5328618093385235
1.6656600000000088,0.5331964591439708
1.6673300000000089,0.5335311089494181
1.669000000000009,0.5338657587548657
1.670670000000009,0.5342004085603135
1.672340000000009,0.5345350583657608
1.674010000000009,0.534869708171208
1.6756800000000092,0.5352043579766557
1.6773500000000092,0.5355390077821034
1.6790200000000093,0.5358736575875507
1.6806900000000093,0.536208307392998
1.6823600000000094,0.5365429571984457
1.6840300000000095,0.5368776070038933
1.6857000000000095,0.5372122568093406
1.6873700000000096,0.5375469066147879
1.6890400000000096,0.5378815564202356
1.6907100000000097,0.5382162062256832
1.6923800000000098,0.5385508560311305
1.6940500000000098,0.5388855058365779
1.6957200000000099,0.5392201556420255
1.69739000000001,0.5395548054474731
1.69906000000001,0.5398894552529204
1.70073000000001,0.5402241050583678
1.7024000000000101,0.5405587548638154
1.7040700000000102,0.5408934046692631
1.7057400000000102,0.5412280544747103
1.7074100000000103,0.5415627042801577
1.7090800000000104,0.5418973540856054
1.7107500000000104,0.542232003891053
1.7124200000000105,0.5425666536965004
1.7140900000000105,0.5429013035019477
1.7157600000000106,0.5432359533073953
1.7174300000000107,0.5435706031128429
1.7191000000000107,0.5439052529182903
1.7207700000000108,0.5442399027237376
1.7224400000000109,0.5445745525291852
1.724110000000011,0.5449092023346328
1.725780000000011,0.5452438521400802
1.727450000000011,0.5455785019455275
1.729120000000011,0.5459131517509751
1.7307900000000112,0.5462478015564227
1.7324600000000112,0.5465824513618701
1.7341300000000113,0.5469171011673174
1.7358000000000113,0.547251750972765
1.7374700000000114,0.5475864007782127
1.7391400000000115,0.54792105058366
1.7408100000000115,0.5482557003891073
1.7424800000000116,0.548590350194555
1.7441500000000116,0.5489250000000027
1.7458200000000117,0.54925964980545
1.7474900000000118,0.5495942996108972
1.7491600000000118,0.549928949416345
1.7508300000000119,0.5502635992217926
1.752500000000012,0.5505982490272399
1.754170000000012,0.5509328988326873
1.755840000000012,0.5512675486381349
1.7575100000000121,0.5516021984435825
1.7591800000000122,0.5519368482490298
1.7608500000000122,0.5522714980544772
1.7625200000000123,0.5526061478599248
1.7641900000000124,0.5529407976653724
1.7658600000000124,0.5532754474708197
1.7675300000000125,0.5536100972762671
1.7692000000000125,0.5539447470817147
1.7708700000000126,0.5542793968871623
1.7725400000000127,0.5546140466926097
1.7742100000000127,0.554948696498057
1.7758800000000128,0.5552833463035046
1.7775500000000128,0.5556179961089522
1.779220000000013,0.5559526459143995
1.780890000000013,0.5562872957198469
1.782560000000013,0.5566219455252945
1.784230000000013,0.5569565953307422
1.7859000000000131,0.5572912451361896
1.7875700000000132,0.557625894941637
1.7892400000000133,0.5579605447470846
1.7909100000000133,0.5582951945525322
1.7925800000000134,0.5586298443579794
1.7942500000000134,0.5589644941634268
1.7959200000000135,0.5592991439688744
1.7975900000000136,0.559633793774322
1.7992600000000136,0.5599684435797694
1.8009300000000137,0.5603030933852168
1.8026000000000137,0.5606377431906644
1.8042700000000138,0.560972392996112
1.8059400000000139,0.5613070428015594
1.807610000000014,0.5616416926070066
1.809280000000014,0.5619763424124542
1.810950000000014,0.5623109922179018
1.812620000000014,0.5626456420233492
1.8142900000000142,0.5629802918287966
1.8159600000000142,0.5633149416342442
1.8176300000000143,0.5636495914396918
1.8193000000000144,0.5639842412451392
1.8209700000000144,0.5643188910505864
1.8226400000000145,0.564653540856034
1.8243100000000145,0.5649881906614819
1.8259800000000146,0.565322840466929
1.8276500000000147,0.5656574902723764
1.8293200000000147,0.5659921400778241
1.8309900000000148,0.5663267898832717
1.8326600000000148,0.5666614396887191
1.834330000000015,0.5669960894941665
1.836000000000015,0.5673307392996141
1.837670000000015,0.5676653891050617
1.839340000000015,0.5680000389105089
1.8410100000000151,0.5683346887159563
1.8426800000000152,0.5686693385214039
1.8443500000000153,0.5690039883268515
1.8460200000000153,0.5693386381322989
1.8476900000000154,0.5696732879377463
1.8493600000000154,0.5700079377431939
1.8510300000000155,0.5703425875486415
1.8527000000000156,0.5706772373540889
1.8543700000000156,0.5710118871595361
1.8560400000000157,0.5713465369649837
1.8577100000000157,0.5716811867704313
1.8593800000000158,0.5720158365758787
1.8610500000000159,0.5723504863813261
1.862720000000016,0.5726851361867737
1.864390000000016,0.5730197859922214
1.866060000000016,0.5733544357976688
1.867730000000016,0.5736890856031159
1.8694000000000162,0.5740237354085638
1.8710700000000162,0.5743583852140114
1.8727400000000163,0.5746930350194586
1.8744100000000163,0.575027684824906
1.8760800000000164,0.5753623346303536
1.8777500000000165,0.5756969844358012
1.8794200000000165,0.5760316342412486
1.8810900000000166,0.576366284046696
1.8827600000000166,0.5767009338521436
1.8844300000000167,0.5770355836575912
1.8861000000000168,0.5773702334630384
1.8877700000000168,0.5777048832684858
1.8894400000000169,0.5780395330739334
1.891110000000017,0.578374182879381
1.892780000000017,0.5787088326848284
1.894450000000017,0.5790434824902758
1.8961200000000171,0.5793781322957234
1.8977900000000172,0.579712782101171
1.8994600000000172,0.5800474319066184
1.9011300000000173,0.5803820817120656
1.9028000000000174,0.5807167315175132
1.9044700000000174,0.5810513813229609
1.9061400000000175,0.5813860311284083
1.9078100000000175,0.5817206809338556
1.9094800000000176,0.5820553307393033
1.9111500000000177,0.5823899805447509
1.9128200000000177,0.5827246303501983
1.9144900000000178,0.5830592801556455
1.9161600000000178,0.5833939299610931
1.917830000000018,0.5837285797665409
1.919500000000018,0.5840632295719881
1.921170000000018,0.5843978793774355
1.922840000000018,0.5847325291828831
1.9245100000000182,0.5850671789883307
1.9261800000000182,0.5854018287937781
1.9278500000000183,0.5857364785992255
1.9295200000000183,0.5860695145631105
1.9311900000000184,0.5864018932038874
1.9328600000000185,0.586734271844664
1.9345300000000185,0.5870666504854406
1.9362000000000186,0.5873990291262174
1.9378700000000186,0.5877314077669943
1.9395400000000187,0.5880637864077709
1.9412100000000188,0.5883961650485473
1.9428800000000188,0.5887285436893241
1.9445500000000189,0.5890609223301012
1.946220000000019,0.5893933009708776
1.947890000000019,0.5897256796116542
1.949560000000019,0.5900580582524311
1.9512300000000191,0.5903904368932079
1.9529000000000192,0.5907228155339845
1.9545700000000192,0.5910551941747612
1.9562400000000193,0.591387572815538
1.9579100000000194,0.5917199514563148
1.9595800000000194,0.5920523300970915
1.9612500000000195,0.5923847087378679
1.9629200000000195,0.5927170873786447
1.9645900000000196,0.5930494660194215
1.9662600000000197,0.5933818446601982
1.9679300000000197,0.5937142233009748
1.9696000000000198,0.5940466019417516
1.9712700000000198,0.5943789805825285
1.97294000000002,0.5947113592233051
1.97461000000002,0.5950437378640815
1.97628000000002,0.5953761165048586
1.97795000000002,0.5957084951456354
1.9796200000000201,0.5960408737864118
1.9812900000000202,0.5963732524271884
1.9829600000000203,0.5967056310679653
1.9846300000000203,0.5970380097087421
1.9863000000000204,0.5973703883495187
1.9879700000000204,0.5977027669902953
1.9896400000000205,0.5980351456310722
1.9913100000000206,0.598367524271849
1.9929800000000206,0.5986999029126256
1.9946500000000207,0.599032281553402
1.9963200000000207,0.5993646601941789
1.9979900000000208,0.599697038834956
1.9996600000000209,0.6000294174757324
2.0013300000000207,0.6003617961165091
2.0030000000000205,0.6006941747572858
2.0046700000000204,0.6010265533980623
2.00634000000002,0.6013589320388391
2.00801000000002,0.6016913106796158
2.00968000000002,0.6020236893203925
2.0113500000000197,0.602356067961169
2.0130200000000196,0.6026884466019458
2.0146900000000194,0.6030208252427225
2.0163600000000192,0.603353203883499
2.018030000000019,0.6036855825242757
2.019700000000019,0.6040179611650525
2.0213700000000188,0.604350339805829
2.0230400000000186,0.6046827184466057
2.0247100000000184,0.6050150970873824
2.0263800000000183,0.6053474757281592
2.028050000000018,0.6056798543689357
2.029720000000018,0.6060122330097124
2.031390000000018,0.6063446116504891
2.0330600000000176,0.6066769902912656
2.0347300000000175,0.6070093689320424
2.0364000000000173,0.6073417475728191
2.038070000000017,0.6076741262135956
2.039740000000017,0.6080065048543724
2.041410000000017,0.6083388834951491
2.0430800000000167,0.6086712621359258
2.0447500000000165,0.6090036407767023
2.0464200000000163,0.6093360194174791
2.048090000000016,0.6096683980582558
2.049760000000016,0.6100007766990323
2.051430000000016,0.610333155339809
2.0531000000000157,0.6106655339805858
2.0547700000000155,0.6109979126213625
2.0564400000000154,0.611330291262139
2.058110000000015,0.6116626699029157
2.059780000000015,0.6119950485436925
2.061450000000015,0.612327427184469
2.0631200000000147,0.6126598058252457
2.0647900000000146,0.6129921844660224
2.0664600000000144,0.6133245631067992
2.0681300000000142,0.6136569417475757
2.069800000000014,0.6139893203883524
2.071470000000014,0.6143218093385243
2.0731400000000137,0.6146564591439718
2.0748100000000136,0.6149911089494191
2.0764800000000134,0.6153257587548666
2.0781500000000133,0.6156604085603141
2.079820000000013,0.6159950583657614
2.081490000000013,0.6163297081712089
2.083160000000013,0.6166643579766564
2.0848300000000126,0.6169990077821037
2.0865000000000125,0.6173336575875512
2.0881700000000123,0.6176683073929987
2.089840000000012,0.618002957198446
2.091510000000012,0.6183376070038935
2.093180000000012,0.618672256809341
2.0948500000000116,0.6190069066147885
2.0965200000000115,0.6193415564202358
2.0981900000000113,0.6196762062256833
2.099860000000011,0.6200108560311308
2.101530000000011,0.6203455058365781
2.103200000000011,0.6206801556420256
2.1048700000000107,0.6210148054474731
2.1065400000000105,0.6213494552529204
2.1082100000000104,0.6216841050583679
2.10988000000001,0.6220187548638154
2.11155000000001,0.6223534046692627
2.11322000000001,0.6226880544747102
2.1148900000000097,0.6230227042801577
2.1165600000000095,0.6233573540856052
2.1182300000000094,0.6236920038910525
2.119900000000009,0.6240266536965
2.121570000000009,0.6243613035019475
2.123240000000009,0.6246959533073948
2.1249100000000087,0.6250306031128423
2.1265800000000086,0.6253652529182898
2.1282500000000084,0.6256999027237371
2.1299200000000083,0.6260345525291846
2.131590000000008,0.6263692023346321
2.133260000000008,0.6267038521400796
2.1349300000000078,0.6270385019455269
2.1366000000000076,0.6273731517509744
2.1382700000000074,0.6277078015564219
2.1399400000000073,0.6280424513618692
2.141610000000007,0.6283771011673167
2.143280000000007,0.6287117509727642
2.144950000000007,0.6290464007782115
2.1466200000000066,0.629381050583659
2.1482900000000065,0.6297157003891065
2.1499600000000063,0.6300503501945538
2.151630000000006,0.6303850000000013
2.153300000000006,0.6307196498054488
2.154970000000006,0.6310542996108961
2.1566400000000057,0.6313889494163436
2.1583100000000055,0.6317235992217911
2.1599800000000053,0.6320582490272386
2.161650000000005,0.6323928988326859
2.163320000000005,0.6327275486381334
2.164990000000005,0.6330621984435809
2.1666600000000047,0.6333968482490282
2.1683300000000045,0.6337314980544757
2.1700000000000044,0.6340661478599232
2.171670000000004,0.6344007976653705
2.173340000000004,0.634735447470818
2.175010000000004,0.6350700972762655
2.1766800000000037,0.635404747081713
2.1783500000000036,0.6357393968871603
2.1800200000000034,0.6360740466926078
2.1816900000000032,0.6364086964980553
2.183360000000003,0.6367433463035026
2.185030000000003,0.6370779961089501
2.1867000000000028,0.6374126459143976
2.1883700000000026,0.6377472957198449
2.1900400000000024,0.6380819455252924
2.1917100000000023,0.6384165953307399
2.193380000000002,0.6387512451361872
2.195050000000002,0.6390858949416347
2.196720000000002,0.6394205447470822
2.1983900000000016,0.6397551945525295
2.2000600000000015,0.640089844357977
2.2017300000000013,0.6404244941634245
2.203400000000001,0.640759143968872
2.205070000000001,0.6410937937743193
2.206740000000001,0.6414284435797667
2.2084100000000007,0.6417630933852142
2.2100800000000005,0.6420977431906615
2.2117500000000003,0.642432392996109
2.21342,0.6427670428015565
2.21509,0.6431016926070038
2.21676,0.6434363424124513
2.2184299999999997,0.6437709922178988
2.2200999999999995,0.6441056420233461
2.2217699999999994,0.6444402918287936
2.223439999999999,0.6447749416342411
2.225109999999999,0.6451095914396886
2.226779999999999,0.6454442412451359
2.2284499999999987,0.6457788910505834
2.2301199999999985,0.6461135408560309
2.2317899999999984,0.6464481906614782
2.2334599999999982,0.6467828404669257
2.235129999999998,0.6471174902723732
2.236799999999998,0.6474521400778205
2.2384699999999977,0.647786789883268
2.2401399999999976,0.6481214396887155
2.2418099999999974,0.6484560894941628
2.2434799999999973,0.6487907392996103
2.245149999999997,0.6491253891050578
2.246819999999997,0.6494600389105051
2.2484899999999968,0.6497946887159526
2.2501599999999966,0.6501293385214001
2.2518299999999964,0.6504639883268474
2.2534999999999963,0.6507986381322949
2.255169999999996,0.6511332879377424
2.256839999999996,0.6514679377431897
2.258509999999996,0.6518025875486372
2.2601799999999956,0.6521372373540847
2.2618499999999955,0.6524718871595322
2.2635199999999953,0.6528065369649795
2.265189999999995,0.653141186770427
2.266859999999995,0.6534758365758745
2.268529999999995,0.6538104863813218
2.2701999999999947,0.6541451361867693
2.2718699999999945,0.6544797859922168
2.2735399999999943,0.6548144357976641
2.275209999999994,0.6551490856031116
2.276879999999994,0.6554837354085591
2.278549999999994,0.6558183852140064
2.2802199999999937,0.6561530350194539
2.2818899999999935,0.6564876848249014
2.2835599999999934,0.6568223346303487
2.285229999999993,0.6571569844357962
2.286899999999993,0.6574916342412437
2.288569999999993,0.657826284046691
2.2902399999999927,0.6581609338521385
2.2919099999999926,0.658495583657586
2.2935799999999924,0.6588302334630333
2.2952499999999922,0.6591648832684808
2.296919999999992,0.6594995330739283
2.298589999999992,0.6598341828793758
2.3002599999999918,0.6601688326848231
2.3019299999999916,0.6605034824902706
2.3035999999999914,0.6608381322957181
2.3052699999999913,0.6611727821011654
2.306939999999991,0.6615074319066129
2.308609999999991,0.6618420817120604
2.310279999999991,0.6621767315175077
2.3119499999999906,0.6625113813229552
2.3136199999999905,0.6628460311284027
2.3152899999999903,0.66318068093385
2.31695999999999,0.6635153307392975
2.31862999999999,0.663849980544745
2.32029999999999,0.6641846303501923
2.3219699999999897,0.6645192801556398
2.3236399999999895,0.6648539299610873
2.3253099999999893,0.6651885797665346
2.326979999999989,0.6655232295719821
2.328649999999989,0.6658578793774296
2.330319999999989,0.6661925291828769
2.3319899999999887,0.6665271789883244
2.3336599999999885,0.6668618287937719
2.3353299999999884,0.6671964785992192
2.336999999999988,0.6675311284046667
2.338669999999988,0.6678657782101142
2.340339999999988,0.6682004280155617
2.3420099999999877,0.668535077821009
2.3436799999999876,0.6688697276264565
2.3453499999999874,0.669204377431904
2.3470199999999872,0.6695390272373513
2.348689999999987,0.6698736770427988
2.350359999999987,0.6702083268482463
2.3520299999999867,0.6705429766536936
2.3536999999999866,0.6708776264591411
2.3553699999999864,0.6712122762645886
2.3570399999999863,0.6715467961165019
2.358709999999986,0.6718791747572787
2.360379999999986,0.6722115533980552
2.3620499999999858,0.6725439320388319
2.3637199999999856,0.6728763106796086
2.3653899999999854,0.6732086893203851
2.3670599999999853,0.6735410679611619
2.368729999999985,0.6738734466019386
2.370399999999985,0.6742058252427153
2.372069999999985,0.6745382038834918
2.3737399999999846,0.6748705825242686
2.3754099999999845,0.6752029611650453
2.3770799999999843,0.6755353398058218
2.378749999999984,0.6758677184465985
2.380419999999984,0.6762000970873753
2.382089999999984,0.676532475728152
2.3837599999999837,0.6768648543689285
2.3854299999999835,0.6771972330097052
2.3870999999999833,0.677529611650482
2.388769999999983,0.6778619902912585
2.390439999999983,0.6781943689320352
2.392109999999983,0.678526747572812
2.3937799999999827,0.6788591262135885
2.3954499999999825,0.6791915048543652
2.3971199999999824,0.6795238834951419
2.398789999999982,0.6798562621359187
2.400459999999982,0.6801886407766952
2.402129999999982,0.6805210194174719
2.4037999999999817,0.6808533980582486
2.4054699999999816,0.6811857766990251
2.4071399999999814,0.6815181553398019
2.4088099999999812,0.6818505339805786
2.410479999999981,0.6821829126213553
2.412149999999981,0.6825152912621318
2.4138199999999808,0.6828476699029086
2.4154899999999806,0.6831800485436853
2.4171599999999804,0.6835124271844618
2.4188299999999803,0.6838448058252385
2.42049999999998,0.6841771844660153
2.42216999999998,0.6845095631067918
2.42383999999998,0.6848419417475685
2.4255099999999796,0.6851743203883452
2.4271799999999795,0.685506699029122
2.4288499999999793,0.6858390776698985
2.430519999999979,0.6861714563106752
2.432189999999979,0.686503834951452
2.433859999999979,0.6868362135922285
2.4355299999999787,0.6871685922330052
2.4371999999999785,0.6875009708737819
2.4388699999999783,0.6878333495145587
2.440539999999978,0.6881657281553352
2.442209999999978,0.6884981067961119
2.443879999999978,0.6888304854368886
2.4455499999999777,0.6891628640776651
2.4472199999999775,0.6894952427184419
2.4488899999999774,0.6898276213592186
2.450559999999977,0.6901599999999953
2.452229999999977,0.6904923786407718
2.453899999999977,0.6908247572815486
2.4555699999999767,0.6911571359223253
2.4572399999999766,0.6914895145631018
2.4589099999999764,0.6918218932038785
2.4605799999999762,0.6921542718446553
2.462249999999976,0.6924866504854318
2.463919999999976,0.6928190291262085
2.4655899999999757,0.6931514077669853
2.4672599999999756,0.693483786407762
2.4689299999999754,0.6938161650485385
2.4705999999999753,0.6941485436893152
2.472269999999975,0.694480922330092
2.473939999999975,0.6948133009708685
2.4756099999999748,0.6951456796116452
2.4772799999999746,0.6954780582524219
2.4789499999999745,0.6958104368931984
2.4806199999999743,0.6961428155339752
2.482289999999974,0.6964751941747519
2.483959999999974,0.6968075728155286
2.485629999999974,0.6971399514563051
2.4872999999999736,0.6974723300970819
2.4889699999999735,0.6978047087378586
2.4906399999999733,0.6981370873786351
2.492309999999973,0.6984694660194118
2.493979999999973,0.6988018446601886
2.495649999999973,0.6991342233009653
2.4973199999999727,0.6994666019417418
2.4989899999999725,0.6997989805825185
2.5006599999999723,0.699933743190664
2.502329999999972,0.6997660933852167
2.503999999999972,0.699598443579769
2.505669999999972,0.6994307937743216
2.5073399999999717,0.6992631439688742
2.5090099999999715,0.6990954941634268
2.5106799999999714,0.6989278443579794
2.512349999999971,0.6987601945525317
2.514019999999971,0.6985925447470843
2.515689999999971,0.698424894941637
2.5173599999999707,0.6982572451361895
2.5190299999999706,0.6980895953307421
2.5206999999999704,0.6979219455252944
2.5223699999999702,0.697754295719847
2.52403999999997,0.6975866459143997
2.52570999999997,0.6974189961089522
2.5273799999999698,0.6972513463035048
2.5290499999999696,0.6970836964980571
2.5307199999999694,0.6969160466926098
2.5323899999999693,0.6967483968871624
2.534059999999969,0.6965807470817149
2.535729999999969,0.6964130972762675
2.537399999999969,0.69624544747082
2.5390699999999686,0.6960777976653725
2.5407399999999685,0.6959101478599251
2.5424099999999683,0.6957424980544776
2.544079999999968,0.6955748482490303
2.545749999999968,0.6954071984435827
2.547419999999968,0.6952395486381352
2.5490899999999677,0.6950718988326878
2.5507599999999675,0.6949042490272404
2.5524299999999673,0.694736599221793
2.554099999999967,0.6945689494163454
2.555769999999967,0.6944012996108979
2.557439999999967,0.6942336498054505
2.5591099999999667,0.6940660000000031
2.5607799999999665,0.6938983501945557
2.5624499999999664,0.6937307003891081
2.564119999999966,0.6935630505836606
2.565789999999966,0.6933954007782133
2.567459999999966,0.6932277509727658
2.5691299999999657,0.6930601011673184
2.5707999999999656,0.6928924513618708
2.5724699999999654,0.6927248015564234
2.5741399999999652,0.692557151750976
2.575809999999965,0.6923895019455286
2.577479999999965,0.6922218521400809
2.5791499999999647,0.6920542023346336
2.5808199999999646,0.6918865525291861
2.5824899999999644,0.6917189027237387
2.5841599999999643,0.6915512529182913
2.585829999999964,0.6913836031128436
2.587499999999964,0.6912159533073963
2.589169999999964,0.6910483035019488
2.5908399999999636,0.6908806536965014
2.5925099999999635,0.6907130038910541
2.5941799999999633,0.6905453540856064
2.595849999999963,0.690377704280159
2.597519999999963,0.6902100544747116
2.599189999999963,0.6900424046692641
2.6008599999999626,0.6898747548638168
2.6025299999999625,0.6897071050583691
2.6041999999999623,0.6895394552529217
2.605869999999962,0.6893718054474742
2.607539999999962,0.6892041556420269
2.609209999999962,0.6890365058365795
2.6108799999999617,0.6888688560311318
2.6125499999999615,0.6887012062256844
2.6142199999999614,0.6885335564202371
2.615889999999961,0.6883659066147896
2.617559999999961,0.6881982568093422
2.619229999999961,0.6880306070038945
2.6208999999999607,0.6878629571984471
2.6225699999999605,0.6876953073929998
2.6242399999999604,0.6875276575875523
2.62590999999996,0.6873600077821049
2.62757999999996,0.6871923579766572
2.62924999999996,0.6870247081712099
2.6309199999999597,0.6868570583657625
2.6325899999999596,0.686689408560315
2.6342599999999594,0.6865217587548677
2.6359299999999593,0.6863541089494201
2.637599999999959,0.6861864591439726
2.639269999999959,0.6860188093385252
2.6409399999999588,0.6858511595330777
2.6426099999999586,0.6856835097276304
2.6442799999999584,0.6855158599221828
2.6459499999999583,0.6853482101167353
2.647619999999958,0.6851805603112879
2.649289999999958,0.6850129105058405
2.650959999999958,0.6848452607003931
2.6526299999999576,0.6846776108949455
2.6542999999999575,0.684509961089498
2.6559699999999573,0.6843423112840507
2.657639999999957,0.6841746614786033
2.659309999999957,0.6840070116731558
2.660979999999957,0.6838393618677082
2.6626499999999567,0.6836717120622607
2.6643199999999565,0.6835040622568134
2.6659899999999563,0.683336412451366
2.667659999999956,0.6831687626459185
2.669329999999956,0.6830011128404709
2.670999999999956,0.6828334630350236
2.6726699999999557,0.6826658132295761
2.6743399999999555,0.6824981634241287
2.6760099999999554,0.6823305136186812
2.677679999999955,0.6821628638132337
2.679349999999955,0.6819952140077863
2.681019999999955,0.6818275642023388
2.6826899999999547,0.6816599143968914
2.6843599999999546,0.6814922645914441
2.6860299999999544,0.6813246147859964
2.6876999999999542,0.681156964980549
2.689369999999954,0.6809893151751015
2.691039999999954,0.6808216653696542
2.6927099999999538,0.6806540155642068
2.6943799999999536,0.6804863657587593
2.6960499999999534,0.6803187159533117
2.6977199999999533,0.6801510661478644
2.699389999999953,0.6799834163424169
2.701059999999953,0.6798157665369695
2.702729999999953,0.679648116731522
2.7043999999999526,0.6794804669260744
2.7060699999999525,0.6793128171206271
2.7077399999999523,0.6791451673151796
2.709409999999952,0.6789775175097322
2.711079999999952,0.6788098677042849
2.712749999999952,0.6786422178988372
2.7144199999999516,0.6784745680933898
2.7160899999999515,0.6783069182879423
2.7177599999999513,0.678139268482495
2.719429999999951,0.6779716186770476
2.721099999999951,0.6778039688715999
2.722769999999951,0.6776363190661525
2.7244399999999507,0.6774686692607051
2.7261099999999505,0.6773010194552577
2.7277799999999504,0.6771333696498103
2.72944999999995,0.6769657198443628
2.73111999999995,0.6767980700389152
2.73278999999995,0.6766304202334679
2.7344599999999497,0.6764627704280204
2.7361299999999495,0.676295120622573
2.7377999999999494,0.6761274708171257
2.7394699999999492,0.675959821011678
2.741139999999949,0.6757921712062306
2.742809999999949,0.6756245214007832
2.7444799999999487,0.6754568715953357
2.7461499999999486,0.6752892217898884
2.7478199999999484,0.6751215719844407
2.7494899999999483,0.6749539221789933
2.751159999999948,0.6747862723735459
2.752829999999948,0.6746186225680985
2.7544999999999478,0.6744509727626511
2.7561699999999476,0.6742833229572034
2.7578399999999474,0.674115673151756
2.7595099999999473,0.6739480233463087
2.761179999999947,0.6737803735408612
2.762849999999947,0.6736127237354138
2.764519999999947,0.6734450739299662
2.7661899999999466,0.6732774241245187
2.7678599999999465,0.6731097743190714
2.7695299999999463,0.672942124513624
2.771199999999946,0.6727744747081765
2.772869999999946,0.6726068249027289
2.774539999999946,0.6724391750972815
2.7762099999999457,0.6722715252918341
2.7778799999999455,0.6721038754863867
2.7795499999999453,0.6719362256809392
2.781219999999945,0.6717685758754919
2.782889999999945,0.6716009260700442
2.784559999999945,0.6714332762645968
2.7862299999999447,0.6712656264591494
2.7878999999999445,0.671097976653702
2.7895699999999444,0.6709303268482545
2.791239999999944,0.670762677042807
2.792909999999944,0.6705950272373595
2.794579999999944,0.670427377431912
2.7962499999999437,0.6702597276264648
2.7979199999999436,0.6700920778210173
2.7995899999999434,0.6699244280155696
2.8012599999999432,0.6697567782101224
2.802929999999943,0.6695891284046749
2.804599999999943,0.6694214785992274
2.8062699999999428,0.6692538287937801
2.8079399999999426,0.6690861789883327
2.8096099999999424,0.668918529182885
2.8112799999999423,0.6687508793774375
2.812949999999942,0.6685832295719902
2.814619999999942,0.6684155797665428
2.816289999999942,0.6682479299610953
2.8179599999999416,0.6680802801556478
2.8196299999999415,0.6679126303502003
2.8212999999999413,0.6677449805447528
2.822969999999941,0.6675773307393056
2.824639999999941,0.6674096809338581
2.826309999999941,0.6672420311284104
2.8279799999999407,0.6670743813229632
2.8296499999999405,0.6669067315175157
2.8313199999999403,0.6667390817120682
2.83298999999994,0.6665714319066207
2.83465999999994,0.6664037821011732
2.83632999999994,0.6662361322957258
2.8379999999999397,0.6660684824902783
2.8396699999999395,0.665900832684831
2.8413399999999394,0.6657331828793835
2.843009999999939,0.6655655330739358
2.844679999999939,0.6653978832684886
2.846349999999939,0.6652302334630411
2.8480199999999387,0.6650625836575936
2.8496899999999385,0.6648949338521464
2.8513599999999384,0.6647272840466987
2.8530299999999382,0.6645596342412512
2.854699999999938,0.6643919844358037
2.856369999999938,0.6642243346303565
2.8580399999999377,0.664056684824909
2.8597099999999376,0.6638890350194615
2.8613799999999374,0.663721385214014
2.8630499999999373,0.6635537354085665
2.864719999999937,0.6633860856031191
2.866389999999937,0.6632184357976718
2.8680599999999368,0.6630507859922243
2.8697299999999366,0.6628831361867766
2.8713999999999364,0.6627154863813294
2.8730699999999363,0.6625478365758819
2.874739999999936,0.6623801867704344
2.876409999999936,0.6622125369649869
2.878079999999936,0.6620448871595395
2.8797499999999356,0.661877237354092
2.8814199999999355,0.6617095875486445
2.8830899999999353,0.6615419377431973
2.884759999999935,0.6613742879377498
2.886429999999935,0.6612066381323021
2.888099999999935,0.6610389883268548
2.8897699999999347,0.6608713385214073
2.8914399999999345,0.6607036887159599
2.8931099999999343,0.6605360389105124
2.894779999999934,0.6603683891050651
2.896449999999934,0.6602007392996174
2.898119999999934,0.6600330894941699
2.8997899999999337,0.6598654396887227
2.9014599999999335,0.6596977898832752
2.9031299999999334,0.6595301400778277
2.904799999999933,0.6593624902723803
2.906469999999933,0.6591948404669328
2.908139999999933,0.6590271906614853
2.9098099999999327,0.658859540856038
2.9114799999999326,0.6586918910505906
2.9131499999999324,0.6585242412451429
2.9148199999999322,0.6583565914396956
2.916489999999932,0.6581889416342481
2.918159999999932,0.6580212918288006
2.9198299999999318,0.6578536420233532
2.9214999999999316,0.6576859922179057
2.9231699999999314,0.6575183424124582
2.9248399999999313,0.6573506926070107
2.926509999999931,0.6571830428015635
2.928179999999931,0.657015392996116
2.929849999999931,0.6568498058252494
2.9315199999999306,0.656684427184473
2.9331899999999305,0.6565190485436962
2.9348599999999303,0.6563536699029195
2.93652999999993,0.6561882912621428
2.93819999999993,0.6560229126213661
2.93986999999993,0.6558575339805894
2.9415399999999297,0.6556921553398127
2.9432099999999295,0.6555267766990363
2.9448799999999293,0.6553613980582595
2.946549999999929,0.6551960194174828
2.948219999999929,0.6550306407767061
2.949889999999929,0.6548652621359294
2.9515599999999287,0.6546998834951527
2.9532299999999285,0.654534504854376
2.9548999999999284,0.6543691262135996
2.956569999999928,0.6542037475728226
2.958239999999928,0.6540383689320459
2.959909999999928,0.6538729902912694
2.9615799999999277,0.6537076116504927
2.9632499999999276,0.653542233009716
2.9649199999999274,0.6533768543689391
2.9665899999999272,0.6532114757281626
2.968259999999927,0.6530460970873859
2.969929999999927,0.6528807184466092
2.9715999999999267,0.6527153398058327
2.9732699999999266,0.652549961165056
2.9749399999999264,0.6523845825242791
2.9766099999999263,0.6522192038835024
2.978279999999926,0.6520538252427259
2.979949999999926,0.6518884466019492
2.9816199999999258,0.6517230679611725
2.9832899999999256,0.6515576893203958
2.9849599999999255,0.6513923106796191
2.9866299999999253,0.6512269320388424
2.988299999999925,0.6510615533980659
2.989969999999925,0.6508961747572892
2.991639999999925,0.6507307961165123
2.9933099999999246,0.6505654174757356
2.9949799999999245,0.6504000388349591
2.9966499999999243,0.6502346601941824
2.998319999999924,0.6500692815534057
2.999989999999924,0.649903902912629
3.001659999999924,0.6497385242718523
3.0033299999999237,0.6495731456310756
3.0049999999999235,0.6494077669902991
3.0066699999999233,0.6492423883495224
3.008339999999923,0.6490770097087455
3.010009999999923,0.6489116310679688
3.011679999999923,0.6487462524271923
3.0133499999999227,0.6485808737864156
3.0150199999999225,0.6484154951456389
3.0166899999999224,0.6482501165048622
3.018359999999922,0.6480847378640855
3.020029999999922,0.6479193592233088
3.021699999999922,0.6477539805825321
3.0233699999999217,0.6475886019417556
3.0250399999999216,0.6474232233009787
3.0267099999999214,0.647257844660202
3.0283799999999212,0.6470924660194255
3.030049999999921,0.6469270873786488
3.031719999999921,0.6467617087378721
3.0333899999999208,0.6465963300970952
3.0350599999999206,0.6464309514563187
3.0367299999999204,0.646265572815542
3.0383999999999203,0.6461001941747653
3.04006999999992,0.6459348155339888
3.04173999999992,0.6457694368932119
3.04340999999992,0.6456040582524352
3.0450799999999196,0.6454386796116585
3.0467499999999195,0.645273300970882
3.0484199999999193,0.6451079223301053
3.050089999999919,0.6449425436893284
3.051759999999919,0.6447771650485519
3.053429999999919,0.6446117864077752
3.0550999999999187,0.6444464077669985
3.0567699999999185,0.644281029126222
3.0584399999999183,0.6441156504854451
3.060109999999918,0.6439502718446684
3.061779999999918,0.6437848932038917
3.063449999999918,0.6436195145631152
3.0651199999999177,0.6434541359223385
3.0667899999999175,0.6432887572815615
3.0684599999999174,0.6431233786407851
3.070129999999917,0.6429580000000084
3.071799999999917,0.6427920622568177
3.073469999999917,0.6426244124513705
3.0751399999999167,0.6424567626459228
3.0768099999999166,0.6422891128404753
3.0784799999999164,0.642121463035028
3.0801499999999162,0.6419538132295806
3.081819999999916,0.6417861634241331
3.083489999999916,0.6416185136186856
3.0851599999999157,0.6414508638132381
3.0868299999999156,0.6412832140077906
3.0884999999999154,0.6411155642023434
3.0901699999999153,0.6409479143968959
3.091839999999915,0.6407802645914482
3.093509999999915,0.6406126147860007
3.0951799999999148,0.6404449649805535
3.0968499999999146,0.640277315175106
3.0985199999999145,0.6401096653696585
3.1001899999999143,0.639942015564211
3.101859999999914,0.6397743657587636
3.103529999999914,0.6396067159533161
3.105199999999914,0.6394390661478688
3.1068699999999136,0.6392714163424214
3.1085399999999135,0.6391037665369736
3.1102099999999133,0.6389361167315264
3.111879999999913,0.6387684669260789
3.113549999999913,0.6386008171206314
3.115219999999913,0.638433167315184
3.1168899999999127,0.6382655175097365
3.1185599999999125,0.638097867704289
3.1202299999999124,0.6379302178988415
3.121899999999912,0.6377625680933943
3.123569999999912,0.6375949182879466
3.125239999999912,0.6374272684824991
3.1269099999999117,0.6372596186770518
3.1285799999999115,0.6370919688716044
3.1302499999999114,0.6369243190661569
3.131919999999911,0.6367566692607094
3.133589999999911,0.6365890194552619
3.135259999999911,0.6364213696498144
3.1369299999999107,0.636253719844367
3.1385999999999106,0.6360860700389197
3.1402699999999104,0.635918420233472
3.1419399999999102,0.6357507704280245
3.14360999999991,0.6355831206225773
3.14527999999991,0.6354154708171298
3.1469499999999098,0.6352478210116823
3.1486199999999096,0.6350801712062348
3.1502899999999094,0.6349125214007874
3.1519599999999093,0.6347448715953399
3.153629999999909,0.6345772217898926
3.155299999999909,0.6344095719844451
3.156969999999909,0.6342419221789974
3.1586399999999086,0.63407427237355
3.1603099999999085,0.6339066225681027
3.1619799999999083,0.6337389727626552
3.163649999999908,0.6335713229572077
3.165319999999908,0.6334036731517603
3.166989999999908,0.6332360233463128
3.1686599999999077,0.6330683735408653
3.1703299999999075,0.6329007237354181
3.1719999999999073,0.6327330739299706
3.173669999999907,0.6325654241245229
3.175339999999907,0.6323977743190756
3.177009999999907,0.6322301245136281
3.1786799999999067,0.6320624747081807
3.1803499999999065,0.6318948249027332
3.1820199999999064,0.6317271750972857
3.183689999999906,0.6315595252918382
3.185359999999906,0.6313918754863908
3.187029999999906,0.6312242256809435
3.1886999999999057,0.631056575875496
3.1903699999999056,0.6308889260700483
3.1920399999999054,0.6307212762646011
3.1937099999999052,0.6305536264591536
3.195379999999905,0.6303859766537061
3.197049999999905,0.6302183268482586
3.1987199999999048,0.6300506770428111
3.2003899999999046,0.6298830272373637
3.2020599999999044,0.6297153774319162
3.2037299999999043,0.6295477276264689
3.205399999999904,0.6293800778210215
3.207069999999904,0.6292124280155738
3.208739999999904,0.6290447782101265
3.2104099999999036,0.628877128404679
3.2120799999999035,0.6287094785992315
3.2137499999999033,0.6285418287937843
3.215419999999903,0.6283741789883366
3.217089999999903,0.6282065291828891
3.218759999999903,0.6280388793774418
3.2204299999999026,0.6278712295719944
3.2220999999999025,0.6277035797665469
3.2237699999999023,0.6275359299610992
3.225439999999902,0.6273682801556519
3.227109999999902,0.6272006303502045
3.228779999999902,0.627032980544757
3.2304499999999017,0.6268653307393097
3.2321199999999015,0.626697680933862
3.2337899999999014,0.6265300311284145
3.235459999999901,0.6263623813229673
3.237129999999901,0.6261947315175198
3.238799999999901,0.6260270817120723
3.2404699999999007,0.6258594319066249
3.2421399999999005,0.6256917821011774
3.2438099999999004,0.6255241322957299
3.2454799999999002,0.6253564824902826
3.2471499999999,0.6251888326848349
3.2488199999999,0.6250211828793875
3.2504899999998997,0.6248535330739402
3.2521599999998996,0.6246858832684927
3.2538299999998994,0.6245182334630452
3.2554999999998993,0.6243505836575978
3.257169999999899,0.6241829338521503
3.258839999999899,0.6240152840467028
3.2605099999998988,0.6238476342412553
3.2621799999998986,0.6236799844358081
3.2638499999998984,0.6235123346303604
3.2655199999998983,0.6233446848249129
3.267189999999898,0.6231770350194656
3.268859999999898,0.6230093852140182
3.270529999999898,0.6228417354085707
3.2721999999998976,0.6226740856031232
3.2738699999998975,0.6225064357976757
3.2755399999998973,0.6223387859922282
3.277209999999897,0.622171136186781
3.278879999999897,0.6220034863813335
3.280549999999897,0.6218358365758858
3.2822199999998967,0.6216681867704386
3.2838899999998965,0.6215005369649911
3.2855599999998963,0.6213328871595436
3.287229999999896,0.6211652373540963
3.288899999999896,0.6209975875486486
3.290569999999896,0.6208299377432012
3.2922399999998957,0.6206622879377539
3.2939099999998955,0.6204946381323064
3.2955799999998954,0.620326988326859
3.297249999999895,0.6201593385214115
3.298919999999895,0.619991688715964
3.300589999999895,0.6198240389105165
3.3022599999998947,0.619656389105069
3.3039299999998946,0.6194887392996218
3.3055999999998944,0.6193210894941741
3.3072699999998942,0.6191534396887266
3.308939999999894,0.6189857898832793
3.310609999999894,0.6188181400778319
3.3122799999998938,0.6186504902723844
3.3139499999998936,0.6184828404669369
3.3156199999998934,0.6183151906614894
3.3172899999998933,0.618147540856042
3.318959999999893,0.6179798910505947
3.320629999999893,0.6178122412451472
3.322299999999893,0.6176445914396995
3.3239699999998926,0.6174769416342523
3.3256399999998925,0.6173092918288048
3.3273099999998923,0.6171416420233573
3.328979999999892,0.61697399221791
3.330649999999892,0.6168063424124623
3.332319999999892,0.6166386926070149
3.3339899999998917,0.6164710428015674
3.3356599999998915,0.6163033929961199
3.3373299999998913,0.6161357431906727
3.338999999999891,0.615968093385225
3.340669999999891,0.6158004435797779
3.342339999999891,0.6156327937743302
3.3440099999998907,0.6154651439688825
3.3456799999998905,0.6152974941634355
3.3473499999998904,0.6151298443579878
3.34901999999989,0.6149621945525405
3.35068999999989,0.614794544747093
3.35235999999989,0.6146268949416454
3.3540299999998897,0.6144592451361981
3.3556999999998895,0.6142915953307506
3.3573699999998894,0.614124524271856
3.3590399999998892,0.6139591456310791
3.360709999999889,0.6137937669903024
3.362379999999889,0.6136283883495259
3.3640499999998887,0.613463009708749
3.3657199999998886,0.6132976310679725
3.3673899999998884,0.6131322524271958
3.3690599999998883,0.6129668737864189
3.370729999999888,0.6128014951456424
3.372399999999888,0.6126361165048657
3.3740699999998878,0.6124707378640892
3.3757399999998876,0.6123053592233123
3.3774099999998874,0.6121399805825358
3.3790799999998873,0.6119746019417591
3.380749999999887,0.6118092233009822
3.382419999999887,0.6116438446602057
3.384089999999887,0.611478466019429
3.3857599999998866,0.6113130873786525
3.3874299999998865,0.6111477087378756
3.3890999999998863,0.6109823300970989
3.390769999999886,0.6108169514563224
3.392439999999886,0.6106515728155455
3.394109999999886,0.610486194174769
3.3957799999998857,0.6103208155339923
3.3974499999998855,0.6101554368932154
3.3991199999998853,0.6099900582524389
3.400789999999885,0.6098246796116622
3.402459999999885,0.6096593009708857
3.404129999999885,0.6094939223301088
3.4057999999998847,0.6093285436893319
3.4074699999998845,0.6091631650485556
3.4091399999998844,0.6089977864077787
3.410809999999884,0.6088324077670022
3.412479999999884,0.6086670291262255
3.414149999999884,0.6085016504854486
3.4158199999998837,0.6083362718446721
3.4174899999998836,0.6081708932038952
3.4191599999998834,0.6080055145631189
3.4208299999998832,0.607840135922342
3.422499999999883,0.6076747572815651
3.424169999999883,0.6075093786407888
3.4258399999998828,0.6073440000000119
3.4275099999998826,0.6071786213592354
3.4291799999998824,0.6070132427184587
3.4308499999998823,0.6068478640776818
3.432519999999882,0.6066824854369053
3.434189999999882,0.6065171067961284
3.435859999999882,0.6063517281553521
3.4375299999998816,0.6061863495145752
3.4391999999998815,0.6060209708737982
3.4408699999998813,0.605855592233022
3.442539999999881,0.6056902135922451
3.444209999999881,0.6055248349514686
3.445879999999881,0.6053594563106919
3.4475499999998807,0.605194077669915
3.4492199999998805,0.6050286990291385
3.4508899999998803,0.6048633203883615
3.45255999999988,0.6046979417475853
3.45422999999988,0.6045325631068084
3.45589999999988,0.6043671844660319
3.4575699999998797,0.6042018058252552
3.4592399999998795,0.6040364271844783
3.4609099999998794,0.6038710485437018
3.462579999999879,0.6037056699029248
3.464249999999879,0.6035402912621486
3.465919999999879,0.6033749126213717
3.4675899999998787,0.6032095339805947
3.4692599999998786,0.6030441553398185
3.4709299999998784,0.6028787766990416
3.4725999999998782,0.6027133980582651
3.474269999999878,0.6025480194174881
3.475939999999878,0.6023826407767114
3.4776099999998777,0.602217262135935
3.4792799999998776,0.602051883495158
3.4809499999998774,0.6018865048543818
3.4826199999998773,0.6017211262136049
3.484289999999877,0.6015557475728279
3.485959999999877,0.6013903689320514
3.4876299999998768,0.6012249902912747
3.4892999999998766,0.6010596116504983
3.4909699999998764,0.6008942330097213
3.4926399999998763,0.6007288543689446
3.494309999999876,0.6005634757281682
3.495979999999876,0.6003980970873912
3.497649999999876,0.600232718446615
3.4993199999998756,0.600067339805838
3.5009899999998755,0.5997030000000378
3.5026599999998753,0.5992020000000378
3.504329999999875,0.5987010000000377
3.505999999999875,0.5982000000000376
3.507669999999875,0.597699000000038
3.5093399999998747,0.5971980000000381
3.5110099999998745,0.596697000000038
3.5126799999998743,0.5961960000000379
3.514349999999874,0.5956950000000378
3.516019999999874,0.5951940000000382
3.517689999999874,0.5946930000000383
3.5193599999998737,0.5941920000000382
3.5210299999998735,0.5936910000000382
3.5226999999998734,0.5931900000000381
3.524369999999873,0.5926890000000384
3.526039999999873,0.5921880000000386
3.527709999999873,0.5916870000000385
3.5293799999998727,0.5911860000000384
3.5310499999998726,0.5906850000000383
3.5327199999998724,0.5901840000000387
3.5343899999998722,0.5896830000000388
3.536059999999872,0.5891820000000387
3.537729999999872,0.5886810000000386
3.5393999999998718,0.5881800000000386
3.5410699999998716,0.5876790000000389
3.5427399999998714,0.5871780000000391
3.5444099999998713,0.586677000000039
3.546079999999871,0.5861760000000389
3.547749999999871,0.5856750000000388
3.549419999999871,0.5851740000000392
3.5510899999998706,0.5846730000000393
3.5527599999998705,0.5841720000000392
3.5544299999998703,0.5836710000000391
3.55609999999987,0.583170000000039
3.55776999999987,0.5826690000000394
3.55943999999987,0.5821680000000395
3.5611099999998697,0.5816670000000395
3.5627799999998695,0.5811660000000394
3.5644499999998693,0.5806650000000393
3.566119999999869,0.5801640000000396
3.567789999999869,0.5796630000000398
3.569459999999869,0.5791620000000397
3.5711299999998687,0.5786610000000396
3.5727999999998685,0.5781600000000395
3.5744699999998684,0.5776590000000399
3.576139999999868,0.57715800000004
3.577809999999868,0.5766570000000399
3.579479999999868,0.5761560000000399
3.5811499999998677,0.5756550000000398
3.5828199999998676,0.5751540000000404
3.5844899999998674,0.5746530000000403
3.5861599999998672,0.5741520000000402
3.587829999999867,0.5736510000000401
3.589499999999867,0.57315000000004
3.5911699999998667,0.5726490000000406
3.5928399999998666,0.5721480000000405
3.5945099999998664,0.5716470000000404
3.5961799999998663,0.5711460000000403
3.597849999999866,0.5706450000000403
3.599519999999866,0.5701440000000408
3.6011899999998658,0.5696430000000408
3.6028599999998656,0.5691420000000407
3.6045299999998655,0.5686410000000406
3.6061999999998653,0.5681400000000405
3.607869999999865,0.5676390000000411
3.609539999999865,0.567138000000041
3.611209999999865,0.5666370000000409
3.6128799999998646,0.5661360000000408
3.6145499999998645,0.5656350000000407
3.6162199999998643,0.5651340000000413
3.617889999999864,0.5646330000000412
3.619559999999864,0.5641320000000412
3.621229999999864,0.5636310000000411
3.6228999999998637,0.563130000000041
3.6245699999998635,0.5626290000000416
3.6262399999998634,0.5621280000000415
3.627909999999863,0.5616270000000414
3.629579999999863,0.5611260000000413
3.631249999999863,0.5606250000000412
3.6329199999998627,0.5601240000000418
3.6345899999998625,0.5596230000000417
3.6362599999998624,0.5591220000000416
3.637929999999862,0.5586210000000416
3.639599999999862,0.5581200000000415
3.641269999999862,0.557619000000042
3.6429399999998617,0.557118000000042
3.6446099999998616,0.5566170000000419
3.6462799999998614,0.5561160000000418
3.6479499999998612,0.5556150000000417
3.649619999999861,0.5551140000000423
3.651289999999861,0.5546130000000422
3.6529599999998608,0.5541120000000421
3.6546299999998606,0.553611000000042
3.6562999999998604,0.553110000000042
3.6579699999998603,0.5526090000000425
3.65963999999986,0.5521080000000425
3.66130999999986,0.5516070000000424
3.66297999999986,0.5511060000000423
3.6646499999998596,0.5506050000000422
3.6663199999998595,0.5501040000000428
3.6679899999998593,0.5496030000000427
3.669659999999859,0.5491020000000426
3.671329999999859,0.5486010000000425
3.672999999999859,0.5481000000000424
3.6746699999998587,0.547599000000043
3.6763399999998585,0.5470980000000429
3.6780099999998583,0.5465970000000429
3.679679999999858,0.5460960000000428
3.681349999999858,0.5455950000000427
3.683019999999858,0.5450940000000433
3.6846899999998577,0.5445930000000432
3.6863599999998575,0.5440920000000431
3.6880299999998574,0.543591000000043
3.689699999999857,0.5430900000000429
3.691369999999857,0.5425890000000433
3.693039999999857,0.5420880000000434
3.6947099999998567,0.5415870000000433
3.6963799999998566,0.5410860000000433
3.6980499999998564,0.5405850000000432
3.6997199999998562,0.5400840000000435
3.701389999999856,0.5395830000000437
3.703059999999856,0.5390820000000436
3.7047299999998557,0.5385810000000435
3.7063999999998556,0.5380800000000434
3.7080699999998554,0.5375790000000438
3.7097399999998553,0.5370780000000439
3.711409999999855,0.5365770000000438
3.713079999999855,0.5360760000000437
3.714749999999855,0.5355750000000437
3.7164199999998546,0.535074000000044
3.7180899999998545,0.5345730000000442
3.7197599999998543,0.5340720000000441
3.721429999999854,0.533571000000044
3.723099999999854,0.5330700000000439
3.724769999999854,0.5325690000000443
3.7264399999998536,0.5320680000000442
3.7281099999998535,0.5315670000000443
3.7297799999998533,0.5310660000000442
3.731449999999853,0.5305650000000441
3.733119999999853,0.5300640000000445
3.734789999999853,0.5295630000000444
3.7364599999998527,0.5290620000000446
3.7381299999998525,0.5285610000000445
3.7397999999998524,0.5280600000000444
3.741469999999852,0.5275590000000447
3.743139999999852,0.5270580000000447
3.744809999999852,0.5265570000000448
3.7464799999998517,0.5260560000000447
3.7481499999998515,0.5255550000000446
3.7498199999998514,0.525054000000045
3.751489999999851,0.5245530000000449
3.753159999999851,0.524052000000045
3.754829999999851,0.523551000000045
3.7564999999998507,0.5230500000000449
3.7581699999998506,0.5225490000000452
3.7598399999998504,0.5220480000000451
3.7615099999998503,0.5215470000000453
3.76317999999985,0.5210460000000452
3.76484999999985,0.5205450000000451
3.7665199999998498,0.5200440000000455
3.7681899999998496,0.5195430000000454
3.7698599999998494,0.5190420000000455
3.7715299999998493,0.5185410000000454
3.773199999999849,0.5180400000000454
3.774869999999849,0.5175390000000457
3.776539999999849,0.5170380000000456
3.7782099999998486,0.5165370000000455
3.7798799999998485,0.5160360000000457
3.7815499999998483,0.5155350000000456
3.783219999999848,0.515034000000046
3.784889999999848,0.5145330000000459
3.786559999999848,0.5140320000000458
3.7882299999998477,0.5135310000000459
3.7898999999998475,0.5130300000000458
3.7915699999998473,0.5125290000000462
3.793239999999847,0.5120280000000461
3.794909999999847,0.511527000000046
3.796579999999847,0.5110260000000462
3.7982499999998467,0.5105250000000461
3.7999199999998465,0.5100240000000464
3.8015899999998464,0.5095230000000464
3.803259999999846,0.5090220000000463
3.804929999999846,0.5085210000000462
3.806599999999846,0.5080200000000463
3.8082699999998457,0.5075190000000467
3.8099399999998456,0.5070180000000466
3.8116099999998454,0.5065170000000465
3.8132799999998452,0.5060160000000464
3.814949999999845,0.5055150000000466
3.816619999999845,0.5050140000000469
3.8182899999998448,0.5045130000000468
3.8199599999998446,0.5040120000000468
3.8216299999998444,0.5035110000000467
3.8232999999998443,0.5030100000000468
3.824969999999844,0.5025090000000472
3.826639999999844,0.5020080000000471
3.828309999999844,0.501507000000047
3.8299799999998436,0.5010060000000469
3.8316499999998435,0.500505000000047
3.8333199999998433,0.5000040000000474
3.834989999999843,0.4995030000000473
3.836659999999843,0.49900200000004724
3.838329999999843,0.49850100000004716
3.8399999999998427,0.4980000000000473
3.8416699999998425,0.49749900000004765
3.8433399999998423,0.49699800000004757
3.845009999999842,0.4964970000000475
3.846679999999842,0.4959960000000474
3.848349999999842,0.49549500000004754
3.8500199999998417,0.4949940000000479
3.8516899999998415,0.4944930000000478
3.8533599999998414,0.4939920000000477
3.855029999999841,0.49349100000004764
3.856699999999841,0.49299000000004756
3.858369999999841,0.49248900000004814
3.8600399999998407,0.49198800000004805
3.8617099999998405,0.49148700000004797
3.8633799999998404,0.4909860000000479
3.8650499999998402,0.4904850000000478
3.86671999999984,0.4899840000000484
3.86838999999984,0.4894830000000483
3.8700599999998397,0.4889820000000482
3.8717299999998396,0.4884810000000481
3.8733999999998394,0.48798000000004804
3.8750699999998393,0.4874790000000486
3.876739999999839,0.48697800000004854
3.878409999999839,0.48647700000004845
3.8800799999998388,0.48597600000004837
3.8817499999998386,0.4854750000000483
3.8834199999998384,0.48497400000004887
3.8850899999998383,0.4844730000000488
3.886759999999838,0.4839720000000487
3.888429999999838,0.4834710000000486
3.890099999999838,0.4829700000000485
3.8917699999998376,0.4824690000000489
3.8934399999998375,0.481968000000049
3.8951099999998373,0.48146700000004894
3.896779999999837,0.48096600000004885
3.898449999999837,0.48046500000004877
3.900119999999837,0.47996400000004913
3.9017899999998367,0.47946300000004927
3.9034599999998365,0.4789620000000492
3.9051299999998363,0.4784610000000491
3.906799999999836,0.477960000000049
3.908469999999836,0.47745900000004937
3.910139999999836,0.4769580000000495
3.9118099999998357,0.4764570000000494
3.9134799999998355,0.47595600000004934
3.9151499999998354,0.4754550000000497
3.916819999999835,0.4749540000000496
3.918489999999835,0.47445300000004975
3.920159999999835,0.47395200000004967
3.9218299999998347,0.4734510000000496
3.9234999999998346,0.47295000000004994
3.9251699999998344,0.47244900000004986
3.9268399999998342,0.47194800000005
3.928509999999834,0.4714470000000499
3.930179999999834,0.4709460000000498
3.9318499999998338,0.4704450000000502
3.9335199999998336,0.4699440000000501
3.9351899999998334,0.46944300000005024
3.9368599999998333,0.46894200000005015
3.938529999999833,0.46844100000005007
3.940199999999833,0.4679400000000504
3.941869999999833,0.46743900000005034
3.9435399999998326,0.46693800000005026
3.9452099999998325,0.4664370000000504
3.9468799999998323,0.4659360000000503
3.948549999999832,0.46543500000005067
3.950219999999832,0.4649340000000506
3.951889999999832,0.4644330000000505
3.9535599999998317,0.46393200000005064
3.9552299999998315,0.46343100000005055
3.9568999999998313,0.4629300000000509
3.958569999999831,0.4624290000000508
3.960239999999831,0.46192800000005074
3.961909999999831,0.4614270000000509
3.9635799999998307,0.4609260000000508
3.9652499999998305,0.46042500000005115
3.9669199999998304,0.45992400000005107
3.96858999999983,0.459423000000051
3.97025999999983,0.4589220000000509
3.97192999999983,0.45842100000005104
3.9735999999998297,0.4579200000000514
3.9752699999998296,0.4574190000000513
3.9769399999998294,0.4569180000000512
3.9786099999998292,0.45641700000005114
3.980279999999829,0.4559160000000513
3.981949999999829,0.45541500000005164
3.9836199999998287,0.45491400000005155
3.9852899999998286,0.45441300000005147
3.9869599999998284,0.4539120000000514
3.9886299999998283,0.4534110000000515
3.990299999999828,0.4529100000000519
3.991969999999828,0.4524090000000518
3.9936399999998278,0.4519080000000517
3.9953099999998276,0.45140700000005163
3.9969799999998274,0.45090600000005177
3.9986499999998273,0.4504050000000521
4.000319999999827,0.44990400000005204
4.001989999999827,0.44940300000005196
4.003659999999827,0.44890200000005187
4.005329999999827,0.448401000000052
4.0069999999998265,0.44790000000005237
4.008669999999826,0.4473990000000523
4.010339999999826,0.4468980000000522
4.012009999999826,0.4463970000000521
4.013679999999826,0.44589600000005225
4.015349999999826,0.4453950000000526
4.0170199999998255,0.4448940000000525
4.018689999999825,0.44439300000005244
4.020359999999825,0.44389200000005236
4.022029999999825,0.4433910000000525
4.023699999999825,0.44289000000005285
4.025369999999825,0.44238900000005277
4.0270399999998245,0.4418880000000527
4.028709999999824,0.4413870000000526
4.030379999999824,0.44088600000005274
4.032049999999824,0.4403850000000531
4.033719999999824,0.439884000000053
4.035389999999824,0.4393830000000529
4.037059999999824,0.43888200000005284
4.038729999999823,0.438381000000053
4.040399999999823,0.43788000000005334
4.042069999999823,0.43737900000005325
4.043739999999823,0.43687800000005317
4.045409999999823,0.4363770000000531
4.047079999999823,0.4358760000000532
4.048749999999822,0.4353750000000536
4.050419999999822,0.4348740000000535
4.052089999999822,0.4343730000000534
4.053759999999822,0.4338720000000533
4.055429999999822,0.43337100000005346
4.057099999999822,0.4328700000000538
4.0587699999998215,0.43236900000005374
4.060439999999821,0.43186800000005365
4.062109999999821,0.43136700000005357
4.063779999999821,0.4308660000000537
4.065449999999821,0.43036500000005407
4.067119999999821,0.429864000000054
4.0687899999998205,0.4293630000000539
4.07045999999982,0.4288620000000538
4.07212999999982,0.42836100000005395
4.07379999999982,0.4278600000000543
4.07546999999982,0.4273590000000542
4.07713999999982,0.42685800000005414
4.0788099999998195,0.42635700000005405
4.080479999999819,0.42585600000005464
4.082149999999819,0.42535500000005455
4.083819999999819,0.42485400000005447
4.085489999999819,0.4243530000000544
4.087159999999819,0.4238520000000543
4.0888299999998186,0.42335100000005443
4.090499999999818,0.4228500000000548
4.092169999999818,0.4223490000000547
4.093839999999818,0.4218480000000546
4.095509999999818,0.42134700000005454
4.097179999999818,0.4208460000000551
4.098849999999818,0.42034500000005504
4.100519999999817,0.41984400000005495
4.102189999999817,0.41934300000005487
4.103859999999817,0.4188420000000548
4.105529999999817,0.41834100000005536
4.107199999999817,0.4178400000000553
4.108869999999817,0.4173390000000552
4.1105399999998165,0.4168380000000551
4.112209999999816,0.416337000000055
4.113879999999816,0.4158360000000556
4.115549999999816,0.4153350000000555
4.117219999999816,0.41483400000005544
4.118889999999816,0.41433300000005535
4.1205599999998155,0.4138320000000555
4.122229999999815,0.41333100000005585
4.123899999999815,0.41283000000005576
4.125569999999815,0.4123290000000557
4.127239999999815,0.4118280000000556
4.128909999999815,0.41132700000005573
4.1305799999998145,0.4108260000000561
4.132249999999814,0.410325000000056
4.133919999999814,0.4098240000000559
4.135589999999814,0.40932300000005584
4.137259999999814,0.408822000000056
4.138929999999814,0.40832100000005633
4.1405999999998135,0.40782000000005625
4.142269999999813,0.40731900000005616
4.143939999999813,0.4068180000000561
4.145609999999813,0.4063170000000562
4.147279999999813,0.4058160000000566
4.148949999999813,0.4053150000000565
4.150619999999813,0.4048140000000564
4.152289999999812,0.4043130000000563
4.153959999999812,0.40381200000005646
4.155629999999812,0.4033110000000568
4.157299999999812,0.40281000000005673
4.158969999999812,0.40230900000005665
4.160639999999812,0.40180800000005656
4.162309999999811,0.4013070000000567
4.163979999999811,0.40080600000005706
4.165649999999811,0.400305000000057
4.167319999999811,0.3998040000000569
4.168989999999811,0.3993030000000568
4.170659999999811,0.39880200000005694
4.1723299999998105,0.3983010000000573
4.17399999999981,0.3978000000000572
4.17566999999981,0.39729900000005713
4.17733999999981,0.39679800000005705
4.17900999999981,0.3962970000000572
4.18067999999981,0.39579600000005755
4.1823499999998095,0.39529500000005746
4.184019999999809,0.3947940000000574
4.185689999999809,0.3942930000000573
4.187359999999809,0.39379200000005743
4.189029999999809,0.3932910000000578
4.190699999999809,0.3927900000000577
4.1923699999998085,0.3922890000000576
4.194039999999808,0.39178800000005753
4.195709999999808,0.39128700000005767
4.197379999999808,0.39078600000005803
4.199049999999808,0.39028500000005795
4.200719999999808,0.38978400000005786
4.202389999999808,0.3892830000000578
4.204059999999807,0.3887820000000579
4.205729999999807,0.3882810000000583
4.207399999999807,0.3877800000000582
4.209069999999807,0.3872790000000581
4.210739999999807,0.386778000000058
4.212409999999807,0.38627700000005816
4.214079999999806,0.3857760000000585
4.215749999999806,0.38527500000005843
4.217419999999806,0.38477400000005835
4.219089999999806,0.38427300000005826
4.220759999999806,0.3837720000000584
4.222429999999806,0.38327100000005876
4.2240999999998055,0.3827700000000587
4.225769999999805,0.3822690000000586
4.227439999999805,0.3817680000000585
4.229109999999805,0.38126700000005864
4.230779999999805,0.380766000000059
4.232449999999805,0.3802650000000589
4.2341199999998045,0.37976400000005883
4.235789999999804,0.37926300000005875
4.237459999999804,0.3787620000000589
4.239129999999804,0.37826100000005924
4.240799999999804,0.37776000000005916
4.242469999999804,0.3772590000000591
4.2441399999998035,0.3767580000000592
4.245809999999803,0.37625700000005957
4.247479999999803,0.3757560000000595
4.249149999999803,0.3752550000000594
4.250819999999803,0.3747540000000593
4.252489999999803,0.37425300000005945
4.2541599999998025,0.3737520000000598
4.255829999999802,0.37325100000005973
4.257499999999802,0.37275000000005964
4.259169999999802,0.37224900000005956
4.260839999999802,0.3717480000000597
4.262509999999802,0.37124700000006006
4.264179999999802,0.37074600000005997
4.265849999999801,0.3702450000000599
4.267519999999801,0.3697440000000598
4.269189999999801,0.36924300000005994
4.270859999999801,0.3687420000000603
4.272529999999801,0.3682410000000602
4.274199999999801,0.36774000000006013
4.2758699999998,0.36723900000006005
4.2775399999998,0.3667380000000602
4.2792099999998,0.36623700000006054
4.2808799999998,0.36573600000006046
4.2825499999998,0.3652350000000604
4.2842199999998,0.3647340000000603
4.2858899999997995,0.3642330000000604
4.287559999999799,0.3637320000000608
4.289229999999799,0.3632310000000607
4.290899999999799,0.3627300000000606
4.292569999999799,0.36222900000006053
4.294239999999799,0.36172800000006067
4.2959099999997985,0.361227000000061
4.297579999999798,0.36072600000006094
4.299249999999798,0.36022500000006086
4.300919999999798,0.3597240000000608
4.302589999999798,0.3592230000000609
4.304259999999798,0.35872200000006127
4.3059299999997975,0.3582210000000612
4.307599999999797,0.3577200000000611
4.309269999999797,0.357219000000061
4.310939999999797,0.35671800000006115
4.312609999999797,0.3562170000000615
4.314279999999797,0.3557160000000614
4.315949999999797,0.35521500000006134
4.317619999999796,0.35471400000006126
4.319289999999796,0.3542130000000614
4.320959999999796,0.35371200000006175
4.322629999999796,0.35321100000006167
4.324299999999796,0.3527100000000616
4.325969999999796,0.3522090000000615
4.327639999999795,0.35170800000006164
4.329309999999795,0.351207000000062
4.330979999999795,0.3507060000000619
4.332649999999795,0.35020500000006183
4.334319999999795,0.34970400000006174
4.335989999999795,0.3492030000000619
4.3376599999997945,0.348702000000062
4.339329999999794,0.34820100000006216
4.340999999999794,0.3477000000000623
4.342669999999794,0.347199000000062
4.344339999999794,0.3466980000000621
4.346009999999794,0.34619700000006226
4.3476799999997935,0.3456960000000624
4.349349999999793,0.34519500000006254
4.351019999999793,0.34469400000006223
4.352689999999793,0.34419300000006237
4.354359999999793,0.3436920000000625
4.356029999999793,0.34319100000006264
4.3576999999997925,0.3426900000000628
4.359369999999792,0.34218900000006247
4.361039999999792,0.3416880000000626
4.362709999999792,0.34118700000006275
4.364379999999792,0.3406860000000629
4.366049999999792,0.340185000000063
4.3677199999997915,0.3396840000000627
4.369389999999791,0.33918300000006285
4.371059999999791,0.338682000000063
4.372729999999791,0.3381810000000631
4.374399999999791,0.33768000000006326
4.376069999999791,0.33717900000006296
4.377739999999791,0.3366780000000631
4.37940999999979,0.33617700000006323
4.38107999999979,0.33567600000006337
4.38274999999979,0.33517500000006306
4.38441999999979,0.3346740000000632
4.38608999999979,0.33417300000006334
4.38775999999979,0.3336720000000635
4.3894299999997894,0.3331710000000636
4.391099999999789,0.3326700000000633
4.392769999999789,0.33216900000006344
4.394439999999789,0.3316680000000636
4.396109999999789,0.3311670000000637
4.397779999999789,0.33066600000006385
4.3994499999997885,0.33016500000006355
4.401119999999788,0.3296640000000637
4.402789999999788,0.3291630000000638
4.404459999999788,0.32866200000006396
4.406129999999788,0.3281610000000641
4.407799999999788,0.3276600000000638
4.4094699999997875,0.3271590000000639
4.411139999999787,0.3266580000000645
4.412809999999787,0.3261570000000642
4.414479999999787,0.32565600000006434
4.416149999999787,0.32515500000006403
4.417819999999787,0.32465400000006417
4.4194899999997865,0.3241530000000643
4.421159999999786,0.32365200000006444
4.422829999999786,0.3231510000000646
4.424499999999786,0.3226500000000643
4.426169999999786,0.3221490000000644
4.427839999999786,0.321648000000065
4.429509999999786,0.3211470000000647
4.431179999999785,0.3206460000000648
4.432849999999785,0.3201450000000645
4.434519999999785,0.31964400000006465
4.436189999999785,0.31914300000006524
4.437859999999785,0.31864200000006493
4.439529999999785,0.31814100000006507
4.441199999999784,0.31764000000006476
4.442869999999784,0.3171390000000649
4.444539999999784,0.3166380000000655
4.446209999999784,0.31613700000006517
4.447879999999784,0.3156360000000653
4.449549999999784,0.315135000000065
4.4512199999997835,0.31463400000006514
4.452889999999783,0.3141330000000653
4.454559999999783,0.3136320000000654
4.456229999999783,0.31313100000006555
4.457899999999783,0.31263000000006524
4.459569999999783,0.3121290000000654
4.4612399999997825,0.3116280000000655
4.462909999999782,0.31112700000006566
4.464579999999782,0.3106260000000658
4.466249999999782,0.3101250000000655
4.467919999999782,0.3096240000000656
4.469589999999782,0.30912300000006576
4.4712599999997815,0.3086220000000659
4.472929999999781,0.30812100000006604
4.474599999999781,0.30762000000006573
4.476269999999781,0.30711900000006587
4.477939999999781,0.306618000000066
4.479609999999781,0.30611700000006614
4.4812799999997806,0.3056160000000663
4.48294999999978,0.305115000000066
4.48461999999978,0.3046140000000661
4.48628999999978,0.30411300000006625
4.48795999999978,0.3036120000000664
4.48962999999978,0.3031110000000665
4.49129999999978,0.3026100000000662
4.492969999999779,0.30210900000006635
4.494639999999779,0.3016080000000665
4.496309999999779,0.3011070000000666
4.497979999999779,0.30060600000006676
4.499649999999779,0.30010500000006646
4.501319999999779,0.30000000000000027
4.5029899999997784,0.3000000000000007
4.504659999999778,0.30000000000000027
4.506329999999778,0.30000000000000027
4.507999999999778,0.30000000000000027
4.509669999999778,0.30000000000000027
4.511339999999778,0.3000000000000007
4.5130099999997775,0.30000000000000027
4.514679999999777,0.30000000000000027
4.516349999999777,0.30000000000000027
4.518019999999777,0.30000000000000027
4.519689999999777,0.3000000000000007
4.521359999999777,0.30000000000000027
4.5230299999997765,0.30000000000000027
4.524699999999776,0.30000000000000027
4.526369999999776,0.30000000000000027
4.528039999999776,0.3000000000000007
4.529709999999776,0.30000000000000027
4.531379999999776,0.30000000000000027
4.5330499999997755,0.30000000000000027
4.534719999999775,0.30000000000000027
4.536389999999775,0.3000000000000007
4.538059999999775,0.30000000000000027
4.539729999999775,0.30000000000000027
4.541399999999775,0.30000000000000027
4.543069999999775,0.30000000000000027
4.544739999999774,0.3000000000000007
4.546409999999774,0.30000000000000027
4.548079999999774,0.30000000000000027
4.549749999999774,0.30000000000000027
4.551419999999774,0.30000000000000027
4.553089999999774,0.3000000000000007
4.554759999999773,0.30000000000000027
4.556429999999773,0.30000000000000027
4.558099999999773,0.30000000000000027
4.559769999999773,0.30000000000000027
4.561439999999773,0.3000000000000007
4.563109999999773,0.30000000000000027
4.5647799999997725,0.30000000000000027
4.566449999999772,0.30000000000000027
4.568119999999772,0.30000000000000027
4.569789999999772,0.3000000000000007
4.571459999999772,0.30000000000000027
4.573129999999772,0.30000000000000027
4.5747999999997715,0.30000000000000027
4.576469999999771,0.30000000000000027
4.578139999999771,0.3000000000000007
4.579809999999771,0.30000000000000027
4.581479999999771,0.30000000000000027
4.583149999999771,0.30000000000000027
4.5848199999997705,0.30000000000000027
4.58648999999977,0.3000000000000007
4.58815999999977,0.30000000000000027
4.58982999999977,0.30000000000000027
4.59149999999977,0.30000000000000027
4.59316999999977,0.3000000000000007
4.5948399999997696,0.3000000000000007
4.596509999999769,0.30000000000000027
4.598179999999769,0.30000000000000027
4.599849999999769,0.30000000000000027
4.601519999999769,0.3000000000000007
4.603189999999769,0.3000000000000007
4.604859999999769,0.30000000000000027
4.606529999999768,0.30000000000000027
4.608199999999768,0.30000000000000027
4.609869999999768,0.3000000000000007
4.611539999999768,0.3000000000000007
4.613209999999768,0.30000000000000027
4.614879999999768,0.30000000000000027
4.6165499999997675,0.30000000000000027
4.618219999999767,0.3000000000000007
4.619889999999767,0.3000000000000007
4.621559999999767,0.30000000000000027
4.623229999999767,0.30000000000000027
4.624899999999767,0.30000000000000027
4.6265699999997665,0.3000000000000007
4.628239999999766,0.3000000000000007
4.629909999999766,0.30000000000000027
4.631579999999766,0.30000000000000027
4.633249999999766,0.30000000000000027
4.634919999999766,0.3000000000000007
4.6365899999997655,0.3000000000000007
4.638259999999765,0.30000000000000027
4.639929999999765,0.30000000000000027
4.641599999999765,0.30000000000000027
4.643269999999765,0.3000000000000007
4.644939999999765,0.3000000000000007
4.6466099999997645,0.30000000000000027
4.648279999999764,0.30000000000000027
4.649949999999764,0.30000000000000027
4.651619999999764,0.3000000000000007
4.653289999999764,0.3000000000000007
4.654959999999764,0.30000000000000027
4.656629999999764,0.30000000000000027
4.658299999999763,0.30000000000000027
4.659969999999763,0.3000000000000007
4.661639999999763,0.3000000000000007
4.663309999999763,0.30000000000000027
4.664979999999763,0.30000000000000027
4.666649999999763,0.30000000000000027
4.668319999999762,0.3000000000000007
4.669989999999762,0.3000000000000007
4.671659999999762,0.30000000000000027
4.673329999999762,0.30000000000000027
4.674999999999762,0.30000000000000027
4.676669999999762,0.3000000000000007
4.6783399999997615,0.3000000000000007
4.680009999999761,0.30000000000000027
4.681679999999761,0.30000000000000027
4.683349999999761,0.30000000000000027
4.685019999999761,0.3000000000000007
4.686689999999761,0.3000000000000007
4.6883599999997605,0.30000000000000027
4.69002999999976,0.30000000000000027
4.69169999999976,0.30000000000000027
4.69336999999976,0.3000000000000007
4.69503999999976,0.3000000000000007
4.69670999999976,0.30000000000000027
4.6983799999997595,0.30000000000000027
4.700049999999759,0.30000000000000027
4.701719999999759,0.3000000000000007
4.703389999999759,0.3000000000000007
4.705059999999759,0.30000000000000027
4.706729999999759,0.30000000000000027
4.708399999999759,0.30000000000000027
4.710069999999758,0.3000000000000007
4.711739999999758,0.3000000000000007
4.713409999999758,0.30000000000000027
4.715079999999758,0.30000000000000027
4.716749999999758,0.30000000000000027
4.718419999999758,0.3000000000000007
4.720089999999757,0.3000000000000007
4.721759999999757,0.30000000000000027
4.723429999999757,0.30000000000000027
4.725099999999757,0.30000000000000027
4.726769999999757,0.3000000000000007
4.728439999999757,0.3000000000000007
4.7301099999997565,0.30000000000000027
4.731779999999756,0.30000000000000027
4.733449999999756,0.30000000000000027
4.735119999999756,0.3000000000000007
4.736789999999756,0.3000000000000007
4.738459999999756,0.30000000000000027
4.7401299999997555,0.30000000000000027
4.741799999999755,0.3000000000000007
4.743469999999755,0.3000000000000007
4.745139999999755,0.3000000000000007
4.746809999999755,0.30000000000000027
4.748479999999755,0.30000000000000027
4.7501499999997545,0.30000000000000027
4.751819999999754,0.3000000000000007
4.753489999999754,0.3000000000000007
4.755159999999754,0.30000000000000027
4.756829999999754,0.30000000000000027
4.758499999999754,0.3000000000000007
4.7601699999997535,0.3000000000000007
4.761839999999753,0.3000000000000007
4.763509999999753,0.30000000000000027
4.765179999999753,0.30000000000000027
4.766849999999753,0.3000000000000007
4.768519999999753,0.3000000000000007
4.770189999999753,0.3000000000000007
4.771859999999752,0.30000000000000027
4.773529999999752,0.30000000000000027
4.775199999999752,0.3000000000000007
4.776869999999752,0.3000000000000007
4.778539999999752,0.3000000000000007
4.780209999999752,0.30000000000000027
4.781879999999751,0.30000000000000027
4.783549999999751,0.3000000000000007
4.785219999999751,0.3000000000000007
4.786889999999751,0.3000000000000007
4.788559999999751,0.30000000000000027
4.790229999999751,0.30000000000000027
4.7918999999997505,0.3000000000000007
4.79356999999975,0.3000000000000007
4.79523999999975,0.3000000000000007
4.79690999999975,0.30000000000000027
4.79857999999975,0.30000000000000027
4.80024999999975,0.3000000000000007
4.8019199999997495,0.3000000000000007
4.803589999999749,0.3000000000000007
4.805259999999749,0.30000000000000027
4.806929999999749,0.30000000000000027
4.808599999999749,0.3000000000000007
4.810269999999749,0.3000000000000007
4.8119399999997485,0.3000000000000007
4.813609999999748,0.30000000000000027
4.815279999999748,0.30000000000000027
4.816949999999748,0.3000000000000007
4.818619999999748,0.3000000000000007
4.820289999999748,0.3000000000000007
4.821959999999748,0.30000000000000027
4.823629999999747,0.30000000000000027
4.825299999999747,0.3000000000000007
4.826969999999747,0.3000000000000007
4.828639999999747,0.3000000000000007
4.830309999999747,0.30000000000000027
4.831979999999747,0.30000000000000027
4.833649999999746,0.3000000000000007
4.835319999999746,0.3000000000000007
4.836989999999746,0.3000000000000007
4.838659999999746,0.30000000000000027
4.840329999999746,0.30000000000000027
4.841999999999746,0.3000000000000007
4.8436699999997455,0.3000000000000007
4.845339999999745,0.3000000000000007
4.847009999999745,0.30000000000000027
4.848679999999745,0.30000000000000027
4.850349999999745,0.3000000000000007
4.852019999999745,0.3000000000000007
4.8536899999997445,0.3000000000000007
4.855359999999744,0.30000000000000027
4.857029999999744,0.30000000000000027
4.858699999999744,0.3000000000000007
4.860369999999744,0.3000000000000007
4.862039999999744,0.3000000000000007
4.8637099999997435,0.30000000000000027
4.865379999999743,0.30000000000000027
4.867049999999743,0.3000000000000007
4.868719999999743,0.3000000000000007
4.870389999999743,0.3000000000000007
4.872059999999743,0.30000000000000027
4.8737299999997425,0.30000000000000027
4.875399999999742,0.3000000000000007
4.877069999999742,0.3000000000000007
4.878739999999742,0.3000000000000007
4.880409999999742,0.30000000000000027
4.882079999999742,0.30000000000000027
4.883749999999742,0.3000000000000007
4.885419999999741,0.3000000000000007
4.887089999999741,0.3000000000000007
4.888759999999741,0.30000000000000027
4.890429999999741,0.30000000000000027
4.892099999999741,0.30000000000000027
4.893769999999741,0.3000000000000007
4.89543999999974,0.3000000000000007
4.89710999999974,0.30000000000000027
4.89877999999974,0.30000000000000027
4.90044999999974,0.30000000000000027
4.90211999999974,0.3000000000000007
4.90378999999974,0.3000000000000007
4.9054599999997395,0.30000000000000027
4.907129999999739,0.30000000000000027
4.908799999999739,0.30000000000000027
4.910469999999739,0.3000000000000007
4.912139999999739,0.3000000000000007
4.913809999999739,0.30000000000000027
4.9154799999997385,0.30000000000000027
4.917149999999738,0.30000000000000027
4.918819999999738,0.3000000000000007
4.920489999999738,0.30000000000000027
4.922159999999738,0.30000000000000027
4.923829999999738,0.30000000000000027
4.9254999999997375,0.30000000000000027
4.927169999999737,0.3000000000000007
4.928839999999737,0.30000000000000027
4.930509999999737,0.30000000000000027
4.932179999999737,0.30000000000000027
4.933849999999737,0.30000000000000027
4.935519999999737,0.3000000000000007
4.937189999999736,0.30000000000000027
4.938859999999736,0.30000000000000027
4.940529999999736,0.30000000000000027
4.942199999999736,0.30000000000000027
4.943869999999736,0.3000000000000007
4.945539999999736,0.30000000000000027
4.947209999999735,0.30000000000000027
4.948879999999735,0.30000000000000027
4.950549999999735,0.30000000000000027
4.952219999999735,0.3000000000000007
4.953889999999735,0.30000000000000027
4.955559999999735,0.30000000000000027
4.9572299999997345,0.30000000000000027
4.958899999999734,0.30000000000000027
4.960569999999734,0.3000000000000007
4.962239999999734,0.30000000000000027
4.963909999999734,0.30000000000000027
4.965579999999734,0.30000000000000027
4.9672499999997335,0.30000000000000027
4.968919999999733,0.3000000000000007
4.970589999999733,0.30000000000000027
4.972259999999733,0.30000000000000027
4.973929999999733,0.30000000000000027
4.975599999999733,0.30000000000000027
4.9772699999997325,0.3000000000000007
4.978939999999732,0.30000000000000027
4.980609999999732,0.30000000000000027
4.982279999999732,0.30000000000000027
4.983949999999732,0.30000000000000027
4.985619999999732,0.3000000000000007
4.9872899999997315,0.30000000000000027
4.988959999999731,0.30000000000000027
4.990629999999731,0.30000000000000027
4.992299999999731,0.30000000000000027
4.993969999999731,0.3000000000000007
4.995639999999731,0.30000000000000027
4.997309999999731,0.30000000000000027
4.99897999999973,0.30000000000000027
5.00064999999973,0.30000000000000027
5.00231999999973,0.30000000000000027
5.00398999999973,0.30000000000000027
5.00565999999973,0.30000000000000027
5.00732999999973,0.30000000000000027
5.0089999999997294,0.30000000000000027
5.010669999999729,0.30000000000000027
5.012339999999729,0.30000000000000027
5.014009999999729,0.30000000000000027
5.015679999999729,0.30000000000000027
5.017349999999729,0.30000000000000027
5.0190199999997285,0.30000000000000027
5.020689999999728,0.30000000000000027
5.022359999999728,0.30000000000000027
5.024029999999728,0.30000000000000027
5.025699999999728,0.30000000000000027
5.027369999999728,0.30000000000000027
5.0290399999997275,0.30000000000000027
5.030709999999727,0.30000000000000027
5.032379999999727,0.30000000000000027
5.034049999999727,0.30000000000000027
5.035719999999727,0.30000000000000027
5.037389999999727,0.30000000000000027
5.0390599999997265,0.30000000000000027
5.040729999999726,0.30000000000000027
5.042399999999726,0.30000000000000027
5.044069999999726,0.30000000000000027
5.045739999999726,0.30000000000000027
5.047409999999726,0.30000000000000027
5.049079999999726,0.30000000000000027
5.050749999999725,0.30000000000000027
5.052419999999725,0.30000000000000027
5.054089999999725,0.30000000000000027
5.055759999999725,0.30000000000000027
5.057429999999725,0.30000000000000027
5.059099999999725,0.30000000000000027
5.060769999999724,0.30000000000000027
5.062439999999724,0.30000000000000027
5.064109999999724,0.30000000000000027
5.065779999999724,0.30000000000000027
5.067449999999724,0.30000000000000027
5.069119999999724,0.2999999999999998
5.0707899999997235,0.30000000000000027
5.072459999999723,0.30000000000000027
5.074129999999723,0.30000000000000027
5.075799999999723,0.30000000000000027
5.077469999999723,0.30000000000000027
5.079139999999723,0.30000000000000027
5.0808099999997225,0.30000000000000027
5.082479999999722,0.30000000000000027
5.084149999999722,0.30000000000000027
5.085819999999722,0.2999999999999998
5.087489999999722,0.30000000000000027
5.089159999999722,0.30000000000000027
5.0908299999997215,0.30000000000000027
5.092499999999721,0.30000000000000027
5.094169999999721,0.2999999999999998
5.095839999999721,0.30000000000000027
5.097509999999721,0.30000000000000027
5.099179999999721,0.30000000000000027
5.1008499999997206,0.30000000000000027
5.10251999999972,0.2999999999999998
5.10418999999972,0.30000000000000027
5.10585999999972,0.30000000000000027
5.10752999999972,0.30000000000000027
5.10919999999972,0.30000000000000027
5.11086999999972,0.2999999999999998
5.112539999999719,0.30000000000000027
5.114209999999719,0.30000000000000027
5.115879999999719,0.30000000000000027
5.117549999999719,0.30000000000000027
5.119219999999719,0.2999999999999998
5.120889999999719,0.2999999999999998
5.1225599999997184,0.30000000000000027
5.124229999999718,0.30000000000000027
5.125899999999718,0.30000000000000027
5.127569999999718,0.2999999999999998
5.129239999999718,0.2999999999999998
5.130909999999718,0.30000000000000027
5.1325799999997175,0.30000000000000027
5.134249999999717,0.30000000000000027
5.135919999999717,0.2999999999999998
5.137589999999717,0.2999999999999998
5.139259999999717,0.30000000000000027
5.140929999999717,0.30000000000000027
5.1425999999997165,0.30000000000000027
5.144269999999716,0.2999999999999998
5.145939999999716,0.2999999999999998
5.147609999999716,0.30000000000000027
5.149279999999716,0.30000000000000027
5.150949999999716,0.30000000000000027
5.1526199999997155,0.2999999999999998
5.154289999999715,0.2999999999999998
5.155959999999715,0.30000000000000027
5.157629999999715,0.30000000000000027
5.159299999999715,0.30000000000000027
5.160969999999715,0.2999999999999998
5.162639999999715,0.2999999999999998
5.164309999999714,0.30000000000000027
5.165979999999714,0.30000000000000027
5.167649999999714,0.30000000000000027
5.169319999999714,0.2999999999999998
5.170989999999714,0.2999999999999998
5.172659999999714,0.30000000000000027
5.174329999999713,0.30000000000000027
5.175999999999713,0.30000000000000027
5.177669999999713,0.2999999999999998
5.179339999999713,0.2999999999999998
5.181009999999713,0.30000000000000027
5.182679999999713,0.30000000000000027
5.1843499999997125,0.30000000000000027
5.186019999999712,0.2999999999999998
5.187689999999712,0.2999999999999998
5.189359999999712,0.30000000000000027
5.191029999999712,0.30000000000000027
5.192699999999712,0.30000000000000027
5.1943699999997115,0.2999999999999998
5.196039999999711,0.2999999999999998
5.197709999999711,0.30000000000000027
5.199379999999711,0.30000000000000027
5.201049999999711,0.30000000000000027
5.202719999999711,0.2999999999999998
5.2043899999997105,0.2999999999999998
5.20605999999971,0.30000000000000027
5.20772999999971,0.30000000000000027
5.20939999999971,0.30000000000000027
5.21106999999971,0.2999999999999998
5.21273999999971,0.2999999999999998
5.2144099999997096,0.30000000000000027
5.216079999999709,0.30000000000000027
5.217749999999709,0.30000000000000027
5.219419999999709,0.2999999999999998
5.221089999999709,0.2999999999999998
5.222759999999709,0.30000000000000027
5.224429999999709,0.30000000000000027
5.226099999999708,0.30000000000000027
5.227769999999708,0.2999999999999998
5.229439999999708,0.2999999999999998
5.231109999999708,0.30000000000000027
5.232779999999708,0.30000000000000027
5.234449999999708,0.30000000000000027
5.2361199999997075,0.2999999999999998
5.237789999999707,0.2999999999999998
5.239459999999707,0.30000000000000027
5.241129999999707,0.30000000000000027
5.242799999999707,0.30000000000000027
5.244469999999707,0.2999999999999998
5.2461399999997065,0.30000000000000027
5.247809999999706,0.30000000000000027
5.249479999999706,0.30000000000000027
5.251149999999706,0.2999999999999998
5.252819999999706,0.2999999999999998
5.254489999999706,0.30000000000000027
5.2561599999997055,0.30000000000000027
5.257829999999705,0.30000000000000027
5.259499999999705,0.2999999999999998
5.261169999999705,0.2999999999999998
5.262839999999705,0.30000000000000027
5.264509999999705,0.30000000000000027
5.2661799999997045,0.30000000000000027
5.267849999999704,0.2999999999999998
5.269519999999704,0.2999999999999998
5.271189999999704,0.30000000000000027
5.272859999999704,0.30000000000000027
5.274529999999704,0.30000000000000027
5.276199999999704,0.2999999999999998
5.277869999999703,0.2999999999999998
5.279539999999703,0.30000000000000027
5.281209999999703,0.30000000000000027
5.282879999999703,0.30000000000000027
5.284549999999703,0.2999999999999998
5.286219999999703,0.2999999999999998
5.287889999999702,0.30000000000000027
5.289559999999702,0.30000000000000027
5.291229999999702,0.30000000000000027
5.292899999999702,0.2999999999999998
5.294569999999702,0.2999999999999998
5.296239999999702,0.30000000000000027
5.2979099999997015,0.30000000000000027
5.299579999999701,0.30000000000000027
5.301249999999701,0.2999999999999998
5.302919999999701,0.2999999999999998
5.304589999999701,0.30000000000000027
5.306259999999701,0.30000000000000027
5.3079299999997005,0.30000000000000027
5.3095999999997,0.2999999999999998
5.3112699999997,0.2999999999999998
5.3129399999997,0.30000000000000027
5.3146099999997,0.30000000000000027
5.3162799999997,0.30000000000000027
5.3179499999996995,0.2999999999999998
5.319619999999699,0.2999999999999998
5.321289999999699,0.30000000000000027
5.322959999999699,0.30000000000000027
5.324629999999699,0.30000000000000027
5.326299999999699,0.2999999999999998
5.327969999999699,0.2999999999999998
5.329639999999698,0.30000000000000027
5.331309999999698,0.30000000000000027
5.332979999999698,0.30000000000000027
5.334649999999698,0.2999999999999998
5.336319999999698,0.2999999999999998
5.337989999999698,0.30000000000000027
5.339659999999697,0.30000000000000027
5.341329999999697,0.30000000000000027
5.342999999999697,0.2999999999999998
5.344669999999697,0.2999999999999998
5.346339999999697,0.30000000000000027
5.348009999999697,0.30000000000000027
5.3496799999996965,0.30000000000000027
5.351349999999696,0.2999999999999998
5.353019999999696,0.2999999999999998
5.354689999999696,0.30000000000000027
5.356359999999696,0.30000000000000027
5.358029999999696,0.30000000000000027
5.3596999999996955,0.2999999999999998
5.361369999999695,0.2999999999999998
5.363039999999695,0.30000000000000027
5.364709999999695,0.30000000000000027
5.366379999999695,0.30000000000000027
5.368049999999695,0.2999999999999998
5.3697199999996945,0.2999999999999998
5.371389999999694,0.30000000000000027
5.373059999999694,0.30000000000000027
5.374729999999694,0.30000000000000027
5.376399999999694,0.2999999999999998
5.378069999999694,0.2999999999999998
5.3797399999996935,0.30000000000000027
5.381409999999693,0.30000000000000027
5.383079999999693,0.30000000000000027
5.384749999999693,0.2999999999999998
5.386419999999693,0.2999999999999998
5.388089999999693,0.30000000000000027
5.389759999999693,0.30000000000000027
5.391429999999692,0.30000000000000027
5.393099999999692,0.2999999999999998
5.394769999999692,0.2999999999999998
5.396439999999692,0.30000000000000027
5.398109999999692,0.30000000000000027
5.399779999999692,0.2999999999999998
5.401449999999691,0.2999999999999998
5.403119999999691,0.2999999999999998
5.404789999999691,0.30000000000000027
5.406459999999691,0.30000000000000027
5.408129999999691,0.30000000000000027
5.409799999999691,0.2999999999999998
5.4114699999996905,0.30000000000000027
5.41313999999969,0.30000000000000027
5.41480999999969,0.30000000000000027
5.41647999999969,0.2999999999999998
5.41814999999969,0.2999999999999998
5.41981999999969,0.2999999999999998
5.4214899999996895,0.30000000000000027
5.423159999999689,0.30000000000000027
5.424829999999689,0.2999999999999998
5.426499999999689,0.2999999999999998
5.428169999999689,0.30000000000000027
5.429839999999689,0.30000000000000027
5.4315099999996885,0.30000000000000027
5.433179999999688,0.2999999999999998
5.434849999999688,0.2999999999999998
5.436519999999688,0.30000000000000027
5.438189999999688,0.30000000000000027
5.439859999999688,0.30000000000000027
5.441529999999688,0.2999999999999998
5.443199999999687,0.2999999999999998
5.444869999999687,0.30000000000000027
5.446539999999687,0.30000000000000027
5.448209999999687,0.30000000000000027
5.449879999999687,0.2999999999999998
5.451549999999687,0.2999999999999998
5.453219999999686,0.30000000000000027
5.454889999999686,0.30000000000000027
5.456559999999686,0.30000000000000027
5.458229999999686,0.2999999999999998
5.459899999999686,0.2999999999999998
5.461569999999686,0.30000000000000027
5.4632399999996855,0.30000000000000027
5.464909999999685,0.30000000000000027
5.466579999999685,0.2999999999999998
5.468249999999685,0.2999999999999998
5.469919999999685,0.30000000000000027
5.471589999999685,0.30000000000000027
5.4732599999996845,0.30000000000000027
5.474929999999684,0.2999999999999998
5.476599999999684,0.2999999999999998
5.478269999999684,0.30000000000000027
5.479939999999684,0.30000000000000027
5.481609999999684,0.30000000000000027
5.4832799999996835,0.2999999999999998
5.484949999999683,0.2999999999999998
5.486619999999683,0.30000000000000027
5.488289999999683,0.30000000000000027
5.489959999999683,0.30000000000000027
5.491629999999683,0.2999999999999998
5.4932999999996825,0.2999999999999998
5.494969999999682,0.30000000000000027
5.496639999999682,0.30000000000000027
5.498309999999682,0.30000000000000027
5.499979999999682,0.2999999999999998
5.501649999999682,0.2998350000000318
5.503319999999682,0.2996680000000316
5.504989999999681,0.29950100000003177
5.506659999999681,0.29933400000003196
5.508329999999681,0.2991670000000317
5.509999999999681,0.2990000000000319
5.511669999999681,0.29883300000003166
5.513339999999681,0.29866600000003185
5.5150099999996804,0.29849900000003204
5.51667999999968,0.2983320000000318
5.51834999999968,0.298165000000032
5.52001999999968,0.29799800000003174
5.52168999999968,0.29783100000003193
5.52335999999968,0.2976640000000321
5.5250299999996795,0.2974970000000319
5.526699999999679,0.29733000000003207
5.528369999999679,0.2971630000000318
5.530039999999679,0.296996000000032
5.531709999999679,0.2968290000000322
5.533379999999679,0.29666200000003196
5.5350499999996785,0.29649500000003215
5.536719999999678,0.2963280000000319
5.538389999999678,0.2961610000000321
5.540059999999678,0.2959940000000323
5.541729999999678,0.29582700000003204
5.543399999999678,0.29566000000003223
5.5450699999996775,0.295493000000032
5.546739999999677,0.2953260000000322
5.548409999999677,0.29515900000003237
5.550079999999677,0.2949920000000321
5.551749999999677,0.2948250000000323
5.553419999999677,0.29465800000003206
5.555089999999677,0.29449100000003225
5.556759999999676,0.29432400000003245
5.558429999999676,0.2941570000000322
5.560099999999676,0.2939900000000324
5.561769999999676,0.29382300000003214
5.563439999999676,0.29365600000003234
5.565109999999676,0.29348900000003253
5.566779999999675,0.2933220000000323
5.568449999999675,0.2931550000000325
5.570119999999675,0.2929880000000322
5.571789999999675,0.2928210000000324
5.573459999999675,0.2926540000000326
5.575129999999675,0.29248700000003236
5.5767999999996745,0.29232000000003255
5.578469999999674,0.2921530000000323
5.580139999999674,0.2919860000000325
5.581809999999674,0.29181900000003225
5.583479999999674,0.29165200000003244
5.585149999999674,0.29148500000003263
5.5868199999996735,0.2913180000000324
5.588489999999673,0.2911510000000326
5.590159999999673,0.29098400000003233
5.591829999999673,0.2908170000000325
5.593499999999673,0.2906500000000327
5.595169999999673,0.29048300000003247
5.5968399999996725,0.29031600000003266
5.598509999999672,0.2901490000000324
5.600179999999672,0.2899820000000326
5.601849999999672,0.2898150000000328
5.603519999999672,0.28964800000003255
5.605189999999672,0.28948100000003274
5.6068599999996716,0.2893140000000325
5.608529999999671,0.2891470000000327
5.610199999999671,0.2889800000000329
5.611869999999671,0.2888130000000326
5.613539999999671,0.2886460000000328
5.615209999999671,0.28847900000003257
5.616879999999671,0.28831200000003276
5.61854999999967,0.28814500000003296
5.62021999999967,0.2879780000000327
5.62188999999967,0.2878110000000329
5.62355999999967,0.28764400000003265
5.62522999999967,0.28747700000003285
5.62689999999967,0.28731000000003304
5.6285699999996694,0.2871430000000328
5.630239999999669,0.286976000000033
5.631909999999669,0.28680900000003273
5.633579999999669,0.2866420000000329
5.635249999999669,0.2864750000000331
5.636919999999669,0.28630800000003287
5.6385899999996685,0.28614100000003306
5.640259999999668,0.2859740000000328
5.641929999999668,0.285807000000033
5.643599999999668,0.2856400000000332
5.645269999999668,0.28547300000003295
5.646939999999668,0.28530600000003314
5.6486099999996675,0.2851390000000329
5.650279999999667,0.2849720000000331
5.651949999999667,0.2848050000000333
5.653619999999667,0.28463800000003303
5.655289999999667,0.2844710000000332
5.656959999999667,0.284304000000033
5.6586299999996665,0.28413700000003317
5.660299999999666,0.28397000000003336
5.661969999999666,0.2838030000000331
5.663639999999666,0.2836360000000333
5.665309999999666,0.28346900000003306
5.666979999999666,0.28330200000003325
5.668649999999666,0.28313500000003344
5.670319999999665,0.2829680000000332
5.671989999999665,0.2828010000000334
5.673659999999665,0.28263400000003314
5.675329999999665,0.28246700000003333
5.676999999999665,0.2823000000000335
5.678669999999665,0.2821330000000333
5.680339999999664,0.28196600000003347
5.682009999999664,0.2817990000000332
5.683679999999664,0.2816320000000334
5.685349999999664,0.2814650000000336
5.687019999999664,0.28129800000003335
5.688689999999664,0.28113100000003355
5.6903599999996635,0.2809640000000333
5.692029999999663,0.2807970000000335
5.693699999999663,0.2806300000000337
5.695369999999663,0.28046300000003344
5.697039999999663,0.28029600000003363
5.698709999999663,0.2801290000000334
5.7003799999996625,0.2799620000000336
5.702049999999662,0.27979500000003377
5.703719999999662,0.2796280000000335
5.705389999999662,0.2794610000000337
5.707059999999662,0.27929400000003346
5.708729999999662,0.27912700000003365
5.7103999999996615,0.27896000000003385
5.712069999999661,0.2787930000000336
5.713739999999661,0.2786260000000338
5.715409999999661,0.27845900000003354
5.717079999999661,0.27829200000003373
5.718749999999661,0.27812500000003393
5.7204199999996606,0.2779580000000337
5.72208999999966,0.27779100000003387
5.72375999999966,0.2776240000000336
5.72542999999966,0.2774570000000338
5.72709999999966,0.277290000000034
5.72876999999966,0.27712300000003376
5.73043999999966,0.27695600000003395
5.732109999999659,0.2767890000000337
5.733779999999659,0.2766220000000339
5.735449999999659,0.2764550000000341
5.737119999999659,0.27628800000003384
5.738789999999659,0.27612100000003403
5.740459999999659,0.2759540000000338
5.7421299999996585,0.275787000000034
5.743799999999658,0.27562000000003417
5.745469999999658,0.2754530000000339
5.747139999999658,0.27528600000003367
5.748809999999658,0.27511900000003386
5.750479999999658,0.27495200000003406
5.7521499999996575,0.27478500000003425
5.753819999999657,0.274618000000034
5.755489999999657,0.2744510000000342
5.757159999999657,0.27428400000003395
5.758829999999657,0.27411700000003414
5.760499999999657,0.27395000000003433
5.7621699999996565,0.2737830000000341
5.763839999999656,0.27361600000003383
5.765509999999656,0.273449000000034
5.767179999999656,0.2732820000000342
5.768849999999656,0.2731150000000344
5.770519999999656,0.2729480000000346
5.7721899999996555,0.2727810000000339
5.773859999999655,0.2726140000000341
5.775529999999655,0.2724470000000343
5.777199999999655,0.2722800000000345
5.778869999999655,0.2721130000000347
5.780539999999655,0.271946000000034
5.782209999999655,0.2717790000000342
5.783879999999654,0.2716120000000344
5.785549999999654,0.2714450000000346
5.787219999999654,0.27127800000003477
5.788889999999654,0.2711110000000341
5.790559999999654,0.27094400000003427
5.792229999999654,0.27077700000003446
5.793899999999653,0.27061000000003466
5.795569999999653,0.27044300000003485
5.797239999999653,0.27027600000003416
5.798909999999653,0.27010900000003435
5.800579999999653,0.26994200000003454
5.802249999999653,0.26977500000003474
5.8039199999996525,0.26960800000003493
5.805589999999652,0.26944100000003424
5.807259999999652,0.26927400000003443
5.808929999999652,0.2691070000000346
5.810599999999652,0.2689400000000348
5.812269999999652,0.268773000000035
5.8139399999996515,0.2686060000000343
5.815609999999651,0.2684390000000345
5.817279999999651,0.2682720000000347
5.818949999999651,0.2681050000000349
5.820619999999651,0.2679380000000351
5.822289999999651,0.2677710000000344
5.8239599999996505,0.2676040000000346
5.82562999999965,0.2674370000000348
5.82729999999965,0.267270000000035
5.82896999999965,0.2671030000000352
5.83063999999965,0.2669360000000345
5.83230999999965,0.2667690000000347
5.83397999999965,0.26660200000003487
5.835649999999649,0.26643500000003506
5.837319999999649,0.26626800000003525
5.838989999999649,0.26610100000003456
5.840659999999649,0.26593400000003475
5.842329999999649,0.26576700000003495
5.843999999999649,0.26560000000003514
5.845669999999648,0.26543300000003534
5.847339999999648,0.26526600000003464
5.849009999999648,0.26509900000003483
5.850679999999648,0.26493200000003503
5.852349999999648,0.2647650000000352
5.854019999999648,0.2645980000000354
5.8556899999996475,0.2644310000000347
5.857359999999647,0.2642640000000349
5.859029999999647,0.2640970000000351
5.860699999999647,0.2639300000000353
5.862369999999647,0.2637630000000355
5.864039999999647,0.2635960000000348
5.8657099999996465,0.263429000000035
5.867379999999646,0.2632620000000352
5.869049999999646,0.2630950000000354
5.870719999999646,0.2629280000000356
5.872389999999646,0.2627610000000349
5.874059999999646,0.2625940000000351
5.8757299999996455,0.26242700000003527
5.877399999999645,0.26226000000003546
5.879069999999645,0.26209300000003566
5.880739999999645,0.26192600000003496
5.882409999999645,0.26175900000003516
5.884079999999645,0.26159200000003535
5.8857499999996445,0.26142500000003555
5.887419999999644,0.26125800000003574
5.889089999999644,0.2610910000000355
5.890759999999644,0.26092400000003524
5.892429999999644,0.26075700000003543
5.894099999999644,0.2605900000000356
5.895769999999644,0.2604230000000358
5.897439999999643,0.26025600000003557
5.899109999999643,0.2600890000000353
5.900779999999643,0.2599220000000355
5.902449999999643,0.2597550000000357
5.904119999999643,0.2595880000000359
5.905789999999643,0.25942100000003565
5.907459999999642,0.2592540000000354
5.909129999999642,0.2590870000000356
5.910799999999642,0.2589200000000358
5.912469999999642,0.258753000000036
5.914139999999642,0.25858600000003573
5.915809999999642,0.2584190000000355
5.9174799999996415,0.2582520000000357
5.919149999999641,0.25808500000003587
5.920819999999641,0.25791800000003606
5.922489999999641,0.2577510000000358
5.924159999999641,0.25758400000003556
5.925829999999641,0.25741700000003576
5.9274999999996405,0.25725000000003595
5.92916999999964,0.25708300000003614
5.93083999999964,0.2569160000000359
5.93250999999964,0.25674900000003564
5.93417999999964,0.25658200000003584
5.93584999999964,0.25641500000003603
5.9375199999996395,0.2562480000000362
5.939189999999639,0.256081000000036
5.940859999999639,0.2559140000000357
5.942529999999639,0.2557470000000359
5.944199999999639,0.2555800000000361
5.945869999999639,0.2554130000000363
5.947539999999639,0.25524600000003606
5.949209999999638,0.2550790000000358
5.950879999999638,0.254912000000036
5.952549999999638,0.2547450000000362
5.954219999999638,0.2545780000000364
5.955889999999638,0.25441100000003614
5.957559999999638,0.2542440000000359
5.959229999999637,0.2540770000000361
5.960899999999637,0.2539100000000363
5.962569999999637,0.25374300000003647
5.964239999999637,0.2535760000000362
5.965909999999637,0.25340900000003597
5.967579999999637,0.25324200000003616
5.9692499999996365,0.25307500000003635
5.970919999999636,0.25290800000003655
5.972589999999636,0.2527410000000363
5.974259999999636,0.25257400000003605
5.975929999999636,0.25240700000003624
5.977599999999636,0.25224000000003644
5.9792699999996355,0.25207300000003663
5.980939999999635,0.2519060000000364
5.982609999999635,0.25173900000003613
5.984279999999635,0.2515720000000363
5.985949999999635,0.2514050000000365
5.987619999999635,0.2512380000000367
5.9892899999996345,0.25107100000003646
5.990959999999634,0.2509040000000362
5.992629999999634,0.2507370000000364
5.994299999999634,0.2505700000000366
5.995969999999634,0.2504030000000368
5.997639999999634,0.25023600000003654
5.9993099999996335,0.2500690000000363
6.000979999999633,0.24990200000003648
6.002649999999633,0.24973500000003668
6.004319999999633,0.24956800000003687
6.005989999999633,0.24940100000003662
6.007659999999633,0.24923400000003681
6.009329999999633,0.24906700000003656
6.010999999999632,0.24890000000003676
6.012669999999632,0.24873300000003695
6.014339999999632,0.2485660000000367
6.016009999999632,0.2483990000000369
6.017679999999632,0.24823200000003665
6.019349999999632,0.24806500000003684
6.0210199999996314,0.24789800000003703
6.022689999999631,0.24773100000003678
6.024359999999631,0.24756400000003698
6.026029999999631,0.24739700000003673
6.027699999999631,0.24723000000003692
6.029369999999631,0.24706300000003711
6.0310399999996305,0.24689600000003686
6.03270999999963,0.24672900000003706
6.03437999999963,0.2465620000000368
6.03604999999963,0.246395000000037
6.03771999999963,0.2462280000000372
6.03938999999963,0.24606100000003694
6.0410599999996295,0.24589400000003714
6.042729999999629,0.2457270000000369
6.044399999999629,0.24556000000003708
6.046069999999629,0.24539300000003728
6.047739999999629,0.24522600000003703
6.049409999999629,0.24505900000003722
6.0510799999996285,0.24489200000003697
6.052749999999628,0.24472500000003716
6.054419999999628,0.24455800000003736
6.056089999999628,0.2443910000000371
6.057759999999628,0.2442240000000373
6.059429999999628,0.24405700000003705
6.061099999999628,0.24389000000003724
6.062769999999627,0.24372300000003744
6.064439999999627,0.2435560000000372
6.066109999999627,0.24338900000003738
6.067779999999627,0.24322200000003713
6.069449999999627,0.24305500000003732
6.071119999999627,0.24288800000003752
6.072789999999626,0.24272100000003727
6.074459999999626,0.24255400000003746
6.076129999999626,0.2423870000000372
6.077799999999626,0.2422200000000374
6.079469999999626,0.2420530000000376
6.081139999999626,0.24188600000003735
6.0828099999996255,0.24171900000003754
6.084479999999625,0.2415520000000373
6.086149999999625,0.2413850000000375
6.087819999999625,0.24121800000003768
6.089489999999625,0.24105100000003743
6.091159999999625,0.24088400000003762
6.0928299999996245,0.24071700000003737
6.094499999999624,0.24055000000003757
6.096169999999624,0.24038300000003776
6.097839999999624,0.2402160000000375
6.099509999999624,0.2400490000000377
6.101179999999624,0.23988200000003745
6.1028499999996235,0.23971500000003765
6.104519999999623,0.23954800000003784
6.106189999999623,0.2393810000000376
6.107859999999623,0.23921400000003779
6.109529999999623,0.23904700000003798
6.111199999999623,0.23888000000003773
6.1128699999996226,0.23871300000003792
6.114539999999622,0.23854600000003767
6.116209999999622,0.23837900000003787
6.117879999999622,0.23821200000003762
6.119549999999622,0.2380450000000378
6.121219999999622,0.237878000000038
6.122889999999622,0.23771100000003775
6.124559999999621,0.23754400000003795
6.126229999999621,0.23737700000003814
6.127899999999621,0.2372100000000379
6.129569999999621,0.23704300000003808
6.131239999999621,0.23687600000003783
6.132909999999621,0.23670900000003803
6.1345799999996204,0.23654200000003822
6.13624999999962,0.23637500000003797
6.13791999999962,0.23620800000003817
6.13958999999962,0.23604100000003791
6.14125999999962,0.2358740000000381
6.14292999999962,0.2357070000000383
6.1445999999996195,0.23554000000003805
6.146269999999619,0.23537300000003825
6.147939999999619,0.235206000000038
6.149609999999619,0.2350390000000382
6.151279999999619,0.23487200000003838
6.152949999999619,0.23470500000003813
6.1546199999996185,0.23453800000003833
6.156289999999618,0.23437100000003808
6.157959999999618,0.23420400000003827
6.159629999999618,0.23403700000003846
6.161299999999618,0.23387000000003821
6.162969999999618,0.2337030000000384
6.1646399999996175,0.23353600000003816
6.166309999999617,0.23336900000003835
6.167979999999617,0.23320200000003855
6.169649999999617,0.2330350000000383
6.171319999999617,0.2328680000000385
6.172989999999617,0.23270100000003824
6.174659999999617,0.23253400000003843
6.176329999999616,0.23236700000003863
6.177999999999616,0.23220000000003838
6.179669999999616,0.23203300000003857
6.181339999999616,0.23186600000003832
6.183009999999616,0.2316990000000385
6.184679999999616,0.2315320000000387
6.186349999999615,0.23136500000003846
6.188019999999615,0.23119800000003865
6.189689999999615,0.2310310000000384
6.191359999999615,0.2308640000000386
6.193029999999615,0.2306970000000388
6.194699999999615,0.23053000000003854
6.1963699999996145,0.23036300000003873
6.198039999999614,0.23019600000003848
6.199709999999614,0.23002900000003867
6.201379999999614,0.22986200000003887
6.203049999999614,0.22969500000003862
6.204719999999614,0.2295280000000388
6.2063899999996135,0.22936100000003856
6.208059999999613,0.22919400000003876
6.209729999999613,0.22902700000003895
6.211399999999613,0.2288600000000387
6.213069999999613,0.2286930000000389
6.214739999999613,0.22852600000003864
6.2164099999996125,0.22835900000003884
6.218079999999612,0.22819200000003903
6.219749999999612,0.22802500000003878
6.221419999999612,0.22785800000003897
6.223089999999612,0.22769100000003872
6.224759999999612,0.22752400000003892
6.2264299999996116,0.2273570000000391
6.228099999999611,0.22719000000003886
6.229769999999611,0.22702300000003905
6.231439999999611,0.22685600000003925
6.233109999999611,0.226689000000039
6.234779999999611,0.2265220000000392
6.236449999999611,0.22635500000003894
6.23811999999961,0.22618800000003914
6.23978999999961,0.22602100000003933
6.24145999999961,0.22585400000003908
6.24312999999961,0.22568700000003927
6.24479999999961,0.22552000000003902
6.24646999999961,0.22535300000003922
6.2481399999996095,0.2251860000000394
6.249809999999609,0.22501900000003916
6.251479999999609,0.2248520000000389
6.253149999999609,0.2246850000000391
6.254819999999609,0.2245180000000393
6.256489999999609,0.2243510000000395
6.2581599999996085,0.22418400000003924
6.259829999999608,0.224017000000039
6.261499999999608,0.22385000000003918
6.263169999999608,0.22368300000003938
6.264839999999608,0.22351600000003957
6.266509999999608,0.22334900000003932
6.2681799999996075,0.22318200000003907
6.269849999999607,0.22301500000003927
6.271519999999607,0.22284800000003946
6.273189999999607,0.22268100000003965
6.274859999999607,0.2225140000000394
6.276529999999607,0.22234700000003915
6.2781999999996065,0.22218000000003935
6.279869999999606,0.22201300000003954
6.281539999999606,0.22184600000003973
6.283209999999606,0.22167900000003948
6.284879999999606,0.22151200000003923
6.286549999999606,0.22134500000003943
6.288219999999606,0.22117800000003962
6.289889999999605,0.22101100000003981
6.291559999999605,0.22084400000003956
6.293229999999605,0.22067700000003931
6.294899999999605,0.2205100000000395
6.296569999999605,0.2203430000000397
6.298239999999605,0.2201760000000399
6.299909999999604,0.22000900000003965
6.301579999999604,0.2198420000000394
6.303249999999604,0.2196750000000396
6.304919999999604,0.21950800000003978
6.306589999999604,0.21934100000003998
6.308259999999604,0.21917400000003973
6.3099299999996035,0.21900700000003948
6.311599999999603,0.21884000000003967
6.313269999999603,0.21867300000003986
6.314939999999603,0.21850600000004006
6.316609999999603,0.2183390000000398
6.318279999999603,0.21817200000003956
6.3199499999996025,0.21800500000003975
6.321619999999602,0.21783800000003994
6.323289999999602,0.21767100000004014
6.324959999999602,0.2175040000000399
6.326629999999602,0.21733700000003964
6.328299999999602,0.21717000000003983
6.3299699999996015,0.21700300000004002
6.331639999999601,0.21683600000004022
6.333309999999601,0.21666900000003997
6.334979999999601,0.21650200000003972
6.336649999999601,0.2163350000000399
6.338319999999601,0.2161680000000401
6.339989999999601,0.2160010000000403
6.3416599999996,0.21583400000004005
6.3433299999996,0.2156670000000398
6.3449999999996,0.21550000000004
6.3466699999996,0.2153330000000402
6.3483399999996,0.21516600000004038
6.3500099999996,0.21499900000004013
6.351679999999599,0.21483200000003988
6.353349999999599,0.21466500000004007
6.355019999999599,0.21449800000004027
6.356689999999599,0.21433100000004046
6.358359999999599,0.2141640000000402
6.360029999999599,0.21399700000003996
6.3616999999995985,0.21383000000004015
6.363369999999598,0.21366300000004035
6.365039999999598,0.21349600000004054
6.366709999999598,0.2133290000000403
6.368379999999598,0.21316200000004004
6.370049999999598,0.21299500000004024
6.3717199999995975,0.21282800000004043
6.373389999999597,0.21266100000004062
6.375059999999597,0.21249400000004037
6.376729999999597,0.21232700000004012
6.378399999999597,0.21216000000004032
6.380069999999597,0.2119930000000405
6.3817399999995965,0.2118260000000407
6.383409999999596,0.21165900000004045
6.385079999999596,0.2114920000000402
6.386749999999596,0.2113250000000404
6.388419999999596,0.2111580000000406
6.390089999999596,0.21099100000004078
6.3917599999995955,0.21082400000004053
6.393429999999595,0.21065700000004028
6.395099999999595,0.21049000000004048
6.396769999999595,0.21032300000004067
6.398439999999595,0.21015600000004087
6.400109999999595,0.20998900000004017
6.401779999999595,0.20982200000004037
6.403449999999594,0.20965500000004056
6.405119999999594,0.20948800000004075
6.406789999999594,0.20932100000004095
6.408459999999594,0.2091540000000407
6.410129999999594,0.20898700000004045
6.411799999999594,0.20882000000004064
6.413469999999593,0.20865300000004083
6.415139999999593,0.20848600000004103
6.416809999999593,0.20831900000004033
6.418479999999593,0.20815200000004053
6.420149999999593,0.20798500000004072
6.421819999999593,0.20781800000004091
6.4234899999995925,0.2076510000000411
6.425159999999592,0.20748400000004041
6.426829999999592,0.2073170000000406
6.428499999999592,0.2071500000000408
6.430169999999592,0.206983000000041
6.431839999999592,0.2068160000000412
6.4335099999995915,0.2066490000000405
6.435179999999591,0.2064820000000407
6.436849999999591,0.20631500000004088
6.438519999999591,0.20614800000004108
6.440189999999591,0.20598100000004127
6.441859999999591,0.20581400000004058
6.4435299999995905,0.20564700000004077
6.44519999999959,0.20548000000004096
6.44686999999959,0.20531300000004116
6.44853999999959,0.20514600000004135
6.45020999999959,0.20497900000004066
6.45187999999959,0.20481200000004085
6.45354999999959,0.20464500000004104
6.455219999999589,0.20447800000004124
6.456889999999589,0.20431100000004143
6.458559999999589,0.20414400000004074
6.460229999999589,0.20397700000004093
6.461899999999589,0.20381000000004112
6.463569999999589,0.20364300000004132
6.465239999999588,0.2034760000000415
6.466909999999588,0.20330900000004082
6.468579999999588,0.203142000000041
6.470249999999588,0.2029750000000412
6.471919999999588,0.2028080000000414
6.473589999999588,0.2026410000000416
6.4752599999995875,0.2024740000000409
6.476929999999587,0.2023070000000411
6.478599999999587,0.2021400000000413
6.480269999999587,0.20197300000004148
6.481939999999587,0.20180600000004167
6.483609999999587,0.20163900000004098
6.4852799999995865,0.20147200000004117
6.486949999999586,0.20130500000004137
6.488619999999586,0.20113800000004156
6.490289999999586,0.20097100000004176
6.491959999999586,0.20080400000004106
6.493629999999586,0.20063700000004125
6.4952999999995855,0.20047000000004145
6.496969999999585,0.20030300000004164
6.498639999999585,0.20013600000004184
6.500309999999585,0.2000309999999592
6.501979999999585,0.20019799999995902
6.503649999999585,0.20036499999995883
6.5053199999995845,0.20053199999995863
6.506989999999584,0.20069899999995844
6.508659999999584,0.20086599999995913
6.510329999999584,0.20103299999995894
6.511999999999584,0.20119999999995875
6.513669999999584,0.20136699999995855
6.515339999999584,0.20153399999995836
6.517009999999583,0.20170099999995905
6.518679999999583,0.20186799999995886
6.520349999999583,0.20203499999995866
6.522019999999583,0.20220199999995847
6.523689999999583,0.20236899999995828
6.525359999999583,0.20253599999995897
6.527029999999582,0.20270299999995878
6.528699999999582,0.20286999999995858
6.530369999999582,0.2030369999999584
6.532039999999582,0.2032039999999582
6.533709999999582,0.2033709999999589
6.535379999999582,0.2035379999999587
6.5370499999995815,0.2037049999999585
6.538719999999581,0.2038719999999583
6.540389999999581,0.20403899999995811
6.542059999999581,0.2042059999999588
6.543729999999581,0.20437299999995862
6.545399999999581,0.20453999999995842
6.5470699999995805,0.20470699999995823
6.54873999999958,0.20487399999995803
6.55040999999958,0.20504099999995873
6.55207999999958,0.20520799999995853
6.55374999999958,0.20537499999995834
6.55541999999958,0.20554199999995815
6.5570899999995795,0.20570899999995795
6.558759999999579,0.20587599999995865
6.560429999999579,0.20604299999995845
6.562099999999579,0.20620999999995826
6.563769999999579,0.20637699999995807
6.565439999999579,0.20654399999995787
6.567109999999579,0.20671099999995857
6.568779999999578,0.20687799999995837
6.570449999999578,0.20704499999995818
6.572119999999578,0.20721199999995799
6.573789999999578,0.2073789999999578
6.575459999999578,0.20754599999995849
6.577129999999578,0.2077129999999583
6.578799999999577,0.2078799999999581
6.580469999999577,0.2080469999999579
6.582139999999577,0.20821399999995815
6.583809999999577,0.2083809999999584
6.585479999999577,0.2085479999999582
6.587149999999577,0.20871499999995802
6.5888199999995765,0.20888199999995782
6.590489999999576,0.20904899999995807
6.592159999999576,0.20921599999995832
6.593829999999576,0.20938299999995813
6.595499999999576,0.20954999999995794
6.597169999999576,0.20971699999995774
6.5988399999995755,0.209883999999958
6.600509999999575,0.21005099999995824
6.602179999999575,0.21021799999995805
6.603849999999575,0.21038499999995786
6.605519999999575,0.21055199999995766
6.607189999999575,0.2107189999999579
6.6088599999995745,0.21088599999995816
6.610529999999574,0.21105299999995797
6.612199999999574,0.21121999999995777
6.613869999999574,0.21138699999995758
6.615539999999574,0.21155399999995783
6.617209999999574,0.21172099999995808
6.6188799999995735,0.2118879999999579
6.620549999999573,0.2120549999999577
6.622219999999573,0.2122219999999575
6.623889999999573,0.21238899999995775
6.625559999999573,0.212555999999958
6.627229999999573,0.2127229999999578
6.628899999999573,0.2128899999999576
6.630569999999572,0.21305699999995742
6.632239999999572,0.21322399999995767
6.633909999999572,0.21339099999995792
6.635579999999572,0.21355799999995773
6.637249999999572,0.21372499999995753
6.638919999999572,0.21389199999995734
6.6405899999995714,0.2140589999999576
6.642259999999571,0.21422599999995784
6.643929999999571,0.21439299999995765
6.645599999999571,0.21455999999995745
6.647269999999571,0.21472699999995726
6.648939999999571,0.2148939999999575
6.6506099999995705,0.21506099999995776
6.65227999999957,0.21522799999995756
6.65394999999957,0.21539499999995737
6.65561999999957,0.21556199999995718
6.65728999999957,0.21572899999995743
6.65895999999957,0.21589599999995768
6.6606299999995695,0.21606299999995748
6.662299999999569,0.2162299999999573
6.663969999999569,0.2163969999999571
6.665639999999569,0.21656399999995735
6.667309999999569,0.2167309999999576
6.668979999999569,0.2168979999999574
6.6706499999995685,0.2170649999999572
6.672319999999568,0.21723199999995702
6.673989999999568,0.21739899999995727
6.675659999999568,0.21756599999995752
6.677329999999568,0.21773299999995732
6.678999999999568,0.21789999999995713
6.680669999999568,0.21806699999995693
6.682339999999567,0.21823399999995718
6.684009999999567,0.21840099999995743
6.685679999999567,0.21856799999995724
6.687349999999567,0.21873499999995705
6.689019999999567,0.21890199999995685
6.690689999999567,0.2190689999999571
6.692359999999566,0.21923599999995735
6.694029999999566,0.21940299999995716
6.695699999999566,0.21956999999995697
6.697369999999566,0.21973699999995677
6.699039999999566,0.21990399999995702
6.700709999999566,0.22007099999995727
6.7023799999995655,0.22023799999995708
6.704049999999565,0.22040499999995689
6.705719999999565,0.2205719999999567
6.707389999999565,0.22073899999995694
6.709059999999565,0.2209059999999572
6.710729999999565,0.221072999999957
6.7123999999995645,0.2212399999999568
6.714069999999564,0.2214069999999566
6.715739999999564,0.22157399999995686
6.717409999999564,0.2217409999999571
6.719079999999564,0.22190799999995692
6.720749999999564,0.22207499999995672
6.7224199999995635,0.22224199999995653
6.724089999999563,0.22240899999995678
6.725759999999563,0.22257599999995703
6.727429999999563,0.22274299999995684
6.729099999999563,0.22290999999995664
6.730769999999563,0.22307699999995645
6.7324399999995626,0.2232439999999567
6.734109999999562,0.22341099999995695
6.735779999999562,0.22357799999995676
6.737449999999562,0.22374499999995656
6.739119999999562,0.22391199999995637
6.740789999999562,0.22407899999995662
6.742459999999562,0.22424599999995687
6.744129999999561,0.22441299999995667
6.745799999999561,0.22457999999995648
6.747469999999561,0.22474699999995673
6.749139999999561,0.22491399999995654
6.750809999999561,0.2250809999999568
6.752479999999561,0.2252479999999566
6.7541499999995604,0.2254149999999564
6.75581999999956,0.2255819999999562
6.75748999999956,0.22574899999995646
6.75915999999956,0.2259159999999567
6.76082999999956,0.2260829999999565
6.76249999999956,0.22624999999995632
6.7641699999995595,0.22641699999995657
6.765839999999559,0.22658399999995638
6.767509999999559,0.22675099999995663
6.769179999999559,0.22691799999995643
6.770849999999559,0.22708499999995624
6.772519999999559,0.2272519999999565
6.7741899999995585,0.2274189999999563
6.775859999999558,0.2275859999999561
6.777529999999558,0.22775299999995635
6.779199999999558,0.22791999999995616
6.780869999999558,0.2280869999999564
6.782539999999558,0.22825399999995621
6.7842099999995575,0.22842099999995602
6.785879999999557,0.22858799999995627
6.787549999999557,0.22875499999995608
6.789219999999557,0.22892199999995633
6.790889999999557,0.22908899999995613
6.792559999999557,0.22925599999995594
6.794229999999557,0.2294229999999562
6.795899999999556,0.229589999999956
6.797569999999556,0.22975699999995625
6.799239999999556,0.22992399999995605
6.800909999999556,0.23009099999995586
6.802579999999556,0.2302579999999561
6.804249999999556,0.23042499999995592
6.805919999999555,0.23059199999995617
6.807589999999555,0.23075899999995597
6.809259999999555,0.23092599999995578
6.810929999999555,0.23109299999995603
6.812599999999555,0.23125999999995583
6.814269999999555,0.23142699999995608
6.8159399999995545,0.2315939999999559
6.817609999999554,0.2317609999999557
6.819279999999554,0.23192799999995595
6.820949999999554,0.23209499999995575
6.822619999999554,0.232261999999956
6.824289999999554,0.2324289999999558
6.8259599999995535,0.23259599999995562
6.827629999999553,0.23276299999995587
6.829299999999553,0.23292999999995567
6.830969999999553,0.23309699999995592
6.832639999999553,0.23326399999995573
6.834309999999553,0.23343099999995554
6.8359799999995525,0.23359799999995579
6.837649999999552,0.2337649999999556
6.839319999999552,0.23393199999995584
6.840989999999552,0.23409899999995565
6.842659999999552,0.23426599999995545
6.844329999999552,0.2344329999999557
6.8459999999995516,0.2345999999999555
6.847669999999551,0.23476699999995576
6.849339999999551,0.23493399999995557
6.851009999999551,0.23510099999995537
6.852679999999551,0.23526799999995562
6.854349999999551,0.23543499999995543
6.856019999999551,0.23560199999995568
6.85768999999955,0.2357689999999555
6.85935999999955,0.2359359999999553
6.86102999999955,0.23610299999995554
6.86269999999955,0.23626999999995535
6.86436999999955,0.2364369999999556
6.86603999999955,0.2366039999999554
6.8677099999995495,0.2367709999999552
6.869379999999549,0.23693799999995546
6.871049999999549,0.23710499999995527
6.872719999999549,0.23727199999995552
6.874389999999549,0.23743899999995532
6.876059999999549,0.23760599999995513
6.8777299999995485,0.23777299999995538
6.879399999999548,0.2379399999999552
6.881069999999548,0.23810699999995544
6.882739999999548,0.23827399999995524
6.884409999999548,0.23844099999995505
6.886079999999548,0.2386079999999553
6.8877499999995475,0.2387749999999551
6.889419999999547,0.2389419999999549
6.891089999999547,0.23910899999995516
6.892759999999547,0.23927599999995497
6.894429999999547,0.23944299999995522
6.896099999999547,0.23960999999995503
6.8977699999995465,0.23977699999995483
6.899439999999546,0.23994399999995508
6.901109999999546,0.2401109999999549
6.902779999999546,0.24027799999995514
6.904449999999546,0.24044499999995494
6.906119999999546,0.24061199999995475
6.907789999999546,0.240778999999955
6.909459999999545,0.2409459999999548
6.911129999999545,0.24111299999995506
6.912799999999545,0.24127999999995486
6.914469999999545,0.24144699999995467
6.916139999999545,0.24161399999995492
6.917809999999545,0.24178099999995473
6.919479999999544,0.24194799999995498
6.921149999999544,0.24211499999995478
6.922819999999544,0.2422819999999546
6.924489999999544,0.24244899999995484
6.926159999999544,0.24261599999995465
6.927829999999544,0.2427829999999549
6.9294999999995435,0.2429499999999547
6.931169999999543,0.2431169999999545
6.932839999999543,0.24328399999995476
6.934509999999543,0.24345099999995456
6.936179999999543,0.24361799999995482
6.937849999999543,0.24378499999995462
6.9395199999995425,0.24395199999995443
6.941189999999542,0.24411899999995468
6.942859999999542,0.24428599999995448
6.944529999999542,0.24445299999995473
6.946199999999542,0.24461999999995454
6.947869999999542,0.24478699999995435
6.9495399999995415,0.2449539999999546
6.951209999999541,0.2451209999999544
6.952879999999541,0.24528799999995465
6.954549999999541,0.24545499999995446
6.956219999999541,0.24562199999995427
6.957889999999541,0.24578899999995452
6.959559999999541,0.24595599999995432
6.96122999999954,0.24612299999995457
6.96289999999954,0.24628999999995438
6.96456999999954,0.24645699999995418
6.96623999999954,0.24662399999995444
6.96790999999954,0.24679099999995424
6.96957999999954,0.2469579999999545
6.971249999999539,0.2471249999999543
6.972919999999539,0.2472919999999541
6.974589999999539,0.24745899999995435
6.976259999999539,0.24762599999995416
6.977929999999539,0.2477929999999544
6.979599999999539,0.24795999999995422
6.9812699999995385,0.24812699999995402
6.982939999999538,0.24829399999995427
6.984609999999538,0.24846099999995408
6.986279999999538,0.24862799999995433
6.987949999999538,0.24879499999995414
6.989619999999538,0.24896199999995394
6.9912899999995375,0.2491289999999542
6.992959999999537,0.249295999999954
6.994629999999537,0.24946299999995425
6.996299999999537,0.24962999999995406
6.997969999999537,0.24979699999995386
6.999639999999537,0.2499639999999541
7.0013099999995365,0.2501309999999539
7.002979999999536,0.25029799999995417
7.004649999999536,0.250464999999954
7.006319999999536,0.2506319999999538
7.007989999999536,0.2507989999999536
7.009659999999536,0.25096599999995384
7.0113299999995355,0.2511329999999541
7.012999999999535,0.2512999999999539
7.014669999999535,0.2514669999999537
7.016339999999535,0.2516339999999535
7.018009999999535,0.25180099999995376
7.019679999999535,0.251967999999954
7.021349999999535,0.2521349999999538
7.023019999999534,0.2523019999999536
7.024689999999534,0.2524689999999534
7.026359999999534,0.2526359999999537
7.028029999999534,0.2528029999999539
7.029699999999534,0.25296999999995373
7.031369999999534,0.25313699999995354
7.033039999999533,0.25330399999995334
7.034709999999533,0.2534709999999536
7.036379999999533,0.25363799999995384
7.038049999999533,0.25380499999995365
7.039719999999533,0.25397199999995346
7.041389999999533,0.25413899999995326
7.0430599999995325,0.2543059999999535
7.044729999999532,0.25447299999995376
7.046399999999532,0.25463999999995357
7.048069999999532,0.2548069999999534
7.049739999999532,0.2549739999999532
7.051409999999532,0.25514099999995343
7.0530799999995315,0.2553079999999537
7.054749999999531,0.2554749999999535
7.056419999999531,0.2556419999999533
7.058089999999531,0.2558089999999531
7.059759999999531,0.25597599999995335
7.061429999999531,0.2561429999999536
7.0630999999995305,0.2563099999999534
7.06476999999953,0.2564769999999532
7.06643999999953,0.256643999999953
7.06810999999953,0.25681099999995327
7.06977999999953,0.2569779999999535
7.07144999999953,0.2571449999999533
7.07311999999953,0.25731199999995313
7.074789999999529,0.25747899999995294
7.076459999999529,0.2576459999999532
7.078129999999529,0.25781299999995344
7.079799999999529,0.25797999999995325
7.081469999999529,0.25814699999995305
7.083139999999529,0.25831399999995286
7.084809999999528,0.2584809999999531
7.086479999999528,0.25864799999995336
7.088149999999528,0.25881499999995317
7.089819999999528,0.25898199999995297
7.091489999999528,0.2591489999999528
7.093159999999528,0.25931599999995303
7.0948299999995275,0.2594829999999533
7.096499999999527,0.2596499999999531
7.098169999999527,0.2598169999999529
7.099839999999527,0.2599839999999527
7.101509999999527,0.26015099999995295
7.103179999999527,0.2603179999999532
7.1048499999995265,0.260484999999953
7.106519999999526,0.2606519999999528
7.108189999999526,0.2608189999999526
7.109859999999526,0.2609859999999524
7.111529999999526,0.2611529999999531
7.113199999999526,0.2613199999999529
7.1148699999995255,0.26148699999995273
7.116539999999525,0.26165399999995254
7.118209999999525,0.2618209999999528
7.119879999999525,0.26198799999995304
7.121549999999525,0.26215499999995284
7.123219999999525,0.26232199999995265
7.1248899999995245,0.26248899999995245
7.126559999999524,0.26265599999995226
7.128229999999524,0.26282299999995296
7.129899999999524,0.26298999999995276
7.131569999999524,0.26315699999995257
7.133239999999524,0.2633239999999524
7.134909999999524,0.2634909999999522
7.136579999999523,0.2636579999999529
7.138249999999523,0.2638249999999527
7.139919999999523,0.2639919999999525
7.141589999999523,0.2641589999999523
7.143259999999523,0.2643259999999521
7.144929999999523,0.2644929999999528
7.1465999999995224,0.2646599999999526
7.148269999999522,0.2648269999999524
7.149939999999522,0.2649939999999522
7.151609999999522,0.265160999999952
7.153279999999522,0.2653279999999527
7.154949999999522,0.2654949999999525
7.1566199999995215,0.2656619999999523
7.158289999999521,0.26582899999995213
7.159959999999521,0.26599599999995194
7.161629999999521,0.26616299999995263
7.163299999999521,0.26632999999995244
7.164969999999521,0.26649699999995224
7.1666399999995205,0.26666399999995205
7.16830999999952,0.26683099999995186
7.16997999999952,0.26699799999995255
7.17164999999952,0.26716499999995236
7.17331999999952,0.26733199999995216
7.17498999999952,0.26749899999995197
7.1766599999995195,0.2676659999999518
7.178329999999519,0.26783299999995247
7.179999999999519,0.2679999999999523
7.181669999999519,0.2681669999999521
7.183339999999519,0.2683339999999519
7.185009999999519,0.2685009999999517
7.186679999999519,0.2686679999999524
7.188349999999518,0.2688349999999522
7.190019999999518,0.269001999999952
7.191689999999518,0.2691689999999518
7.193359999999518,0.2693359999999516
7.195029999999518,0.2695029999999523
7.196699999999518,0.2696699999999521
7.198369999999517,0.2698369999999519
7.200039999999517,0.2700039999999517
7.201709999999517,0.27017099999995153
7.203379999999517,0.2703379999999522
7.205049999999517,0.27050499999995203
7.206719999999517,0.27067199999995184
7.2083899999995165,0.27083899999995165
7.210059999999516,0.27100599999995145
7.211729999999516,0.27117299999995215
7.213399999999516,0.27133999999995195
7.215069999999516,0.27150699999995176
7.216739999999516,0.27167399999995157
7.2184099999995155,0.27184099999995137
7.220079999999515,0.27200799999995207
7.221749999999515,0.27217499999995187
7.223419999999515,0.2723419999999517
7.225089999999515,0.2725089999999515
7.226759999999515,0.2726759999999513
7.2284299999995145,0.272842999999952
7.230099999999514,0.2730099999999518
7.231769999999514,0.2731769999999516
7.233439999999514,0.2733439999999514
7.235109999999514,0.2735109999999512
7.236779999999514,0.27367799999995146
7.2384499999995136,0.2738449999999517
7.240119999999513,0.2740119999999515
7.241789999999513,0.2741789999999513
7.243459999999513,0.27434599999995113
7.245129999999513,0.2745129999999514
7.246799999999513,0.27467999999995163
7.248469999999513,0.27484699999995144
7.250139999999512,0.27501399999995124
7.251809999999512,0.2751809999999515
7.253479999999512,0.2753479999999513
7.255149999999512,0.27551499999995155
7.256819999999512,0.27568199999995135
7.258489999999512,0.27584899999995116
7.2601599999995114,0.2760159999999514
7.261829999999511,0.2761829999999512
7.263499999999511,0.27634999999995147
7.265169999999511,0.2765169999999513
7.266839999999511,0.2766839999999511
7.268509999999511,0.27685099999995133
7.2701799999995105,0.27701799999995114
7.27184999999951,0.2771849999999514
7.27351999999951,0.2773519999999512
7.27518999999951,0.277518999999951
7.27685999999951,0.27768599999995125
7.27852999999951,0.27785299999995106
7.2801999999995095,0.2780199999999513
7.281869999999509,0.2781869999999511
7.283539999999509,0.2783539999999509
7.285209999999509,0.27852099999995117
7.286879999999509,0.278687999999951
7.288549999999509,0.2788549999999512
7.2902199999995085,0.27902199999995103
7.291889999999508,0.27918899999995084
7.293559999999508,0.2793559999999511
7.295229999999508,0.2795229999999509
7.296899999999508,0.27968999999995114
7.298569999999508,0.27985699999995095
7.300239999999508,0.28002399999995076
7.301909999999507,0.280190999999951
7.303579999999507,0.2803579999999508
7.305249999999507,0.28052499999995106
7.306919999999507,0.28069199999995087
7.308589999999507,0.2808589999999507
7.310259999999507,0.2810259999999509
7.311929999999506,0.28119299999995073
7.313599999999506,0.281359999999951
7.315269999999506,0.2815269999999508
7.316939999999506,0.2816939999999506
7.318609999999506,0.28186099999995085
7.320279999999506,0.28202799999995065
7.3219499999995055,0.2821949999999509
7.323619999999505,0.2823619999999507
7.325289999999505,0.2825289999999505
7.326959999999505,0.28269599999995076
7.328629999999505,0.28286299999995057
7.330299999999505,0.2830299999999508
7.3319699999995045,0.2831969999999506
7.333639999999504,0.28336399999995043
7.335309999999504,0.2835309999999507
7.336979999999504,0.2836979999999505
7.338649999999504,0.28386499999995074
7.340319999999504,0.28403199999995055
7.3419899999995035,0.28419899999995035
7.343659999999503,0.2843659999999506
7.345329999999503,0.2845329999999504
7.346999999999503,0.28469999999995066
7.348669999999503,0.28486699999995047
7.350339999999503,0.28503399999995027
7.3520099999995026,0.2852009999999505
7.353679999999502,0.28536799999995033
7.355349999999502,0.2855349999999506
7.357019999999502,0.2857019999999504
7.358689999999502,0.2858689999999502
7.360359999999502,0.28603599999995044
7.362029999999502,0.28620299999995025
7.363699999999501,0.2863699999999505
7.365369999999501,0.2865369999999503
7.367039999999501,0.2867039999999501
7.368709999999501,0.28687099999995036
7.370379999999501,0.28703799999995017
7.372049999999501,0.2872049999999504
7.3737199999995005,0.2873719999999502
7.3753899999995,0.28753899999995003
7.3770599999995,0.2877059999999503
7.3787299999995,0.2878729999999501
7.3803999999995,0.28803999999995034
7.3820699999995,0.28820699999995014
7.3837399999994995,0.28837399999994995
7.385409999999499,0.2885409999999502
7.387079999999499,0.28870799999995
7.388749999999499,0.28887499999995025
7.390419999999499,0.28904199999995006
7.392089999999499,0.28920899999994987
7.3937599999994985,0.2893759999999501
7.395429999999498,0.2895429999999499
7.397099999999498,0.2897099999999502
7.398769999999498,0.28987699999995
7.400439999999498,0.29004399999995023
7.402109999999498,0.29021099999995004
7.4037799999994975,0.29037799999994984
7.405449999999497,0.2905449999999501
7.407119999999497,0.2907119999999499
7.408789999999497,0.2908789999999497
7.410459999999497,0.29104599999994996
7.412129999999497,0.29121299999994976
7.413799999999497,0.29137999999995
7.415469999999496,0.2915469999999498
7.417139999999496,0.29171399999995007
7.418809999999496,0.2918809999999499
7.420479999999496,0.2920479999999497
7.422149999999496,0.29221499999994993
7.423819999999496,0.29238199999994974
7.425489999999495,0.29254899999995
7.427159999999495,0.2927159999999498
7.428829999999495,0.2928829999999496
7.430499999999495,0.29304999999994985
7.432169999999495,0.29321699999994966
7.433839999999495,0.2933839999999499
7.4355099999994945,0.2935509999999497
7.437179999999494,0.2937179999999495
7.438849999999494,0.29388499999994977
7.440519999999494,0.2940519999999496
7.442189999999494,0.2942189999999498
7.443859999999494,0.29438599999994963
7.4455299999994935,0.29455299999994944
7.447199999999493,0.2947199999999497
7.448869999999493,0.2948869999999495
7.450539999999493,0.29505399999994975
7.452209999999493,0.29522099999994955
7.453879999999493,0.29538799999994936
7.4555499999994925,0.2955549999999496
7.457219999999492,0.2957219999999494
7.458889999999492,0.29588899999994966
7.460559999999492,0.29605599999994947
7.462229999999492,0.2962229999999493
7.463899999999492,0.2963899999999495
7.465569999999492,0.29655699999994933
7.467239999999491,0.2967239999999496
7.468909999999491,0.2968909999999494
7.470579999999491,0.2970579999999492
7.472249999999491,0.29722499999994945
7.473919999999491,0.29739199999994925
7.475589999999491,0.2975589999999495
7.47725999999949,0.2977259999999493
7.47892999999949,0.2978929999999491
7.48059999999949,0.29805999999994937
7.48226999999949,0.29822699999994917
7.48393999999949,0.2983939999999494
7.48560999999949,0.29856099999994923
7.4872799999994895,0.29872799999994903
7.488949999999489,0.2988949999999493
7.490619999999489,0.2990619999999491
7.492289999999489,0.29922899999994934
7.493959999999489,0.29939599999994915
7.495629999999489,0.29956299999994895
7.4972999999994885,0.2997299999999492
7.498969999999488,0.299896999999949
7.500639999999488,0.3001279999998987
7.502309999999488,0.3004619999998983
7.503979999999488,0.3007959999998979
7.505649999999488,0.301129999999898
7.5073199999994875,0.3014639999998985
7.508989999999487,0.3017979999998981
7.510659999999487,0.3021319999998977
7.512329999999487,0.3024659999998982
7.513999999999487,0.30279999999989826
7.515669999999487,0.3031339999998979
7.5173399999994865,0.3034679999998975
7.519009999999486,0.303801999999898
7.520679999999486,0.3041359999998985
7.522349999999486,0.30446999999989766
7.524019999999486,0.30480399999989727
7.525689999999486,0.30513799999989777
7.527359999999486,0.30547199999989827
7.529029999999485,0.3058059999998979
7.530699999999485,0.30613999999989705
7.532369999999485,0.30647399999989755
7.534039999999485,0.30680799999989805
7.535709999999485,0.30714199999989766
7.537379999999485,0.3074759999998973
7.539049999999484,0.30780999999989733
7.540719999999484,0.30814399999989783
7.542389999999484,0.30847799999989745
7.544059999999484,0.30881199999989706
7.545729999999484,0.30914599999989756
7.547399999999484,0.3094799999998976
7.5490699999994835,0.3098139999998972
7.550739999999483,0.31014799999989684
7.552409999999483,0.31048199999989734
7.554079999999483,0.31081599999989784
7.555749999999483,0.311149999999897
7.557419999999483,0.3114839999998966
7.5590899999994825,0.3118179999998971
7.560759999999482,0.3121519999998976
7.562429999999482,0.31248599999989723
7.564099999999482,0.3128199999998964
7.565769999999482,0.3131539999998969
7.567439999999482,0.3134879999998974
7.5691099999994815,0.313821999999897
7.570779999999481,0.31415599999989663
7.572449999999481,0.3144899999998967
7.574119999999481,0.3148239999998972
7.575789999999481,0.3151579999998968
7.577459999999481,0.3154919999998964
7.579129999999481,0.3158259999998969
7.58079999999948,0.31615999999989697
7.58246999999948,0.3164939999998966
7.58413999999948,0.3168279999998962
7.58580999999948,0.3171619999998967
7.58747999999948,0.31749599999989675
7.58914999999948,0.31782999999989636
7.590819999999479,0.318163999999896
7.592489999999479,0.3184979999998965
7.594159999999479,0.318831999999897
7.595829999999479,0.31916599999989614
7.597499999999479,0.31949999999989576
7.599169999999479,0.31983399999989626
7.6008399999994785,0.32016799999989676
7.602509999999478,0.32050199999989637
7.604179999999478,0.32083599999989554
7.605849999999478,0.32116999999989604
7.607519999999478,0.32150399999989654
7.609189999999478,0.32183799999989615
7.6108599999994775,0.32217199999989576
7.612529999999477,0.3225059999998958
7.614199999999477,0.3228399999998963
7.615869999999477,0.32317399999989593
7.617539999999477,0.32350799999989555
7.619209999999477,0.32384199999989605
7.6208799999994765,0.3241759999998961
7.622549999999476,0.3245099999998957
7.624219999999476,0.3248439999998953
7.625889999999476,0.32517799999989583
7.627559999999476,0.32551199999989633
7.629229999999476,0.3258459999998955
7.6308999999994755,0.3261799999998951
7.632569999999475,0.3265139999998956
7.634239999999475,0.3268479999998961
7.635909999999475,0.3271819999998957
7.637579999999475,0.3275159999998949
7.639249999999475,0.3278499999998954
7.640919999999475,0.3281839999998959
7.642589999999474,0.3285179999998955
7.644259999999474,0.3288519999998951
7.645929999999474,0.3291859999998952
7.647599999999474,0.3295199999998957
7.649269999999474,0.3298539999998953
7.650939999999474,0.3301879999998949
7.6526099999994734,0.3305219999998954
7.654279999999473,0.33085599999989546
7.655949999999473,0.33118999999989507
7.657619999999473,0.3315239999998947
7.659289999999473,0.3318579999998952
7.660959999999473,0.3321919999998957
7.6626299999994725,0.33252599999989485
7.664299999999472,0.33285999999989446
7.665969999999472,0.33319399999989496
7.667639999999472,0.33352799999989546
7.669309999999472,0.3338619999998951
7.670979999999472,0.33419599999989424
7.6726499999994715,0.33452999999989474
7.674319999999471,0.33486399999989525
7.675989999999471,0.33519799999989486
7.677659999999471,0.33553199999989447
7.679329999999471,0.3358659999998945
7.680999999999471,0.336199999999895
7.6826699999994705,0.33653399999989464
7.68433999999947,0.33686799999989425
7.68600999999947,0.33720199999989475
7.68767999999947,0.3375359999998948
7.68934999999947,0.3378699999998944
7.69101999999947,0.33820399999989403
7.69268999999947,0.33853799999989453
7.694359999999469,0.33887199999989503
7.696029999999469,0.3392059999998942
7.697699999999469,0.3395399999998938
7.699369999999469,0.3398739999998943
7.701039999999469,0.3402079999998948
7.702709999999469,0.34054199999989443
7.704379999999468,0.3408759999998936
7.706049999999468,0.3412099999998941
7.707719999999468,0.3415439999998946
7.709389999999468,0.3418779999998942
7.711059999999468,0.3422119999998938
7.712729999999468,0.3425459999998939
7.7143999999994675,0.3428799999998944
7.716069999999467,0.343213999999894
7.717739999999467,0.3435479999998936
7.719409999999467,0.3438819999998941
7.721079999999467,0.34421599999989416
7.722749999999467,0.3445499999998938
7.7244199999994665,0.3448839999998934
7.726089999999466,0.3452179999998939
7.727759999999466,0.3455519999998944
7.729429999999466,0.34588599999989356
7.731099999999466,0.34621999999989317
7.732769999999466,0.34655399999989367
7.7344399999994655,0.34688799999989417
7.736109999999465,0.34722199999989334
7.737779999999465,0.34755599999989295
7.739449999999465,0.34788999999989345
7.741119999999465,0.34822399999989395
7.742789999999465,0.34855799999989356
7.7444599999994646,0.3488919999998932
7.746129999999464,0.34922599999989323
7.747799999999464,0.34955999999989373
7.749469999999464,0.34989399999989335
7.751139999999464,0.35022799999989296
7.752809999999464,0.350561999999893
7.754479999999464,0.3508959999998935
7.756149999999463,0.3512299999998931
7.757819999999463,0.35156399999989274
7.759489999999463,0.35189799999989324
7.761159999999463,0.3522319999998933
7.762829999999463,0.3525659999998929
7.764499999999463,0.3528999999998925
7.7661699999994624,0.353233999999893
7.767839999999462,0.3535679999998935
7.769509999999462,0.3539019999998927
7.771179999999462,0.3542359999998923
7.772849999999462,0.3545699999998928
7.774519999999462,0.3549039999998933
7.7761899999994615,0.3552379999998929
7.777859999999461,0.3555719999998921
7.779529999999461,0.3559059999998926
7.781199999999461,0.3562399999998931
7.782869999999461,0.3565739999998927
7.784539999999461,0.3569079999998923
7.7862099999994605,0.35724199999989237
7.78787999999946,0.35757599999989287
7.78954999999946,0.3579099999998925
7.79121999999946,0.3582439999998921
7.79288999999946,0.3585779999998926
7.79455999999946,0.35891199999989265
7.7962299999994595,0.35924599999989226
7.797899999999459,0.3595799999998919
7.799569999999459,0.3599139999998928
7.801239999999459,0.3602479999998933
7.802909999999459,0.3605819999998925
7.804579999999459,0.3609159999998921
7.806249999999459,0.3612499999998926
7.807919999999458,0.3615839999998931
7.809589999999458,0.3619179999998927
7.811259999999458,0.3622519999998919
7.812929999999458,0.3625859999998924
7.814599999999458,0.3629199999998929
7.816269999999458,0.3632539999998925
7.817939999999457,0.3635879999998921
7.819609999999457,0.36392199999989217
7.821279999999457,0.36425599999989267
7.822949999999457,0.3645899999998923
7.824619999999457,0.3649239999998919
7.826289999999457,0.3652579999998924
7.8279599999994565,0.36559199999989245
7.829629999999456,0.36592599999989206
7.831299999999456,0.36625999999989167
7.832969999999456,0.3665939999998922
7.834639999999456,0.3669279999998927
7.836309999999456,0.36726199999989184
7.8379799999994555,0.36759599999989145
7.839649999999455,0.36792999999989195
7.841319999999455,0.36826399999989246
7.842989999999455,0.36859799999989207
7.844659999999455,0.36893199999989124
7.846329999999455,0.36926599999989174
7.8479999999994545,0.36959999999989224
7.849669999999454,0.36993399999989185
7.851339999999454,0.37026799999989146
7.853009999999454,0.3706019999998915
7.854679999999454,0.370935999999892
7.856349999999454,0.37126999999989163
7.8580199999994536,0.37160399999989124
7.859689999999453,0.37193799999989174
7.861359999999453,0.3722719999998918
7.863029999999453,0.3726059999998914
7.864699999999453,0.372939999999891
7.866369999999453,0.3732739999998915
7.868039999999453,0.373607999999892
7.869709999999452,0.3739419999998912
7.871379999999452,0.3742759999998908
7.873049999999452,0.3746099999998913
7.874719999999452,0.3749439999998918
7.876389999999452,0.3752779999998914
7.878059999999452,0.3756119999998906
7.8797299999994515,0.3759459999998911
7.881399999999451,0.3762799999998916
7.883069999999451,0.3766139999998912
7.884739999999451,0.3769479999998908
7.886409999999451,0.37728199999989087
7.888079999999451,0.37761599999989137
7.8897499999994505,0.377949999999891
7.89141999999945,0.3782839999998906
7.89308999999945,0.3786179999998911
7.89475999999945,0.3789519999998916
7.89642999999945,0.37928599999989077
7.89809999999945,0.3796199999998904
7.8997699999994495,0.3799539999998909
7.901439999999449,0.3802879999998914
7.903109999999449,0.380621999999891
7.904779999999449,0.38095599999989016
7.906449999999449,0.38128999999989066
7.908119999999449,0.38162399999989116
7.9097899999994485,0.3819579999998908
7.911459999999448,0.3822919999998904
7.913129999999448,0.38262599999989044
7.914799999999448,0.38295999999989094
7.916469999999448,0.38329399999989056
7.918139999999448,0.38362799999989017
7.919809999999448,0.38396199999989067
7.921479999999447,0.3842959999998907
7.923149999999447,0.38462999999989034
7.924819999999447,0.38496399999988995
7.926489999999447,0.38529799999989045
7.928159999999447,0.38563199999989095
7.929829999999447,0.3859659999998901
7.931499999999446,0.38629999999988973
7.933169999999446,0.38663399999989023
7.934839999999446,0.38696799999989073
7.936509999999446,0.38730199999989035
7.938179999999446,0.3876359999998895
7.939849999999446,0.38796999999989
7.9415199999994455,0.3883039999998905
7.943189999999445,0.3886379999998901
7.944859999999445,0.38897199999988974
7.946529999999445,0.3893059999998898
7.948199999999445,0.3896399999998903
7.949869999999445,0.3899739999998899
7.9515399999994445,0.3903079999998895
7.953209999999444,0.39064199999989
7.954879999999444,0.3909759999998901
7.956549999999444,0.3913099999998897
7.958219999999444,0.3916439999998893
7.959889999999444,0.3919779999998898
7.9615599999994435,0.3923119999998903
7.963229999999443,0.3926459999998895
7.964899999999443,0.3929799999998891
7.966569999999443,0.3933139999998896
7.968239999999443,0.3936479999998901
7.969909999999443,0.3939819999998897
7.971579999999443,0.39431599999988887
7.973249999999442,0.39464999999988937
7.974919999999442,0.39498399999988987
7.976589999999442,0.3953179999998895
7.978259999999442,0.3956519999998891
7.979929999999442,0.39598599999988915
7.981599999999442,0.39631999999988965
7.983269999999441,0.39665399999988926
7.984939999999441,0.3969879999998889
7.986609999999441,0.3973219999998894
7.988279999999441,0.39765599999988943
7.989949999999441,0.39798999999988904
7.991619999999441,0.39832399999988866
7.9932899999994405,0.39865799999988916
7.99495999999944,0.39899199999988966
7.99662999999944,0.3993259999998888
7.99829999999944,0.39965999999988844
7.99996999999944,0.39999399999988894
8.00163999999944,0.40032799999988944
8.003309999999441,0.40066199999988994
8.004979999999442,0.40099599999989
8.006649999999443,0.40132999999989005
8.008319999999443,0.4016639999998901
8.009989999999444,0.40199799999989017
8.011659999999445,0.40233199999989067
8.013329999999446,0.4026659999998907
8.014999999999446,0.4029999999998908
8.016669999999447,0.40333399999989084
8.018339999999448,0.4036679999998909
8.020009999999449,0.4040019999998914
8.02167999999945,0.40433599999989145
8.02334999999945,0.4046699999998915
8.02501999999945,0.40500399999989156
8.026689999999451,0.4053379999998916
8.028359999999452,0.4056719999998921
8.030029999999453,0.4060059999998922
8.031699999999454,0.40633999999989223
8.033369999999454,0.4066739999998923
8.035039999999455,0.40700799999989234
8.036709999999456,0.40734199999989285
8.038379999999457,0.4076759999998929
8.040049999999457,0.40800999999989296
8.041719999999458,0.408343999999893
8.043389999999459,0.40867799999989307
8.04505999999946,0.40901199999989357
8.04672999999946,0.40934599999989363
8.04839999999946,0.4096799999998937
8.050069999999462,0.41001399999989374
8.051739999999462,0.4103479999998938
8.053409999999463,0.4106819999998943
8.055079999999464,0.41101599999989435
8.056749999999465,0.4113499999998944
8.058419999999465,0.41168399999989447
8.060089999999466,0.4120179999998945
8.061759999999467,0.412351999999895
8.063429999999467,0.4126859999998951
8.065099999999468,0.41301999999989514
8.066769999999469,0.4133539999998952
8.06843999999947,0.41368799999989525
8.07010999999947,0.41402199999989575
8.071779999999471,0.4143559999998958
8.073449999999472,0.41468999999989586
8.075119999999472,0.4150239999998959
8.076789999999473,0.415357999999896
8.078459999999474,0.4156919999998965
8.080129999999475,0.41602599999989653
8.081799999999475,0.4163599999998966
8.083469999999476,0.41669399999989665
8.085139999999477,0.4170279999998967
8.086809999999478,0.4173619999998972
8.088479999999478,0.41769599999989726
8.090149999999479,0.4180299999998973
8.09181999999948,0.4183639999998974
8.09348999999948,0.41869799999989743
8.095159999999481,0.41903199999989793
8.096829999999482,0.419365999999898
8.098499999999483,0.41969999999989804
8.100169999999483,0.4200339999998981
8.101839999999484,0.42036799999989816
8.103509999999485,0.42070199999989866
8.105179999999486,0.4210359999998987
8.106849999999486,0.42136999999989877
8.108519999999487,0.4217039999998988
8.110189999999488,0.4220379999998989
8.111859999999488,0.4223719999998994
8.11352999999949,0.42270599999989944
8.11519999999949,0.4230399999998995
8.11686999999949,0.42337399999989955
8.118539999999491,0.4237079999998996
8.120209999999492,0.4240419999999001
8.121879999999493,0.42437599999990017
8.123549999999494,0.4247099999999002
8.125219999999494,0.4250439999999003
8.126889999999495,0.4253779999999008
8.128559999999496,0.42571199999990084
8.130229999999496,0.4260459999999009
8.131899999999497,0.42637999999990095
8.133569999999498,0.426713999999901
8.135239999999499,0.4270479999999015
8.1369099999995,0.42738199999990156
8.1385799999995,0.4277159999999016
8.1402499999995,0.4280499999999017
8.141919999999502,0.42838399999990173
8.143589999999502,0.42871799999990223
8.145259999999503,0.4290519999999023
8.146929999999504,0.42938599999990235
8.148599999999504,0.4297199999999024
8.150269999999505,0.43005399999990246
8.151939999999506,0.43038799999990296
8.153609999999507,0.430721999999903
8.155279999999507,0.4310559999999031
8.156949999999508,0.43138999999990313
8.158619999999509,0.4317239999999032
8.16028999999951,0.4320579999999037
8.16195999999951,0.43239199999990374
8.163629999999511,0.4327259999999038
8.165299999999512,0.43305999999990386
8.166969999999512,0.4333939999999039
8.168639999999513,0.4337279999999044
8.170309999999514,0.43406199999990447
8.171979999999515,0.4343959999999045
8.173649999999515,0.4347299999999046
8.175319999999516,0.43506399999990464
8.176989999999517,0.43539799999990514
8.178659999999518,0.4357319999999052
8.180329999999518,0.43606599999990525
8.181999999999519,0.4363999999999053
8.18366999999952,0.43673399999990536
8.18533999999952,0.43706799999990587
8.187009999999521,0.4374019999999059
8.188679999999522,0.437735999999906
8.190349999999523,0.43806999999990603
8.192019999999523,0.4384039999999061
8.193689999999524,0.4387379999999066
8.195359999999525,0.43907199999990665
8.197029999999526,0.4394059999999067
8.198699999999526,0.43973999999990676
8.200369999999527,0.4400739999999068
8.202039999999528,0.4404079999999073
8.203709999999528,0.4407419999999074
8.20537999999953,0.44107599999990743
8.20704999999953,0.4414099999999075
8.20871999999953,0.44174399999990754
8.210389999999531,0.44207799999990804
8.212059999999532,0.4424119999999081
8.213729999999533,0.44274599999990816
8.215399999999534,0.4430799999999082
8.217069999999534,0.44341399999990827
8.218739999999535,0.44374799999990877
8.220409999999536,0.4440819999999088
8.222079999999536,0.4444159999999089
8.223749999999537,0.44474999999990894
8.225419999999538,0.445083999999909
8.227089999999539,0.4454179999999095
8.22875999999954,0.44575199999990955
8.23042999999954,0.4460859999999096
8.23209999999954,0.44641999999990967
8.233769999999542,0.4467539999999097
8.235439999999542,0.4470879999999102
8.237109999999543,0.4474219999999103
8.238779999999544,0.44775599999991034
8.240449999999544,0.4480899999999104
8.242119999999545,0.44842399999991045
8.243789999999546,0.44875799999991095
8.245459999999547,0.449091999999911
8.247129999999547,0.44942599999991106
8.248799999999548,0.4497599999999111
8.250469999999549,0.4500939999999112
8.25213999999955,0.45042799999991123
8.25380999999955,0.45076199999991173
8.255479999999551,0.4510959999999118
8.257149999999552,0.45142999999991185
8.258819999999552,0.4517639999999119
8.260489999999553,0.45209799999991196
8.262159999999554,0.45243199999991246
8.263829999999555,0.4527659999999125
8.265499999999555,0.4530999999999126
8.267169999999556,0.45343399999991263
8.268839999999557,0.4537679999999127
8.270509999999557,0.4541019999999132
8.272179999999558,0.45443599999991324
8.273849999999559,0.4547699999999133
8.27551999999956,0.45510399999991336
8.27718999999956,0.4554379999999134
8.278859999999561,0.4557719999999139
8.280529999999562,0.45610599999991397
8.282199999999563,0.456439999999914
8.283869999999563,0.4567739999999141
8.285539999999564,0.45710799999991414
8.287209999999565,0.45744199999991464
8.288879999999565,0.4577759999999147
8.290549999999566,0.45810999999991475
8.292219999999567,0.4584439999999148
8.293889999999568,0.45877799999991487
8.295559999999568,0.45911199999991537
8.29722999999957,0.4594459999999154
8.29889999999957,0.4597799999999155
8.30056999999957,0.46011399999991553
8.302239999999571,0.4604479999999156
8.303909999999572,0.4607819999999161
8.305579999999573,0.46111599999991615
8.307249999999573,0.4614499999999162
8.308919999999574,0.46178399999991626
8.310589999999575,0.4621179999999163
8.312259999999576,0.4624519999999168
8.313929999999576,0.4627859999999169
8.315599999999577,0.46311999999991693
8.317269999999578,0.463453999999917
8.318939999999579,0.46378799999991704
8.32060999999958,0.46412199999991754
8.32227999999958,0.4644559999999176
8.32394999999958,0.46478999999991766
8.325619999999581,0.4651239999999177
8.327289999999582,0.46545799999991777
8.328959999999583,0.46579199999991827
8.330629999999584,0.46612599999991833
8.332299999999584,0.4664599999999184
8.333969999999585,0.46679399999991844
8.335639999999586,0.4671279999999185
8.337309999999587,0.467461999999919
8.338979999999587,0.46779599999991905
8.340649999999588,0.4681299999999191
8.342319999999589,0.46846399999991917
8.34398999999959,0.4687979999999192
8.34565999999959,0.4691319999999197
8.347329999999591,0.4694659999999198
8.348999999999592,0.46979999999991984
8.350669999999592,0.4701339999999199
8.352339999999593,0.47046799999991995
8.354009999999594,0.47080199999992045
8.355679999999595,0.4711359999999205
8.357349999999595,0.47146999999992056
8.359019999999596,0.4718039999999206
8.360689999999597,0.4721379999999207
8.362359999999597,0.4724719999999212
8.364029999999598,0.47280599999992123
8.365699999999599,0.4731399999999213
8.3673699999996,0.47347399999992135
8.3690399999996,0.4738079999999214
8.370709999999601,0.4741419999999219
8.372379999999602,0.47447599999992196
8.374049999999603,0.474809999999922
8.375719999999603,0.4751439999999221
8.377389999999604,0.47547799999992213
8.379059999999605,0.47581199999992263
8.380729999999605,0.4761459999999227
8.382399999999606,0.47647999999992274
8.384069999999607,0.4768139999999228
8.385739999999608,0.47714799999992286
8.387409999999608,0.47748199999992336
8.389079999999609,0.4778159999999234
8.39074999999961,0.47814999999992347
8.39241999999961,0.4784839999999235
8.394089999999611,0.4788179999999236
8.395759999999612,0.4791519999999241
8.397429999999613,0.47948599999992414
8.399099999999613,0.47981999999992464
8.400769999999614,0.4801539999999247
8.402439999999615,0.48048799999992475
8.404109999999616,0.48082199999992525
8.405779999999616,0.4811559999999253
8.407449999999617,0.48148999999992537
8.409119999999618,0.4818239999999254
8.410789999999619,0.4821579999999255
8.41245999999962,0.482491999999926
8.41412999999962,0.48282599999992604
8.41579999999962,0.4831599999999261
8.417469999999621,0.48349399999992615
8.419139999999622,0.4838279999999262
8.420809999999623,0.4841619999999267
8.422479999999624,0.48449599999992676
8.424149999999624,0.4848299999999268
8.425819999999625,0.4851639999999269
8.427489999999626,0.48549799999992693
8.429159999999627,0.485831999999927
8.430829999999627,0.4861659999999275
8.432499999999628,0.48649999999992755
8.434169999999629,0.4868339999999276
8.43583999999963,0.48716799999992766
8.43750999999963,0.4875019999999277
8.43917999999963,0.4878359999999282
8.440849999999632,0.4881699999999283
8.442519999999632,0.48850399999992833
8.444189999999633,0.4888379999999284
8.445859999999634,0.48917199999992844
8.447529999999634,0.48950599999992894
8.449199999999635,0.489839999999929
8.450869999999636,0.49017399999992906
8.452539999999637,0.4905079999999291
8.454209999999637,0.49084199999992917
8.455879999999638,0.49117599999992967
8.457549999999639,0.4915099999999297
8.45921999999964,0.4918439999999298
8.46088999999964,0.49217799999992984
8.462559999999641,0.4925119999999299
8.464229999999642,0.4928459999999304
8.465899999999642,0.49317999999993045
8.467569999999643,0.4935139999999305
8.469239999999644,0.49384799999993056
8.470909999999645,0.4941819999999306
8.472579999999645,0.4945159999999311
8.474249999999646,0.4948499999999312
8.475919999999647,0.49518399999993123
8.477589999999648,0.4955179999999313
8.479259999999648,0.49585199999993135
8.480929999999649,0.49618599999993185
8.48259999999965,0.4965199999999319
8.48426999999965,0.49685399999993196
8.485939999999651,0.497187999999932
8.487609999999652,0.4975219999999321
8.489279999999653,0.4978559999999326
8.490949999999653,0.49818999999993263
8.492619999999654,0.4985239999999327
8.494289999999655,0.49885799999993274
8.495959999999656,0.4991919999999328
8.497629999999656,0.4995259999999333
8.499299999999657,0.49985999999993336
8.500969999999658,0.5000000000000013
8.502639999999658,0.5000000000000013
8.50430999999966,0.5000000000000013
8.50597999999966,0.5000000000000013
8.50764999999966,0.5000000000000013
8.509319999999661,0.5000000000000013
8.510989999999662,0.5000000000000013
8.512659999999663,0.5000000000000013
8.514329999999664,0.5000000000000013
8.515999999999664,0.5000000000000013
8.517669999999665,0.5000000000000013
8.519339999999666,0.5000000000000013
8.521009999999666,0.5000000000000013
8.522679999999667,0.5000000000000013
8.524349999999668,0.5000000000000013
8.526019999999669,0.5000000000000013
8.52768999999967,0.5000000000000013
8.52935999999967,0.5000000000000013
8.53102999999967,0.5000000000000013
8.532699999999672,0.5000000000000013
8.534369999999672,0.5000000000000013
8.536039999999673,0.5000000000000013
8.537709999999674,0.5000000000000013
8.539379999999674,0.5000000000000013
8.541049999999675,0.5000000000000013
8.542719999999676,0.5000000000000013
8.544389999999677,0.5000000000000013
8.546059999999677,0.5000000000000013
8.547729999999678,0.5000000000000013
8.549399999999679,0.5000000000000013
8.55106999999968,0.5000000000000013
8.55273999999968,0.5000000000000013
8.554409999999681,0.5000000000000013
8.556079999999682,0.5000000000000013
8.557749999999682,0.5000000000000013
8.559419999999683,0.5000000000000013
8.561089999999684,0.5000000000000013
8.562759999999685,0.5000000000000013
8.564429999999685,0.5000000000000013
8.566099999999686,0.5000000000000013
8.567769999999687,0.5000000000000013
8.569439999999688,0.5000000000000013
8.571109999999688,0.5000000000000013
8.572779999999689,0.5000000000000013
8.57444999999969,0.5000000000000013
8.57611999999969,0.5000000000000013
8.577789999999691,0.5000000000000013
8.579459999999692,0.5000000000000013
8.581129999999693,0.5000000000000013
8.582799999999693,0.5000000000000013
8.584469999999694,0.5000000000000013
8.586139999999695,0.5000000000000013
8.587809999999696,0.5000000000000013
8.589479999999696,0.5000000000000013
8.591149999999697,0.5000000000000013
8.592819999999698,0.5000000000000013
8.594489999999698,0.5000000000000013
8.5961599999997,0.5000000000000013
8.5978299999997,0.5000000000000013
8.5994999999997,0.5000000000000013
8.601169999999701,0.5000000000000013
8.602839999999702,0.5000000000000018
8.604509999999703,0.5000000000000018
8.606179999999704,0.5000000000000018
8.607849999999704,0.5000000000000018
8.609519999999705,0.5000000000000018
8.611189999999706,0.5000000000000018
8.612859999999706,0.5000000000000018
8.614529999999707,0.5000000000000018
8.616199999999708,0.5000000000000018
8.617869999999709,0.5000000000000018
8.61953999999971,0.5000000000000018
8.62120999999971,0.5000000000000018
8.62287999999971,0.5000000000000018
8.624549999999712,0.5000000000000018
8.626219999999712,0.5000000000000018
8.627889999999713,0.5000000000000018
8.629559999999714,0.5000000000000018
8.631229999999714,0.5000000000000018
8.632899999999715,0.5000000000000018
8.634569999999716,0.5000000000000018
8.636239999999717,0.5000000000000018
8.637909999999717,0.5000000000000018
8.639579999999718,0.5000000000000018
8.641249999999719,0.5000000000000018
8.64291999999972,0.5000000000000018
8.64458999999972,0.5000000000000018
8.646259999999721,0.5000000000000018
8.647929999999722,0.5000000000000018
8.649599999999722,0.5000000000000018
8.651269999999723,0.5000000000000018
8.652939999999724,0.5000000000000018
8.654609999999725,0.5000000000000018
8.656279999999725,0.5000000000000018
8.657949999999726,0.5000000000000018
8.659619999999727,0.5000000000000018
8.661289999999727,0.5000000000000018
8.662959999999728,0.5000000000000018
8.664629999999729,0.5000000000000018
8.66629999999973,0.5000000000000018
8.66796999999973,0.5000000000000018
8.669639999999731,0.5000000000000018
8.671309999999732,0.5000000000000018
8.672979999999733,0.5000000000000018
8.674649999999733,0.5000000000000018
8.676319999999734,0.5000000000000018
8.677989999999735,0.5000000000000018
8.679659999999735,0.5000000000000018
8.681329999999736,0.5000000000000018
8.682999999999737,0.5000000000000018
8.684669999999738,0.5000000000000018
8.686339999999738,0.5000000000000018
8.688009999999739,0.5000000000000018
8.68967999999974,0.5000000000000018
8.69134999999974,0.5000000000000018
8.693019999999741,0.5000000000000018
8.694689999999742,0.5000000000000018
8.696359999999743,0.5000000000000018
8.698029999999743,0.5000000000000018
8.699699999999744,0.5000000000000018
8.701369999999745,0.5000000000000018
8.703039999999746,0.5000000000000018
8.704709999999746,0.5000000000000018
8.706379999999747,0.5000000000000018
8.708049999999748,0.5000000000000018
8.709719999999749,0.5000000000000018
8.71138999999975,0.5000000000000018
8.71305999999975,0.5000000000000018
8.71472999999975,0.5000000000000018
8.716399999999751,0.5000000000000018
8.718069999999752,0.5000000000000018
8.719739999999753,0.5000000000000018
8.721409999999754,0.5000000000000018
8.723079999999754,0.5000000000000018
8.724749999999755,0.5000000000000018
8.726419999999756,0.5000000000000018
8.728089999999757,0.5000000000000018
8.729759999999757,0.5000000000000018
8.731429999999758,0.5000000000000018
8.733099999999759,0.5000000000000018
8.73476999999976,0.5000000000000018
8.73643999999976,0.5000000000000018
8.738109999999761,0.5000000000000018
8.739779999999762,0.5000000000000018
8.741449999999762,0.5000000000000018
8.743119999999763,0.5000000000000018
8.744789999999764,0.5000000000000018
8.746459999999765,0.5000000000000018
8.748129999999765,0.5000000000000018
8.749799999999766,0.5000000000000018
8.751469999999767,0.5000000000000018
8.753139999999767,0.5000000000000018
8.754809999999768,0.5000000000000018
8.756479999999769,0.5000000000000018
8.75814999999977,0.5000000000000018
8.75981999999977,0.5000000000000018
8.761489999999771,0.5000000000000018
8.763159999999772,0.5000000000000018
8.764829999999773,0.5000000000000018
8.766499999999773,0.5000000000000018
8.768169999999774,0.5000000000000018
8.769839999999775,0.5000000000000018
8.771509999999775,0.5000000000000018
8.773179999999776,0.5000000000000018
8.774849999999777,0.5000000000000018
8.776519999999778,0.5000000000000018
8.778189999999778,0.5000000000000018
8.779859999999779,0.5000000000000018
8.78152999999978,0.5000000000000018
8.78319999999978,0.5000000000000018
8.784869999999781,0.5000000000000018
8.786539999999782,0.5000000000000018
8.788209999999783,0.5000000000000018
8.789879999999783,0.5000000000000018
8.791549999999784,0.5000000000000018
8.793219999999785,0.5000000000000018
8.794889999999786,0.5000000000000018
8.796559999999786,0.5000000000000018
8.798229999999787,0.5000000000000018
8.799899999999788,0.5000000000000018
8.801569999999789,0.5000000000000018
8.80323999999979,0.5000000000000018
8.80490999999979,0.5000000000000018
8.80657999999979,0.5000000000000018
8.808249999999791,0.5000000000000018
8.809919999999792,0.5000000000000018
8.811589999999793,0.5000000000000018
8.813259999999794,0.5000000000000018
8.814929999999794,0.5000000000000018
8.816599999999795,0.5000000000000018
8.818269999999796,0.5000000000000018
8.819939999999796,0.5000000000000018
8.821609999999797,0.5000000000000018
8.823279999999798,0.5000000000000018
8.824949999999799,0.5000000000000018
8.8266199999998,0.5000000000000018
8.8282899999998,0.5000000000000018
8.8299599999998,0.5000000000000018
8.831629999999802,0.5000000000000018
8.833299999999802,0.5000000000000018
8.834969999999803,0.5000000000000018
8.836639999999804,0.5000000000000018
8.838309999999804,0.5000000000000018
8.839979999999805,0.5000000000000018
8.841649999999806,0.5000000000000018
8.843319999999807,0.5000000000000018
8.844989999999807,0.5000000000000018
8.846659999999808,0.5000000000000018
8.848329999999809,0.5000000000000018
8.84999999999981,0.5000000000000018
8.85166999999981,0.5000000000000018
8.853339999999811,0.5000000000000018
8.855009999999812,0.5000000000000018
8.856679999999812,0.5000000000000018
8.858349999999813,0.5000000000000018
8.860019999999814,0.5000000000000018
8.861689999999815,0.5000000000000018
8.863359999999815,0.5000000000000018
8.865029999999816,0.5000000000000018
8.866699999999817,0.5000000000000018
8.868369999999818,0.5000000000000018
8.870039999999818,0.5000000000000018
8.871709999999819,0.5000000000000018
8.87337999999982,0.5000000000000018
8.87504999999982,0.5000000000000018
8.876719999999821,0.5000000000000018
8.878389999999822,0.5000000000000018
8.880059999999823,0.5000000000000018
8.881729999999823,0.5000000000000018
8.883399999999824,0.5000000000000018
8.885069999999825,0.5000000000000018
8.886739999999826,0.5000000000000018
8.888409999999826,0.5000000000000018
8.890079999999827,0.5000000000000018
8.891749999999828,0.5000000000000018
8.893419999999828,0.5000000000000018
8.89508999999983,0.5000000000000018
8.89675999999983,0.5000000000000018
8.89842999999983,0.5000000000000018
8.900099999999831,0.5000000000000018
8.901769999999832,0.5000000000000018
8.903439999999833,0.5000000000000018
8.905109999999834,0.5000000000000018
8.906779999999834,0.5000000000000018
8.908449999999835,0.5000000000000018
8.910119999999836,0.5000000000000018
8.911789999999836,0.5000000000000018
8.913459999999837,0.5000000000000018
8.915129999999838,0.5000000000000018
8.916799999999839,0.5000000000000018
8.91846999999984,0.5000000000000018
8.92013999999984,0.5000000000000018
8.92180999999984,0.5000000000000018
8.923479999999842,0.5000000000000018
8.925149999999842,0.5000000000000018
8.926819999999843,0.5000000000000018
8.928489999999844,0.5000000000000018
8.930159999999844,0.5000000000000018
8.931829999999845,0.5000000000000018
8.933499999999846,0.5000000000000018
8.935169999999847,0.5000000000000018
8.936839999999847,0.5000000000000018
8.938509999999848,0.5000000000000018
8.940179999999849,0.5000000000000018
8.94184999999985,0.5000000000000018
8.94351999999985,0.5000000000000018
8.945189999999851,0.5000000000000018
8.946859999999852,0.5000000000000018
8.948529999999852,0.5000000000000018
8.950199999999853,0.5000000000000018
8.951869999999854,0.5000000000000018
8.953539999999855,0.5000000000000018
8.955209999999855,0.5000000000000018
8.956879999999856,0.5000000000000018
8.958549999999857,0.5000000000000018
8.960219999999858,0.5000000000000018
8.961889999999858,0.5000000000000018
8.963559999999859,0.5000000000000018
8.96522999999986,0.5000000000000018
8.96689999999986,0.5000000000000018
8.968569999999861,0.5000000000000018
8.970239999999862,0.5000000000000018
8.971909999999863,0.5000000000000018
8.973579999999863,0.5000000000000018
8.975249999999864,0.5000000000000018
8.976919999999865,0.5000000000000018
8.978589999999866,0.5000000000000018
8.980259999999866,0.5000000000000018
8.981929999999867,0.5000000000000018
8.983599999999868,0.5000000000000018
8.985269999999868,0.5000000000000018
8.98693999999987,0.5000000000000018
8.98860999999987,0.5000000000000018
8.99027999999987,0.5000000000000018
8.991949999999871,0.5000000000000018
8.993619999999872,0.5000000000000018
8.995289999999873,0.5000000000000018
8.996959999999874,0.5000000000000018
8.998629999999874,0.5000000000000018
9.000299999999875,0.5000000000000018
9.001969999999876,0.5000000000000013
9.003639999999876,0.5000000000000013
9.005309999999877,0.5000000000000013
9.006979999999878,0.5000000000000013
9.008649999999879,0.5000000000000013
9.01031999999988,0.5000000000000013
9.01198999999988,0.5000000000000013
9.01365999999988,0.5000000000000013
9.015329999999881,0.5000000000000013
9.016999999999882,0.5000000000000013
9.018669999999883,0.5000000000000013
9.020339999999884,0.5000000000000013
9.022009999999884,0.5000000000000013
9.023679999999885,0.5000000000000013
9.025349999999886,0.5000000000000013
9.027019999999887,0.5000000000000013
9.028689999999887,0.5000000000000013
9.030359999999888,0.5000000000000013
9.032029999999889,0.5000000000000013
9.03369999999989,0.5000000000000013
9.03536999999989,0.5000000000000013
9.037039999999891,0.5000000000000013
9.038709999999892,0.5000000000000013
9.040379999999892,0.5000000000000013
9.042049999999893,0.5000000000000013
9.043719999999894,0.5000000000000013
9.045389999999895,0.5000000000000013
9.047059999999895,0.5000000000000013
9.048729999999896,0.5000000000000013
9.050399999999897,0.5000000000000013
9.052069999999897,0.5000000000000013
9.053739999999898,0.5000000000000013
9.055409999999899,0.5000000000000013
9.0570799999999,0.5000000000000013
9.0587499999999,0.5000000000000013
9.060419999999901,0.5000000000000013
9.062089999999902,0.5000000000000013
9.063759999999903,0.5000000000000013
9.065429999999903,0.5000000000000013
9.067099999999904,0.5000000000000013
9.068769999999905,0.5000000000000013
9.070439999999905,0.5000000000000013
9.072109999999906,0.5000000000000013
9.073779999999907,0.5000000000000013
9.075449999999908,0.5000000000000013
9.077119999999908,0.5000000000000013
9.078789999999909,0.5000000000000013
9.08045999999991,0.5000000000000013
9.08212999999991,0.5000000000000013
9.083799999999911,0.5000000000000013
9.085469999999912,0.5000000000000013
9.087139999999913,0.5000000000000013
9.088809999999913,0.5000000000000013
9.090479999999914,0.5000000000000013
9.092149999999915,0.5000000000000013
9.093819999999916,0.5000000000000013
9.095489999999916,0.5000000000000013
9.097159999999917,0.5000000000000013
9.098829999999918,0.5000000000000013
9.100499999999919,0.5000000000000013
9.10216999999992,0.5000000000000013
9.10383999999992,0.5000000000000013
9.10550999999992,0.5000000000000013
9.107179999999921,0.5000000000000013
9.108849999999922,0.5000000000000013
9.110519999999923,0.5000000000000013
9.112189999999924,0.5000000000000013
9.113859999999924,0.5000000000000013
9.115529999999925,0.5000000000000013
9.117199999999926,0.5000000000000013
9.118869999999927,0.5000000000000013
9.120539999999927,0.5000000000000013
9.122209999999928,0.5000000000000013
9.123879999999929,0.5000000000000013
9.12554999999993,0.5000000000000013
9.12721999999993,0.5000000000000013
9.128889999999931,0.5000000000000013
9.130559999999932,0.5000000000000013
9.132229999999932,0.5000000000000013
9.133899999999933,0.5000000000000013
9.135569999999934,0.5000000000000013
9.137239999999935,0.5000000000000013
9.138909999999935,0.5000000000000013
9.140579999999936,0.5000000000000013
9.142249999999937,0.5000000000000013
9.143919999999937,0.5000000000000013
9.145589999999938,0.5000000000000013
9.147259999999939,0.5000000000000013
9.14892999999994,0.5000000000000013
9.15059999999994,0.5000000000000013
9.152269999999941,0.5000000000000013
9.153939999999942,0.5000000000000013
9.155609999999943,0.5000000000000013
9.157279999999943,0.5000000000000013
9.158949999999944,0.5000000000000013
9.160619999999945,0.5000000000000013
9.162289999999945,0.5000000000000013
9.163959999999946,0.5000000000000013
9.165629999999947,0.5000000000000013
9.167299999999948,0.5000000000000013
9.168969999999948,0.5000000000000013
9.170639999999949,0.5000000000000013
9.17230999999995,0.5000000000000013
9.17397999999995,0.5000000000000013
9.175649999999951,0.5000000000000013
9.177319999999952,0.5000000000000013
9.178989999999953,0.5000000000000013
9.180659999999953,0.5000000000000013
9.182329999999954,0.5000000000000013
9.183999999999955,0.5000000000000013
9.185669999999956,0.5000000000000013
9.187339999999956,0.5000000000000013
9.189009999999957,0.5000000000000013
9.190679999999958,0.5000000000000013
9.192349999999958,0.5000000000000013
9.19401999999996,0.5000000000000013
9.19568999999996,0.5000000000000013
9.19735999999996,0.5000000000000013
9.199029999999961,0.5000000000000013
9.200699999999962,0.5000000000000013
9.202369999999963,0.5000000000000013
9.204039999999964,0.5000000000000013
9.205709999999964,0.5000000000000013
9.207379999999965,0.5000000000000013
9.209049999999966,0.5000000000000013
9.210719999999966,0.5000000000000013
9.212389999999967,0.5000000000000013
9.214059999999968,0.5000000000000013
9.215729999999969,0.5000000000000013
9.21739999999997,0.5000000000000013
9.21906999999997,0.5000000000000013
9.22073999999997,0.5000000000000013
9.222409999999972,0.5000000000000013
9.224079999999972,0.5000000000000013
9.225749999999973,0.5000000000000013
9.227419999999974,0.5000000000000013
9.229089999999974,0.5000000000000013
9.230759999999975,0.5000000000000013
9.232429999999976,0.5000000000000013
9.234099999999977,0.5000000000000013
9.235769999999977,0.5000000000000013
9.237439999999978,0.5000000000000013
9.239109999999979,0.5000000000000013
9.24077999999998,0.5000000000000013
9.24244999999998,0.5000000000000013
9.244119999999981,0.5000000000000013
9.245789999999982,0.5000000000000013
9.247459999999982,0.5000000000000013
9.249129999999983,0.5000000000000013
9.250799999999984,0.5000000000000013
9.252469999999985,0.5000000000000013
9.254139999999985,0.5000000000000013
9.255809999999986,0.5000000000000013
9.257479999999987,0.5000000000000013
9.259149999999988,0.5000000000000013
9.260819999999988,0.5000000000000013
9.262489999999989,0.5000000000000013
9.26415999999999,0.5000000000000013
9.26582999999999,0.5000000000000013
9.267499999999991,0.5000000000000013
9.269169999999992,0.5000000000000013
9.270839999999993,0.5000000000000013
9.272509999999993,0.5000000000000013
9.274179999999994,0.5000000000000013
9.275849999999995,0.5000000000000013
9.277519999999996,0.5000000000000013
9.279189999999996,0.5000000000000013
9.280859999999997,0.5000000000000013
9.282529999999998,0.5000000000000013
9.284199999999998,0.5000000000000013
9.28587,0.5000000000000013
9.28754,0.5000000000000013
9.28921,0.5000000000000013
9.290880000000001,0.5000000000000013
9.292550000000002,0.5000000000000013
9.294220000000003,0.5000000000000013
9.295890000000004,0.5000000000000013
9.297560000000004,0.5000000000000013
9.299230000000005,0.5000000000000013
9.300900000000006,0.5000000000000013
9.302570000000006,0.5000000000000013
9.304240000000007,0.5000000000000013
9.305910000000008,0.5000000000000013
9.307580000000009,0.5000000000000013
9.30925000000001,0.5000000000000013
9.31092000000001,0.5000000000000013
9.31259000000001,0.5000000000000013
9.314260000000012,0.5000000000000013
9.315930000000012,0.5000000000000013
9.317600000000013,0.5000000000000013
9.319270000000014,0.5000000000000013
9.320940000000014,0.5000000000000013
9.322610000000015,0.5000000000000013
9.324280000000016,0.5000000000000013
9.325950000000017,0.5000000000000013
9.327620000000017,0.5000000000000013
9.329290000000018,0.5000000000000013
9.330960000000019,0.5000000000000013
9.33263000000002,0.5000000000000013
9.33430000000002,0.5000000000000013
9.335970000000021,0.5000000000000013
9.337640000000022,0.5000000000000013
9.339310000000022,0.5000000000000013
9.340980000000023,0.5000000000000013
9.342650000000024,0.5000000000000013
9.344320000000025,0.5000000000000013
9.345990000000025,0.5000000000000013
9.347660000000026,0.5000000000000013
9.349330000000027,0.5000000000000013
9.351000000000028,0.5000000000000013
9.352670000000028,0.5000000000000013
9.354340000000029,0.5000000000000013
9.35601000000003,0.5000000000000013
9.35768000000003,0.5000000000000013
9.359350000000031,0.5000000000000013
9.361020000000032,0.5000000000000013
9.362690000000033,0.5000000000000013
9.364360000000033,0.5000000000000013
9.366030000000034,0.5000000000000013
9.367700000000035,0.5000000000000013
9.369370000000036,0.5000000000000013
9.371040000000036,0.5000000000000013
9.372710000000037,0.5000000000000013
9.374380000000038,0.5000000000000013
9.376050000000038,0.5000000000000013
9.37772000000004,0.5000000000000013
9.37939000000004,0.5000000000000013
9.38106000000004,0.5000000000000013
9.382730000000041,0.5000000000000013
9.384400000000042,0.5000000000000013
9.386070000000043,0.5000000000000013
9.387740000000043,0.5000000000000013
9.389410000000044,0.5000000000000013
9.391080000000045,0.5000000000000013
9.392750000000046,0.5000000000000013
9.394420000000046,0.5000000000000013
9.396090000000047,0.5000000000000013
9.397760000000048,0.5000000000000013
9.399430000000049,0.5000000000000018
9.40110000000005,0.5000000000000018
9.40277000000005,0.5000000000000018
9.40444000000005,0.5000000000000018
9.406110000000051,0.5000000000000018
9.407780000000052,0.5000000000000018
9.409450000000053,0.5000000000000018
9.411120000000054,0.5000000000000018
9.412790000000054,0.5000000000000018
9.414460000000055,0.5000000000000018
9.416130000000056,0.5000000000000018
9.417800000000057,0.5000000000000018
9.419470000000057,0.5000000000000018
9.421140000000058,0.5000000000000018
9.422810000000059,0.5000000000000018
9.42448000000006,0.5000000000000018
9.42615000000006,0.5000000000000018
9.427820000000061,0.5000000000000018
9.429490000000062,0.5000000000000018
9.431160000000062,0.5000000000000018
9.432830000000063,0.5000000000000018
9.434500000000064,0.5000000000000018
9.436170000000065,0.5000000000000018
9.437840000000065,0.5000000000000018
9.439510000000066,0.5000000000000018
9.441180000000067,0.5000000000000018
9.442850000000067,0.5000000000000018
9.444520000000068,0.5000000000000018
9.446190000000069,0.5000000000000018
9.44786000000007,0.5000000000000018
9.44953000000007,0.5000000000000018
9.451200000000071,0.5000000000000018
9.452870000000072,0.5000000000000018
9.454540000000073,0.5000000000000018
9.456210000000073,0.5000000000000018
9.457880000000074,0.5000000000000018
9.459550000000075,0.5000000000000018
9.461220000000075,0.5000000000000018
9.462890000000076,0.5000000000000018
9.464560000000077,0.5000000000000018
9.466230000000078,0.5000000000000018
9.467900000000078,0.5000000000000018
9.469570000000079,0.5000000000000018
9.47124000000008,0.5000000000000018
9.47291000000008,0.5000000000000018
9.474580000000081,0.5000000000000018
9.476250000000082,0.5000000000000018
9.477920000000083,0.5000000000000018
9.479590000000083,0.5000000000000018
9.481260000000084,0.5000000000000018
9.482930000000085,0.5000000000000018
9.484600000000086,0.5000000000000018
9.486270000000086,0.5000000000000018
9.487940000000087,0.5000000000000018
9.489610000000088,0.5000000000000018
9.491280000000089,0.5000000000000018
9.49295000000009,0.5000000000000018
9.49462000000009,0.5000000000000018
9.49629000000009,0.5000000000000018
9.497960000000091,0.5000000000000018
9.499630000000092,0.5000000000000018
9.501300000000093,0.4997399999999814
9.502970000000094,0.4994059999999809
9.504640000000094,0.4990719999999813
9.506310000000095,0.4987379999999808
9.507980000000096,0.4984039999999812
9.509650000000097,0.4980699999999807
9.511320000000097,0.4977359999999802
9.512990000000098,0.4974019999999806
9.514660000000099,0.4970679999999801
9.5163300000001,0.49673399999998047
9.5180000000001,0.49639999999997997
9.5196700000001,0.49606599999997947
9.521340000000102,0.49573199999997986
9.523010000000102,0.49539799999997935
9.524680000000103,0.49506399999997974
9.526350000000104,0.49472999999997924
9.528020000000105,0.49439599999997874
9.529690000000105,0.49406199999997913
9.531360000000106,0.49372799999997863
9.533030000000107,0.493393999999979
9.534700000000107,0.4930599999999785
9.536370000000108,0.492725999999978
9.538040000000109,0.4923919999999784
9.53971000000011,0.4920579999999779
9.54138000000011,0.4917239999999783
9.543050000000111,0.4913899999999778
9.544720000000112,0.4910559999999773
9.546390000000113,0.4907219999999777
9.548060000000113,0.4903879999999772
9.549730000000114,0.49005399999997756
9.551400000000115,0.48971999999997706
9.553070000000115,0.48938599999997656
9.554740000000116,0.48905199999997695
9.556410000000117,0.48871799999997645
9.558080000000118,0.48838399999997595
9.559750000000118,0.48804999999997634
9.561420000000119,0.48771599999997584
9.56309000000012,0.4873819999999762
9.56476000000012,0.4870479999999757
9.566430000000121,0.4867139999999752
9.568100000000122,0.4863799999999756
9.569770000000123,0.4860459999999751
9.571440000000123,0.4857119999999755
9.573110000000124,0.485377999999975
9.574780000000125,0.4850439999999745
9.576450000000126,0.4847099999999749
9.578120000000126,0.4843759999999744
9.579790000000127,0.48404199999997477
9.581460000000128,0.48370799999997427
9.583130000000128,0.48337399999997377
9.58480000000013,0.48303999999997416
9.58647000000013,0.48270599999997366
9.58814000000013,0.48237199999997404
9.589810000000131,0.48203799999997354
9.591480000000132,0.48170399999997304
9.593150000000133,0.48136999999997343
9.594820000000134,0.48103599999997293
9.596490000000134,0.4807019999999733
9.598160000000135,0.4803679999999728
9.599830000000136,0.4800339999999723
9.601500000000136,0.4796999999999727
9.603170000000137,0.47936599999997176
9.604840000000138,0.47903199999997215
9.606510000000139,0.47869799999997165
9.60818000000014,0.47836399999997115
9.60985000000014,0.47802999999997153
9.61152000000014,0.47769599999997103
9.613190000000142,0.4773619999999714
9.614860000000142,0.4770279999999709
9.616530000000143,0.4766939999999704
9.618200000000144,0.4763599999999708
9.619870000000144,0.4760259999999703
9.621540000000145,0.4756919999999707
9.623210000000146,0.4753579999999702
9.624880000000147,0.4750239999999697
9.626550000000147,0.4746899999999701
9.628220000000148,0.4743559999999696
9.629890000000149,0.47402199999996997
9.63156000000015,0.47368799999996947
9.63323000000015,0.47335399999996897
9.634900000000151,0.47301999999996935
9.636570000000152,0.47268599999996885
9.638240000000152,0.47235199999996924
9.639910000000153,0.47201799999996874
9.641580000000154,0.47168399999996824
9.643250000000155,0.4713499999999686
9.644920000000155,0.4710159999999681
9.646590000000156,0.4706819999999685
9.648260000000157,0.470347999999968
9.649930000000158,0.4700139999999675
9.651600000000158,0.4696799999999679
9.653270000000159,0.4693459999999674
9.65494000000016,0.4690119999999678
9.65661000000016,0.4686779999999673
9.658280000000161,0.4683439999999668
9.659950000000162,0.4680099999999672
9.661620000000163,0.4676759999999667
9.663290000000163,0.4673419999999662
9.664960000000164,0.46700799999996656
9.666630000000165,0.46667399999996606
9.668300000000166,0.46633999999996645
9.669970000000166,0.46600599999996595
9.671640000000167,0.46567199999996545
9.673310000000168,0.46533799999996583
9.674980000000168,0.46500399999996533
9.67665000000017,0.4646699999999657
9.67832000000017,0.4643359999999652
9.67999000000017,0.4640019999999647
9.681660000000171,0.4636679999999651
9.683330000000172,0.4633339999999646
9.685000000000173,0.462999999999965
9.686670000000174,0.4626659999999645
9.688340000000174,0.462331999999964
9.690010000000175,0.4619979999999644
9.691680000000176,0.4616639999999639
9.693350000000176,0.46132999999996427
9.695020000000177,0.46099599999996377
9.696690000000178,0.46066199999996327
9.698360000000179,0.46032799999996366
9.70003000000018,0.45999399999996315
9.70170000000018,0.45965999999996354
9.70337000000018,0.45932599999996304
9.705040000000182,0.45899199999996254
9.706710000000182,0.45865799999996293
9.708380000000183,0.45832399999996243
9.710050000000184,0.4579899999999628
9.711720000000184,0.4576559999999623
9.713390000000185,0.4573219999999618
9.715060000000186,0.4569879999999622
9.716730000000187,0.4566539999999617
9.718400000000187,0.4563199999999621
9.720070000000188,0.4559859999999616
9.721740000000189,0.4556519999999611
9.72341000000019,0.4553179999999615
9.72508000000019,0.454983999999961
9.726750000000191,0.45464999999996136
9.728420000000192,0.45431599999996086
9.730090000000192,0.45398199999996036
9.731760000000193,0.45364799999996075
9.733430000000194,0.45331399999996025
9.735100000000195,0.45297999999996064
9.736770000000195,0.45264599999996014
9.738440000000196,0.45231199999995964
9.740110000000197,0.45197799999996
9.741780000000198,0.4516439999999595
9.743450000000198,0.4513099999999599
9.745120000000199,0.4509759999999594
9.7467900000002,0.4506419999999589
9.7484600000002,0.4503079999999593
9.750130000000201,0.4499739999999588
9.751800000000202,0.4496399999999592
9.753470000000203,0.4493059999999587
9.755140000000203,0.4489719999999582
9.756810000000204,0.44863799999995857
9.758480000000205,0.44830399999995807
9.760150000000205,0.44796999999995846
9.761820000000206,0.44763599999995796
9.763490000000207,0.44730199999995746
9.765160000000208,0.44696799999995784
9.766830000000208,0.44663399999995734
9.76850000000021,0.44629999999995773
9.77017000000021,0.44596599999995723
9.77184000000021,0.44563199999995673
9.773510000000211,0.4452979999999571
9.775180000000212,0.4449639999999566
9.776850000000213,0.444629999999957
9.778520000000213,0.4442959999999565
9.780190000000214,0.443961999999956
9.781860000000215,0.4436279999999564
9.783530000000216,0.4432939999999559
9.785200000000216,0.4429599999999554
9.786870000000217,0.4426259999999558
9.788540000000218,0.4422919999999553
9.790210000000219,0.44195799999995566
9.79188000000022,0.44162399999995516
9.79355000000022,0.44128999999995466
9.79522000000022,0.44095599999995505
9.796890000000221,0.44062199999995455
9.798560000000222,0.4402879999999545
9.800230000000223,0.439953999999954
9.801900000000224,0.4396199999999535
9.803570000000224,0.4392859999999539
9.805240000000225,0.4389519999999534
9.806910000000226,0.43861799999995377
9.808580000000227,0.43828399999995327
9.810250000000227,0.43794999999995277
9.811920000000228,0.43761599999995315
9.813590000000229,0.43728199999995265
9.81526000000023,0.43694799999995304
9.81693000000023,0.43661399999995254
9.818600000000231,0.43627999999995204
9.820270000000232,0.4359459999999524
9.821940000000232,0.4356119999999519
9.823610000000233,0.4352779999999523
9.825280000000234,0.4349439999999518
9.826950000000235,0.4346099999999513
9.828620000000235,0.4342759999999517
9.830290000000236,0.4339419999999512
9.831960000000237,0.4336079999999516
9.833630000000237,0.4332739999999511
9.835300000000238,0.4329399999999506
9.836970000000239,0.432605999999951
9.83864000000024,0.4322719999999505
9.84031000000024,0.43193799999995086
9.841980000000241,0.43160399999995036
9.843650000000242,0.43126999999994986
9.845320000000243,0.43093599999995025
9.846990000000243,0.43060199999994975
9.848660000000244,0.43026799999995013
9.850330000000245,0.42993399999994963
9.852000000000245,0.42959999999994913
9.853670000000246,0.4292659999999495
9.855340000000247,0.428931999999949
9.857010000000248,0.4285979999999494
9.858680000000248,0.4282639999999489
9.860350000000249,0.4279299999999484
9.86202000000025,0.4275959999999488
9.86369000000025,0.4272619999999483
9.865360000000251,0.4269279999999487
9.867030000000252,0.4265939999999482
9.868700000000253,0.4262599999999477
9.870370000000253,0.42592599999994807
9.872040000000254,0.42559199999994757
9.873710000000255,0.42525799999994796
9.875380000000256,0.42492399999994745
9.877050000000256,0.42458999999994695
9.878720000000257,0.42425599999994734
9.880390000000258,0.42392199999994684
9.882060000000259,0.42358799999994723
9.88373000000026,0.42325399999994673
9.88540000000026,0.42291999999994623
9.88707000000026,0.4225859999999466
9.888740000000261,0.4222519999999461
9.890410000000262,0.4219179999999456
9.892080000000263,0.421583999999946
9.893750000000264,0.4212499999999455
9.895420000000264,0.4209159999999459
9.897090000000265,0.4205819999999454
9.898760000000266,0.4202479999999449
9.900430000000267,0.4199139999999453
9.902100000000267,0.4195799999999448
9.903770000000268,0.41924599999994516
9.905440000000269,0.41891199999994466
9.90711000000027,0.41857799999994416
9.90878000000027,0.41824399999994455
9.91045000000027,0.41790999999994405
9.912120000000272,0.41757599999994444
9.913790000000272,0.41724199999994394
9.915460000000273,0.41690799999994343
9.917130000000274,0.4165739999999438
9.918800000000275,0.4162399999999433
9.920470000000275,0.4159059999999437
9.922140000000276,0.4155719999999432
9.923810000000277,0.4152379999999427
9.925480000000277,0.4149039999999431
9.927150000000278,0.4145699999999426
9.928820000000279,0.414235999999943
9.93049000000028,0.4139019999999425
9.93216000000028,0.413567999999942
9.933830000000281,0.41323399999994237
9.935500000000282,0.41289999999994187
9.937170000000282,0.41256599999994226
9.938840000000283,0.41223199999994176
9.940510000000284,0.41189799999994126
9.942180000000285,0.41156399999994164
9.943850000000285,0.41122999999994114
9.945520000000286,0.41089599999994153
9.947190000000287,0.41056199999994103
9.948860000000288,0.41022799999994053
9.950530000000288,0.4098939999999409
9.952200000000289,0.4095599999999404
9.95387000000029,0.4092259999999408
9.95554000000029,0.4088919999999403
9.957210000000291,0.4085579999999398
9.958880000000292,0.4082239999999402
9.960550000000293,0.4078899999999397
9.962220000000293,0.4075559999999401
9.963890000000294,0.4072219999999396
9.965560000000295,0.4068879999999391
9.967230000000296,0.40655399999993946
9.968900000000296,0.40621999999993896
9.970570000000297,0.40588599999993935
9.972240000000298,0.40555199999993885
9.973910000000298,0.40521799999993835
9.9755800000003,0.40488399999993874
9.9772500000003,0.40454999999993824
9.9789200000003,0.4042159999999386
9.980590000000301,0.4038819999999381
9.982260000000302,0.4035479999999376
9.983930000000303,0.403213999999938
9.985600000000304,0.4028799999999375
9.987270000000304,0.4025459999999379
9.988940000000305,0.4022119999999374
9.990610000000306,0.4018779999999369
9.992280000000306,0.4015439999999373
9.993950000000307,0.4012099999999368
9.995620000000308,0.40087599999993717
9.997290000000309,0.40054199999993667
9.99896000000031,0.40020799999993617
10.00063000000031,0.39987399999993656
10.00230000000031,0.39953999999993606
10.003970000000312,0.39920599999993556
10.005640000000312,0.39887199999993594
10.007310000000313,0.39853799999993544
10.008980000000314,0.39820399999993583
10.010650000000314,0.39786999999993533
10.012320000000315,0.39753599999993483
10.013990000000316,0.3972019999999352
10.015660000000317,0.3968679999999347
10.017330000000317,0.3965339999999351
10.019000000000318,0.3961999999999346
10.020670000000319,0.3958659999999341
10.02234000000032,0.3955319999999345
10.02401000000032,0.395197999999934
10.025680000000321,0.3948639999999344
10.027350000000322,0.3945299999999339
10.029020000000322,0.3941959999999334
10.030690000000323,0.39386199999993377
10.032360000000324,0.39352799999993326
10.034030000000325,0.39319399999993365
10.035700000000325,0.39285999999993315
10.037370000000326,0.39252599999993265
10.039040000000327,0.39219199999993304
10.040710000000328,0.39185799999993254
10.042380000000328,0.3915239999999329
10.044050000000329,0.3911899999999324
10.04572000000033,0.3908559999999319
10.04739000000033,0.3905219999999323
10.049060000000331,0.3901879999999318
10.050730000000332,0.3898539999999322
10.052400000000333,0.3895199999999317
10.054070000000333,0.3891859999999312
10.055740000000334,0.3888519999999316
10.057410000000335,0.3885179999999311
10.059080000000336,0.3881839999999315
10.060750000000336,0.38784999999993097
10.062420000000337,0.38751599999993047
10.064090000000338,0.38718199999993086
10.065760000000338,0.38684799999993036
10.06743000000034,0.38651399999993075
10.06910000000034,0.38617999999993025
10.07077000000034,0.38584599999992975
10.072440000000341,0.38551199999993013
10.074110000000342,0.38517799999992963
10.075780000000343,0.38484399999993
10.077450000000344,0.3845099999999295
10.079120000000344,0.384175999999929
10.080790000000345,0.3838419999999294
10.082460000000346,0.3835079999999289
10.084130000000346,0.3831739999999293
10.085800000000347,0.3828399999999288
10.087470000000348,0.3825059999999283
10.089140000000349,0.3821719999999287
10.09081000000035,0.3818379999999282
10.09248000000035,0.38150399999992857
10.09415000000035,0.38116999999992807
10.095820000000352,0.38083599999992757
10.097490000000352,0.38050199999992795
10.099160000000353,0.38016799999992745
10.100830000000354,0.37983399999992784
10.102500000000354,0.37949999999992734
10.104170000000355,0.37916599999992684
10.105840000000356,0.3788319999999272
10.107510000000357,0.3784979999999267
10.109180000000357,0.3781639999999262
10.110850000000358,0.3778299999999266
10.112520000000359,0.3774959999999261
10.11419000000036,0.3771619999999265
10.11586000000036,0.376827999999926
10.117530000000361,0.3764939999999255
10.119200000000362,0.3761599999999259
10.120870000000362,0.3758259999999254
10.122540000000363,0.3754919999999258
10.124210000000364,0.3751579999999253
10.125880000000365,0.3748239999999248
10.127550000000365,0.37448999999992516
10.129220000000366,0.37415599999992466
10.130890000000367,0.37382199999992505
10.132560000000367,0.37348799999992455
10.134230000000368,0.37315399999992405
10.135900000000369,0.37281999999992443
10.13757000000037,0.37248599999992393
10.13924000000037,0.3721519999999243
10.140910000000371,0.3718179999999238
10.142580000000372,0.3714839999999233
10.144250000000373,0.3711499999999237
10.145920000000373,0.3708159999999232
10.147590000000374,0.3704819999999236
10.149260000000375,0.3701479999999231
10.150930000000375,0.3698139999999226
10.152600000000376,0.369479999999923
10.154270000000377,0.3691459999999225
10.155940000000378,0.36881199999992287
10.157610000000378,0.36847799999992237
10.15928000000038,0.36814399999992187
10.16095000000038,0.36780999999992225
10.16262000000038,0.36747599999992175
10.164290000000381,0.36714199999992214
10.165960000000382,0.36680799999992164
10.167630000000383,0.36647399999992114
10.169300000000383,0.36613999999992153
10.170970000000384,0.365805999999921
10.172640000000385,0.3654719999999214
10.174310000000386,0.3651379999999209
10.175980000000386,0.3648039999999204
10.177650000000387,0.3644699999999208
10.179320000000388,0.3641359999999203
10.180990000000389,0.3638019999999207
10.18266000000039,0.3634679999999202
10.18433000000039,0.3631339999999197
10.18600000000039,0.3627999999999201
10.187670000000391,0.3624659999999196
10.189340000000392,0.36213199999991996
10.191010000000393,0.36179799999991946
10.192680000000394,0.36146399999991896
10.194350000000394,0.36112999999991935
10.196020000000395,0.36079599999991885
10.197690000000396,0.36046199999991924
10.199360000000397,0.36012799999991874
10.201030000000397,0.35979399999991823
10.202700000000398,0.3594599999999186
10.204370000000399,0.3591259999999181
10.2060400000004,0.3587919999999185
10.2077100000004,0.358457999999918
10.209380000000401,0.3581239999999175
10.211050000000402,0.3577899999999179
10.212720000000402,0.3574559999999174
10.214390000000403,0.3571219999999178
10.216060000000404,0.3567879999999173
10.217730000000405,0.3564539999999168
10.219400000000405,0.35611999999991717
10.221070000000406,0.35578599999991667
10.222740000000407,0.35545199999991706
10.224410000000407,0.35511799999991656
10.226080000000408,0.35478399999991606
10.227750000000409,0.35444999999991644
10.22942000000041,0.35411599999991594
10.23109000000041,0.35378199999991633
10.232760000000411,0.35344799999991583
10.234430000000412,0.35311399999991533
10.236100000000413,0.3527799999999157
10.237770000000413,0.3524459999999152
10.239440000000414,0.3521119999999156
10.241110000000415,0.3517779999999151
10.242780000000415,0.3514439999999146
10.244450000000416,0.351109999999915
10.246120000000417,0.3507759999999145
10.247790000000418,0.3504419999999149
10.249460000000418,0.3501079999999144
10.251130000000419,0.3497739999999139
10.25280000000042,0.34943999999991426
10.25447000000042,0.34910599999991376
10.256140000000421,0.34877199999991415
10.257810000000422,0.34843799999991365
10.259480000000423,0.34810399999991404
10.261150000000423,0.34776999999991354
10.262820000000424,0.34743599999991304
10.264490000000425,0.3471019999999134
10.266160000000426,0.3467679999999129
10.267830000000426,0.3464339999999133
10.269500000000427,0.3460999999999128
10.271170000000428,0.3457659999999123
10.272840000000429,0.3454319999999127
10.27451000000043,0.3450979999999122
10.27618000000043,0.3447639999999126
10.27785000000043,0.3444299999999121
10.279520000000431,0.3440959999999116
10.281190000000432,0.34376199999991197
10.282860000000433,0.34342799999991147
10.284530000000434,0.34309399999991186
10.286200000000434,0.34275999999991136
10.287870000000435,0.34242599999991086
10.289540000000436,0.34209199999991124
10.291210000000437,0.34175799999991074
10.292880000000437,0.34142399999991113
10.294550000000438,0.34108999999991063
10.296220000000439,0.34075599999991013
10.29789000000044,0.3404219999999105
10.29956000000044,0.34008799999991
10.30123000000044,0.3397539999999104
10.302900000000442,0.3394199999999099
10.304570000000442,0.3390859999999094
10.306240000000443,0.3387519999999098
10.307910000000444,0.3384179999999093
10.309580000000444,0.3380839999999097
10.311250000000445,0.3377499999999092
10.312920000000446,0.3374159999999087
10.314590000000447,0.33708199999990907
10.316260000000447,0.33674799999990856
10.317930000000448,0.33641399999990895
10.319600000000449,0.33607999999990845
10.32127000000045,0.33574599999990795
10.32294000000045,0.33541199999990834
10.324610000000451,0.33507799999990784
10.326280000000452,0.3347439999999082
10.327950000000452,0.3344099999999077
10.329620000000453,0.3340759999999072
10.331290000000454,0.3337419999999076
10.332960000000455,0.3334079999999071
10.334630000000455,0.3330739999999075
10.336300000000456,0.332739999999907
10.337970000000457,0.3324059999999065
10.339640000000458,0.3320719999999069
10.341310000000458,0.3317379999999064
10.342980000000459,0.3314039999999068
10.34465000000046,0.3310699999999063
10.34632000000046,0.33073599999990577
10.347990000000461,0.33040199999990616
10.349660000000462,0.33006799999990566
10.351330000000463,0.32973399999990605
10.353000000000463,0.32939999999990555
10.354670000000464,0.32906599999990505
10.356340000000465,0.32873199999990543
10.358010000000466,0.32839799999990493
10.359680000000466,0.3280639999999053
10.361350000000467,0.3277299999999048
10.363020000000468,0.3273959999999043
10.364690000000468,0.3270619999999047
10.36636000000047,0.3267279999999042
10.36803000000047,0.3263939999999046
10.36970000000047,0.3260599999999041
10.371370000000471,0.3257259999999036
10.373040000000472,0.325391999999904
10.374710000000473,0.3250579999999035
10.376380000000474,0.32472399999990387
10.378050000000474,0.32438999999990337
10.379720000000475,0.32405599999990287
10.381390000000476,0.32372199999990325
10.383060000000476,0.32338799999990275
10.384730000000477,0.32305399999990314
10.386400000000478,0.32271999999990264
10.388070000000479,0.32238599999990214
10.38974000000048,0.3220519999999025
10.39141000000048,0.321717999999902
10.39308000000048,0.3213839999999024
10.394750000000482,0.3210499999999019
10.396420000000482,0.3207159999999014
10.398090000000483,0.3203819999999018
10.399760000000484,0.3200479999999004
10.401430000000484,0.3197139999999008
10.403100000000485,0.3193799999999003
10.404770000000486,0.3190459999998998
10.406440000000487,0.3187119999999002
10.408110000000487,0.3183779999998997
10.409780000000488,0.3180439999999001
10.411450000000489,0.3177099999998996
10.41312000000049,0.31737599999989907
10.41479000000049,0.31704199999989946
10.416460000000491,0.31670799999989896
10.418130000000492,0.31637399999989935
10.419800000000492,0.31603999999989885
10.421470000000493,0.31570599999989923
10.423140000000494,0.31537199999989873
10.424810000000495,0.31503799999989823
10.426480000000495,0.3147039999998986
10.428150000000496,0.3143699999998981
10.429820000000497,0.3140359999998985
10.431490000000498,0.313701999999898
10.433160000000498,0.3133679999998975
10.434830000000499,0.3130339999998979
10.4365000000005,0.3126999999998974
10.4381700000005,0.3123659999998978
10.439840000000501,0.3120319999998973
10.441510000000502,0.3116979999998968
10.443180000000503,0.31136399999989717
10.444850000000503,0.31102999999989667
10.446520000000504,0.31069599999989705
10.448190000000505,0.31036199999989655
10.449860000000506,0.31002799999989605
10.451530000000506,0.30969399999989644
10.453200000000507,0.30935999999989594
10.454870000000508,0.30902599999989633
10.456540000000508,0.3086919999998958
10.45821000000051,0.3083579999998953
10.45988000000051,0.3080239999998957
10.46155000000051,0.3076899999998952
10.463220000000511,0.3073559999998956
10.464890000000512,0.3070219999998951
10.466560000000513,0.3066879999998946
10.468230000000514,0.306353999999895
10.469900000000514,0.3060199999998945
10.471570000000515,0.3056859999998949
10.473240000000516,0.3053519999998944
10.474910000000516,0.3050179999998939
10.476580000000517,0.30468399999989426
10.478250000000518,0.30434999999989376
10.479920000000519,0.30401599999989415
10.48159000000052,0.30368199999989365
10.48326000000052,0.30334799999989315
10.48493000000052,0.30301399999989354
10.486600000000522,0.30267999999989303
10.488270000000522,0.3023459999998934
10.489940000000523,0.3020119999998929
10.491610000000524,0.3016779999998924
10.493280000000524,0.3013439999998928
10.494950000000525,0.3010099999998923
10.496620000000526,0.3006759999998927
10.498290000000527,0.3003419999998922
10.499960000000527,0.3000079999998917
